3,02153333333332
3,45064799999999
1,94256533333336
2,36533600000002
1,11605600000002
1,12695466666667
3,36004266666666
2,95077333333336
1,41276
2,13386133333331
5,51212266666666
5,65445599999999
3,52352266666666
2,01218666666664
0,772016000000021
0,536149333333343
0,533546666666678
0,921669333333343
1,68376266666666
1,17250133333331
-0,89304
-1,85521333333336
-0,373157333333336
2,36192
1,24635200000001
-0,870592000000007
-1,49051466666667
-1,75745066666666
-1,99819733333334
-1,59657333333332
-1,55102666666668
0,619272000000007
0,022773333333357
1,23301333333332
1,40544
-0,0590480000000284
-2,99453066666669
-3,89033599999999
-2,33963466666667
-3,62697866666665
-2,08701333333336
-2,0152773333333
-1,99852266666666
-1,99022666666668
-2,4156
-2,22837066666666
-1,26993866666665
-0,865549333333343
0,576165333333329
1,62861866666669
1,73305066666666
2,10929866666669
1,85179733333334
3,19802666666664
3,16549333333332
3,06675466666667
2,99550666666668
2,16184
0,542168000000028
-0,843426666666679
-1,40804266666666
-0,905077333333336
-0,689869333333343
2,07009599999999
2,66724533333333
1,53459733333334
-0,74533866666665
-1,62764266666666
-3,03601066666666
-3,55410399999998
-1,94175199999997
-0,730373333333357
-2,63959200000001
-1,66521866666665
-0,937285333333329
0,576815999999986
2,00047466666664
1,68099733333334
1,59576
1,22764533333333
1,05717066666666
0,369253333333322
-0,838872000000007
-2,09823733333334
-3,16679466666664
-3,28716799999999
-1,89669333333336
-1,33777066666666
-2,08050666666664
-0,724354666666671
0,67474133333335
-0,120698666666686
-0,60869866666665
2,14345866666665
2,06586666666668
1,16501866666669
1,08563733333334
-0,864898666666685
-3,52319733333334
-3,68960533333333
-2,42731200000001
-1,30881599999999
-0,493530666666657
-0,375597333333336
-0,141032000000007
1,72524266666666
3,04024
2,45545333333332
0,6879173333333
1,525
0,300770666666657
-1,51003466666667
-0,953064000000014
0,0281413333333499
-0,0668559999999858
-0,144773333333357
0,980554666666671
1,35143466666667
-0,575514666666671
-0,882954666666671
-2,99632
-4,41444800000003
-3,93783466666667
-2,18607733333334
-0,0370879999999929
-0,174866666666679
-0,383567999999993
-1,50401599999999
0,423096000000021
3,22063733333334
2,95646666666668
2,48457066666669
2,78729333333332
3,03324533333333
2,94231466666667
0,321266666666678
-3,15849866666665
-4,25942666666668
-2,44585599999999
-0,647250666666657
-2,51808
0,0966240000000142
3,29481333333336
3,12433866666669
0,966402666666664
-0,0922320000000071
-0,0600239999999787
-0,612277333333336
-0,800970666666657
0,691333333333357
0,620085333333364
2,37395733333334
4,22852
3,96012
2,7744426666667
-1,62992
-2,04878666666664
-1,49165333333332
0,163642666666664
4,80810133333335
6,27063733333334
5,53766133333335
1,05879733333334
-0,78812
-0,572912000000007
-0,747127999999993
-1,32378133333331
-1,28718133333331
-0,743711999999972
-0,162666666666643
0,972909333333343
0,618783999999979
0,524925333333329
0,535661333333314
0,847493333333357
1,96062133333335
1,72312799999999
0,37201866666665
-0,34892
0,335906666666679
1,19088266666666
1,83211466666667
1,97965333333332
2,41429866666669
3,06138666666668
3,33206400000001
1,17884533333333
-0,241234666666671
-2,43024
-1,87522133333331
-0,269050666666657
-0,847655999999986
-2,19502400000001
-2,52117066666666
-2,73149866666665
-3,43064
-3,56890666666668
-4,25438400000001
-3,49391733333334
-2,48392
-1,71922400000001
-1,27888533333333
-1,89718133333331
-2,39185066666666
-1,80072
-1,7618426666667
-2,08278400000001
-1,77583200000001
-1,32801066666666
-2,64658666666664
-3,22372799999999
-3,21868533333333
-3,43112799999999
-3,12238666666668
-1,57201066666669
0,550789333333343
0,550626666666678
1,03212
0,606095999999986
-0,979415999999986
-1,82219200000001
-1,89685600000002
-2,45496533333333
-2,20576
-0,959407999999993
-0,307602666666664
-0,660914666666671
-0,0198453333333641
1,78998399999998
2,58672533333333
2,35199733333334
1,86432266666666
2,18786666666668
1,90482666666668
1,35436266666666
-0,0320453333333641
-1,65188
-0,221714666666671
1,44090133333331
1,525
0,378850666666657
-0,848957333333336
-1,00999733333334
-0,265146666666643
0,370391999999972
0,822767999999993
1,36233333333336
1,30881600000002
0,529154666666671
-0,0276533333333215
-1,36217066666666
-2,02373599999999
-2,03496
-0,67230133333335
0,80894133333335
0,414149333333307
-0,0600239999999787
0,636677333333336
0,575189333333343
0,659613333333322
0,674253333333321
0,26352
1,75989066666666
4,85592533333333
3,63982933333334
3,20176799999999
3,34036
3,86788799999999
2,66448
1,46806666666668
3,00705600000002
4,12002133333331
2,58168266666666
0,59536
-0,699792000000007
0,466365333333329
1,30149599999999
2,66594399999998
3,7089626666667
3,39485333333336
2,49579466666667
1,80722666666668
1,49246666666668
-0,488162666666664
-1,42252
-1,43472
-0,295565333333329
-0,81382133333335
-2,03430933333334
-1,79388799999999
-0,0712479999999929
-0,577141333333314
-0,298493333333357
-0,831551999999972
-2,31507200000001
-1,58469866666665
0,266122666666664
0,412847999999993
0,0876773333333357
-0,392514666666671
-0,567055999999986
-0,665306666666679
-0,909469333333343
0,444567999999993
1,34818133333331
0,615693333333321
-1,26896266666666
-1,95183733333334
-1,79730400000001
-0,670023999999979
-2,33475466666667
-1,49913599999999
-2,27896
-2,10897333333336
-0,655384000000014
0,146725333333329
0,555506666666643
1,42300799999999
2,59908799999999
3,43275466666667
3,9822426666667
3,62616533333336
0,0920693333333428
0,635863999999979
1,51995733333334
1,69336
3,24487466666667
2,38713333333332
0,330701333333314
0,909469333333343
1,00430400000001
2,42910133333335
1,55785866666665
1,68099733333334
1,34167466666664
1,22569333333336
1,88660799999999
2,99127733333334
2,18640266666666
0,191458666666686
-0,327610666666657
-2,25651200000001
-2,88879733333334
-1,37599733333334
-0,672626666666678
-1,19153333333332
-1,3784373333333
-1,74346133333331
-1,93410666666668
-2,09514666666668
-1,30686400000001
-0,0701093333333428
-1,37258133333331
-2,06098666666668
-1,36802666666664
-2,84617866666665
-4,66153866666669
-4,59972533333333
-2,54199200000001
-0,35868
0,512237333333336
-0,219437333333336
-1,18551466666667
-1,06172533333333
-1,64878933333331
-1,18681600000002
-1,2686373333333
-1,26701066666669
-0,982506666666643
-0,148189333333343
1,34492799999999
1,61544266666666
-2,84585333333332
-2,65358133333335
-0,959570666666657
1,23268799999999
0,652943999999979
0,596661333333314
-0,0971120000000071
0,593082666666664
1,5372
2,04683466666664
0,77592
-0,17568
-1,20828799999999
-1,93638400000001
-1,56290133333331
-0,108010666666657
-0,237330666666657
-0,151117333333336
1,12516533333333
1,43504533333333
0,326146666666643
-0,762093333333357
-0,170149333333307
3,14548533333333
3,84527733333334
3,24959200000001
2,54736
1,39161333333332
2,23504
-0,103618666666686
-0,980554666666671
-2,97159466666667
-2,75427200000001
-0,930615999999986
-0,594384000000014
-0,0530293333333428
1,44513066666669
3,16110133333331
3,74735200000001
3,31888799999999
3,38688266666666
2,32174133333335
1,84236266666666
0,635376000000021
1,62194933333334
2,00470400000001
1,60129066666669
2,57306133333335
2,74451200000001
2,1228
2,48798666666668
2,24658933333331
0,991453333333357
0,245464000000014
-0,488975999999986
-1,59576
-1,34427733333334
-2,65520799999999
-2,59681066666666
-2,14557333333336
-0,493855999999986
0,374458666666686
0,676205333333364
2,23178666666668
2,52458666666668
1,68945599999999
1,15395733333334
0,939725333333329
1,53915200000001
1,33402933333331
2,47725066666669
2,50766933333334
3,24341066666666
3,26081599999999
3,76670933333334
2,62739200000001
2,86033066666666
2,21730933333331
1,07408799999999
2,79249866666665
3,31872533333333
1,60730933333334
-0,215045333333364
-1,31125599999999
-0,304674666666671
1,1323226666667
0,689544000000014
1,32085333333336
3,05357866666669
5,31936266666666
6,63126933333334
6,80711199999997
4,38679466666667
2,46700266666666
2,99989866666665
3,40900533333333
2,89579200000001
2,44325333333332
0,503290666666657
-0,168034666666671
1,06888266666666
2,01641600000002
-0,233751999999972
1,04269333333332
3,79176
3,52075733333334
2,35850399999998
1,25448533333333
1,43162933333331
2,26383200000001
2,54638400000001
1,25806399999998
2,05870933333334
3,74296
3,25398400000001
2,37688533333336
3,18143466666667
1,9886
1,45082400000001
2,22755733333334
1,99510666666668
2,17550400000001
1,17786933333334
0,115005333333329
3,74946666666668
1,79258666666664
0,752821333333314
-0,268887999999993
-0,228384000000014
-0,347130666666657
-0,664167999999993
0,146887999999993
0,335418666666686
0,282063999999979
-1,03765066666666
-2,41185866666669
-2,07269866666665
-1,24212266666666
0,368927999999993
0,892552000000007
0,528829333333343
-0,444405333333329
-1,05164
-1,46107200000001
-2,22284
-1,54565866666669
-0,942815999999986
-1,17689333333332
-0,974210666666657
-0,94428
-0,189831999999972
1,63284799999999
2,90392533333333
2,74955466666667
2,53109333333332
-1,04285599999999
0,498898666666686
1,06172533333333
2,11076266666666
2,75850133333331
2,09417066666666
1,44822133333331
1,13834133333335
-0,01708
-1,07473866666665
0,419354666666636
1,10954933333334
-0,931429333333343
-1,16274133333331
0,61488
1,55606933333334
-0,561362666666664
-0,907192000000007
-0,553717333333336
0,736066666666643
2,35638933333334
2,58103199999997
1,98583466666667
1,56290133333331
1,87066666666668
1,49799733333334
1,61739466666667
2,28497866666669
1,85391200000001
0,482632000000007
-0,2562
0,34404
1,48173066666666
5,28894400000001
6,56652799999999
4,91285866666665
3,14938933333331
1,05700799999999
0,463762666666664
1,65627200000001
1,36916533333333
-0,0956479999999929
0,838872000000007
0,442778666666686
-1,51410133333335
-2,11092533333333
-1,52337333333332
-1,21268
-1,94207733333334
-1,54012799999999
0,149653333333321
1,16973599999999
1,75614933333331
1,07604
0,441477333333336
0,64416
2,14345866666665
2,22706933333331
1,48286933333334
1,08824
4,65893599999999
5,86397066666666
1,58063200000001
1,83357866666665
0,740296000000021
0,326634666666671
-0,685152000000007
0,326797333333336
1,06530399999998
0,865549333333343
1,10288
1,13785333333332
2,14313333333332
3,96256
1,77518133333331
1,68620266666666
0,375434666666671
-0,940376000000021
-0,377712000000007
0,429765333333329
1,08222133333335
1,79144799999999
2,36468533333333
1,81178133333335
-0,71248
-1,54403200000001
0,0476613333333499
0,719962666666664
0,0416426666666998
-0,237330666666657
0,167546666666643
-0,137127999999993
-0,282226666666679
0,947695999999986
0,588853333333321
1,12174933333334
3,40786666666664
4,52701333333332
4,70009066666669
3,77175199999997
3,60859733333334
4,48764800000003
4,13417333333336
2,86618666666668
2,58688799999999
3,41469866666665
2,50213866666669
-0,0060186666666501
-0,882954666666671
0,0359493333333428
1,10239200000001
1,70751199999997
1,00186400000001
-0,632773333333321
-0,750055999999986
-0,48068
-0,248392000000007
-0,335093333333357
-0,706298666666686
-0,288245333333329
0,67344
2,16184
1,72735733333334
0,84554133333335
4,46812800000003
1,61316533333333
0,703208000000028
3,02511199999997
2,14297066666666
-0,248392000000007
0,514514666666671
1,20942666666664
2,19095733333334
2,46358666666668
2,46651466666667
0,317687999999993
-2,08115733333334
-2,35606400000001
-0,902474666666636
-1,48742400000001
-3,85894133333331
-4,00957066666666
-3,39794400000001
-3,40347466666667
-3,94206399999998
-3,97573600000002
-2,88391733333334
-2,0862
-1,59787466666667
-1,59055466666667
0,0491253333333286
2,45333866666665
2,57842933333334
1,84447733333334
1,33240266666666
0,88929866666665
0,144610666666657
-0,2684
-1,15037866666669
-2,03642399999998
-2,65618400000001
-3,91489866666669
-4,10456800000003
-3,75776266666666
-2,80990400000001
-1,45928266666666
-1,85537599999999
-1,78429066666669
-1,86838933333331
-1,04090399999998
-1,13980533333333
-1,21642133333335
-1,39633066666666
-1,33484266666666
-1,72979733333334
-1,89750666666668
-2,15565866666669
-2,14736266666666
0,346805333333329
1,88107733333334
4,12034666666668
3,72766933333334
2,31246933333334
1,03098133333331
0,279298666666686
1,39502933333331
-2,36761333333332
-1,64927733333334
-0,539890666666657
-0,388773333333321
-0,322730666666657
0,331026666666678
1,31385866666665
1,04513333333336
2,10718400000001
1,93134133333335
2,20576
5,22094933333334
2,91498666666664
-1,77534400000001
-3,04674666666668
-2,33459200000001
-2,15809866666665
-1,27351733333334
-0,131109333333343
0,707762666666664
0,56721866666665
0,436109333333343
0,0092720000000071
-0,258314666666671
-0,201218666666686
0,657823999999979
1,14013066666666
0,162504000000014
0,394792000000007
1,60112799999999
2,99111466666667
