1,50092533333336
0,576165333333329
0,447658666666686
0,960709333333343
0,871567999999993
-0,866037333333336
-2,00665600000002
-2,34630400000001
-1,93231733333334
1,63122133333331
6,34513866666665
5,83062400000001
6,1366
7,44167466666667
3,52189600000002
1,97884
0,936797333333336
6,31244266666666
8,14585866666669
6,48812266666666
6,55156266666666
8,50226133333335
9,28777866666669
6,64623466666667
2,13857866666665
-0,648714666666671
0,870754666666671
2,40437599999999
-1,78282666666664
-7,06087200000001
-8,56570133333331
-7,90072
-7,82817066666669
-6,86193066666669
-6,01899199999997
-7,36001599999999
-5,61655466666667
-4,34254933333334
-4,01672799999999
-4,03299466666667
-1,58225866666665
-1,43699733333334
-2,30189599999999
-4,30952799999999
-5,44315199999997
-4,20721066666669
-3,58484799999999
-3,52043200000001
-3,74816533333333
-3,41437333333332
-1,26993866666669
-1,24114666666664
-0,898407999999993
-0,324682666666664
-2,40974399999998
-3,46512533333333
-1,01211200000001
-1,70002933333334
-0,569983999999979
1,59201866666665
2,18038400000001
3,50286400000001
6,82240266666666
6,18247200000001
7,06786666666668
4,38972266666666
1,23398933333334
-1,55802133333335
-2,135
-1,68408800000003
-1,74525066666666
-2,41169600000002
-0,956317333333336
-0,68076
-0,844727999999993
-0,0239119999999716
0,0474986666666501
0,163317333333336
2,88098933333334
4,69586133333331
4,74840266666666
9,31575733333333
8,39067200000001
5,70032799999999
6,13367200000001
6,44322666666668
7,33089866666668
5,73253600000002
3,6356
2,91075733333334
3,75418399999998
3,48318133333331
1,80982933333334
-0,360144000000014
-2,85349866666665
-4,67178666666668
-4,63095733333334
-3,67089866666669
-2,82340533333333
-3,46561333333332
-2,44357866666665
-0,492066666666643
0,412197333333336
-0,391376000000021
-1,54744799999999
-1,5788426666667
-0,554205333333364
0,616018666666686
-0,23293866666665
-0,495482666666664
2,11645599999999
3,51636533333333
1,80120799999999
0,448309333333343
-1,69287200000001
-0,803573333333357
-0,692472000000007
-1,59283200000001
-2,04162933333334
-2,59290666666668
-0,976975999999986
-1,42479733333334
-1,42707466666667
-2,01462666666664
-1,74118400000001
-0,604794666666671
-0,25864
0,437085333333329
0,643672000000007
1,04724799999999
2,50653066666666
2,60575733333334
3,04137866666665
3,3794
2,36338400000001
5,28032266666666
3,77858400000001
1,84122400000001
0,978927999999993
0,26108
-0,289709333333343
-0,494181333333314
3,66927200000001
5,82037599999999
2,52930400000001
4,10229066666669
6,75115466666667
6,41166933333331
2,57875466666667
0,591293333333321
3,75255733333334
3,87390666666668
2,14410933333334
2,43430666666664
3,31758666666668
2,90571466666667
1,67172533333333
2,58526133333335
3,05406666666668
3,07098399999998
3,52645066666666
2,93776
2,10100266666666
5,00297599999999
6,35994133333331
5,70894933333331
7,81483200000001
8,86061599999999
7,74634933333334
5,15376799999999
2,70140533333336
1,64586133333331
3,28635466666667
4,58557333333332
3,74816533333333
4,64803733333334
4,79752799999999
1,82560800000003
0,70272
2,63536266666666
4,23307466666667
5,83745600000002
4,06959466666667
4,92522133333335
7,21833333333336
9,34341066666666
9,20953599999999
6,26169066666666
2,4959573333333
2,53174399999998
3,15182933333334
4,55482933333334
3,60144
4,29196
5,73334933333334
4,98426933333334
4,68333599999999
3,95019733333334
3,47146933333334
4,12848
6,80125599999998
8,02499733333334
5,57458666666668
5,95034666666668
7,40214666666668
7,13179466666664
8,39181066666666
7,4786
9,03483200000001
11,274752
7,68372266666666
7,03614666666664
2,73003466666667
3,27415466666667
4,37849866666669
4,03022933333334
2,20380800000003
1,13053333333332
1,94956
0,096786666666643
-0,0045546666666714
3,19070666666668
3,53637333333332
4,57597599999999
2,92767466666667
0,183650666666657
-0,526064000000014
-2,26985066666666
-2,94947199999997
-2,20299466666667
0,272792000000007
1,36152
2,45024799999999
4,38386666666668
6,65648266666666
4,43624533333333
3,37435733333334
2,07839200000001
0,774944000000014
-2,62950666666664
-0,911746666666643
2,59355733333334
-1,01748
-3,02673866666669
-2,20510933333334
-2,94670666666664
-5,74587466666667
-8,70998666666668
-7,82670666666668
-5,72928266666666
-5,71204
-5,07292266666666
-3,22031199999997
-3,12645333333332
-3,15866133333331
-2,56655466666667
1,01471466666667
1,82528266666666
1,71743466666667
0,880026666666679
1,47392266666666
8,32918400000001
4,99191466666667
3,83925866666665
1,77420533333333
-0,16104
2,82356799999999
5,88690666666664
4,52050666666668
3,66211466666667
5,10496799999999
7,00052266666666
7,87843466666667
8,00531466666667
6,43818399999998
4,44763199999997
4,14295733333334
3,24373599999999
1,67709333333332
0,405528000000028
0,139730666666693
2,19063199999997
0,911258666666686
-1,23415200000001
-2,60250400000001
-2,02194666666668
-0,390237333333336
0,698653333333357
3,20583466666667
4,26560799999999
0,407642666666664
0,205936000000021
0,0824720000000071
1,13671466666667
2,15126666666668
0,0102480000000284
-2,43967466666667
-2,10246666666668
-5,46462399999998
-2,91270933333334
-2,28872
-3,60485599999999
-5,46999200000001
-6,01394933333334
-5,83094933333331
-5,71822133333335
-4,39297599999999
-3,88724533333333
-2,63650133333335
-0,41837866666665
1,92304533333333
1,40853066666666
1,39649333333336
2,64430933333331
2,62446399999998
2,60738400000001
2,87171733333334
2,11076266666666
0,0779173333333357
-0,8906
-0,276207999999993
2,2742426666667
5,61346400000001
7,12414933333334
5,71106400000001
2,31344533333333
0,453026666666678
-2,19063200000001
-3,74897866666665
-4,01249866666669
-2,24577599999999
0,885882666666664
2,21194133333335
2,48489599999999
1,29645333333336
-0,0761279999999929
-0,145586666666678
-0,752984000000014
-0,832690666666657
-0,605770666666657
-0,347455999999986
3,20176800000003
5,26747200000001
5,06511466666667
1,20064266666666
1,10515733333334
1,97282133333331
0,939725333333329
0,435133333333357
1,55070133333331
1,80722666666668
0,470432000000007
-0,696213333333357
-0,119397333333336
1,93069066666666
2,78062399999998
1,95509066666669
2,37623466666667
2,3424
-1,09019200000001
-2,28074933333334
-0,623175999999986
-1,04204266666666
-2,37509599999999
-0,651154666666671
2,18168533333333
4,13287200000001
3,90953066666669
3,48985066666666
1,83244
1,87522133333335
0,981205333333329
0,366162666666664
2,95630400000001
4,19208266666666
3,69432266666666
4,24250933333331
4,75490933333334
2,58363466666664
-0,172589333333343
-1,97070666666668
-3,13784
-3,01649066666666
-2,12410133333331
-0,828624000000014
1,22439200000001
1,88888533333333
3,87065333333332
6,73309866666669
4,60249066666666
5,08642400000001
2,20494666666668
2,01625333333332
1,02138400000001
0,0556319999999716
0,495807999999993
1,14387200000001
3,57150933333331
4,09854933333334
-0,320453333333321
-1,97851466666667
-2,49856
-2,30531200000001
-2,27310399999998
-2,94605599999999
-1,21756
1,12679200000001
0,196013333333321
-1,21593333333332
0,787957333333336
0,124114666666636
-0,619434666666636
0,94558133333335
1,73500266666666
1,00739466666667
-0,201706666666643
0,131597333333336
1,93817333333332
2,79298666666664
3,04788533333333
2,82763466666667
1,13248533333333
1,99640799999999
2,78810666666668
3,58452266666666
4,05479200000001
3,07326133333335
3,12254933333331
4,12083466666667
2,88944799999999
0,213581333333314
3,1523173333333
1,25546133333331
-1,97021866666669
-1,27319200000001
-2,70417066666666
-2,85675200000001
-2,49546933333334
-2,02454933333334
-1,11394133333331
-1,69401066666666
-1,20064266666666
-0,451725333333364
-1,9786773333333
-1,51084799999999
-0,0889786666666856
3,20713600000002
2,65862400000001
0,993567999999993
-0,370229333333343
0,67213866666665
1,99315466666667
3,86642400000001
1,81910133333331
2,28920799999999
4,31701066666669
3,28700533333336
3,53962666666668
3,52189599999999
3,39225066666666
5,66925866666665
4,80484799999999
3,77923466666667
2,00763199999997
1,90108533333333
1,60242933333334
3,01079733333334
6,68348533333333
7,97326933333334
7,81271733333334
6,64363199999997
7,68128266666666
7,84541333333332
3,61738133333331
6,84680266666666
10,632544
10,153816
8,82580533333333
5,92204266666666
4,08439733333334
2,48196799999999
1,63154666666664
3,66227733333334
6,98100266666667
4,74791466666667
4,79508799999999
4,52489866666665
3,84381333333332
3,36687466666667
1,09572266666666
1,64114399999998
1,46237333333332
1,73435200000001
3,13816533333333
3,30392266666666
3,06935733333334
1,05310399999998
2,01788
1,79746666666668
0,733952000000007
-0,614066666666678
-0,765834666666671
-0,432530666666657
-1,34753066666669
-2,16476799999999
0,634725333333364
6,31114133333331
8,04695733333334
6,85021866666669
6,12049600000002
5,32700799999999
5,36312
7,10739466666667
5,08984
6,19922666666668
6,68673866666668
3,93832266666666
0,880189333333307
0,951112000000007
-0,11468
1,23675466666667
0,390074666666671
0,405527999999993
-0,24757866666665
-1,55802133333335
0,457418666666686
1,85537599999999
0,219112000000007
-3,96565066666669
-5,68715200000001
-5,13717600000002
-1,53752533333333
3,13068266666666
-0,131109333333343
-0,692309333333343
0,635376000000021
2,15208
1,77371733333334
1,50970933333334
1,08710133333331
-1,33012533333333
-3,83584266666666
-2,14476
1,73972
3,90822933333334
4,79622666666664
4,15824799999999
3,18924266666666
3,54564533333336
4,78174933333334
2,69408533333333
0,232775999999986
0,603656000000021
3,04268
1,20633599999999
-0,688730666666693
0,0710853333333286
1,82316799999999
2,32157866666665
1,81275733333334
0,0906053333333286
-0,964125333333329
-0,289384000000014
-0,591455999999986
-0,423583999999979
0,617970666666657
0,378525333333329
-0,524274666666671
-0,228058666666686
-0,155509333333343
-0,73330133333335
1,96615200000001
4,17988266666666
3,70945066666669
4,74921599999999
3,62762933333334
1,60844799999999
-0,232287999999993
-0,600890666666657
1,68734133333335
4,02437333333336
2,51954399999998
1,52190933333334
-0,91256
-0,220901333333314
0,724029333333343
-1,68002133333335
-2,50815733333334
-1,37241866666669
-1,24993066666666
-2,15874933333331
-2,72385333333332
-3,01518933333334
-2,51303733333334
-0,566730666666693
1,45879466666667
1,56273866666669
3,56549066666669
2,30368533333333
2,18477600000002
-0,0793813333333499
-3,01014666666664
-4,26577066666666
-3,69334666666668
-4,31701066666666
-5,16043733333334
-5,59101599999999
-4,34401333333336
-4,28935733333334
-3,76036533333333
2,84910666666668
1,68490133333335
3,25674933333334
5,57442399999998
7,28795466666663
7,39531466666667
7,25737333333332
6,62931733333334
7,41841333333332
3,50725599999999
0,770552000000007
1,30247199999997
1,08824
0,998122666666664
0,882304000000014
4,51481333333332
8,15415466666667
8,51316
7,47485866666669
6,53155466666664
1,01585333333332
-1,28018666666664
-1,88937333333332
-0,205285333333329
-0,170474666666636
-0,704346666666679
-1,42870133333335
-3,13751466666667
-4,10310399999998
-2,87236800000003
0,0222853333333286
0,157135999999986
2,61242666666668
0,7808
-1,00186399999998
2,49514400000001
6,72805599999999
6,47429599999999
2,31637333333336
0,48913866666665
1,10629599999999
2,89205066666666
1,42788799999999
-0,123789333333343
0,909306666666678
3,97541066666669
5,06527733333334
2,12231200000001
-0,215045333333329
1,52158399999998
3,88903466666667
6,31374399999998
6,29698933333334
5,46429866666669
2,16070133333331
0,402112000000007
3,52612533333333
4,27048799999999
3,64503466666667
2,12719200000001
0,948184000000014
0,73069866666665
2,81055466666667
2,43886133333335
5,69170666666664
5,40915466666667
3,51750400000001
2,97387200000001
5,48056533333336
5,36913866666665
1,64163200000001
-0,0854
-0,750869333333343
0,146562666666664
3,44560533333336
4,96962933333334
2,62771733333334
1,44480533333333
5,02851466666667
4,80273333333332
4,39720533333333
5,27804533333336
3,27643200000001
4,94734399999998
1,60112799999999
0,07076
1,74378666666664
2,61454133333335
4,52099466666667
5,91098133333331
3,22990933333334
6,76774666666668
11,254744
11,087848
8,05688
4,10066400000001
4,87788533333333
6,26803466666664
5,68975466666667
7,97717333333332
7,09096533333336
3,28912
0,52216
3,17622933333334
6,39540266666666
8,08258133333331
8,66801866666665
6,79881600000002
4,60444266666666
5,74701333333332
8,87070133333335
9,15016266666666
6,70202933333331
7,75610933333334
7,59604533333333
8,65045066666666
13,1899893333333
10,2985893333333
10,2751653333333
6,60768266666666
5,99475466666667
5,92155466666667
6,29145866666665
6,52553600000002
5,34311200000001
4,18167200000001
4,37605866666669
5,30000533333333
6,99255200000001
10,0046506666667
10,834576
10,3799226666667
5,57735200000001
5,7828
9,15927200000001
11,456776
11,1836586666667
12,826592
12,2681573333333
11,341608
5,76653333333332
0,0644159999999858
1,14989066666666
5,08496
8,01312266666666
7,59149066666669
6,48926133333335
10,5884613333333
10,5150986666666
5,81386933333334
4,76288
8,49998400000001
8,89754133333335
6,48828533333333
5,52285866666669
6,58198133333335
7,08104266666666
3,02934133333335
1,90043466666667
4,01737866666669
6,63614933333334
5,91472266666666
3,39371466666664
1,43472
0,998610666666693
2,68448799999999
1,47571199999997
1,23886933333334
0,154045333333329
0,767786666666643
3,66276533333333
3,84901866666665
3,48806133333331
2,84943199999997
5,15328
6,2416826666667
5,05958399999998
3,60078933333334
4,42567200000001
5,45697866666665
3,94873333333332
4,20656
6,66071199999997
7,15847200000001
5,82232799999999
4,73555200000001
2,16672
1,18079733333334
3,00510400000001
5,04282933333334
4,24283466666667
0,814472000000007
-1,88302933333334
-3,39225066666666
-3,61998400000001
-4,26349333333332
-3,90090933333334
-2,09547200000001
0,280437333333336
1,82268
1,74102133333335
0,184789333333343
1,04253066666666
1,11377866666665
-1,62699200000001
-3,51929333333336
-3,54532
-3,59672266666666
-2,80437333333332
-1,48791200000001
-1,40397599999999
-1,24114666666664
-0,115330666666657
0,381615999999986
2,2204
2,59794933333334
-0,471245333333329
-0,248066666666643
-0,19764
-0,639117333333336
-0,9516
-1,41552533333333
-0,215370666666657
0,706135999999986
0,12574133333335
-0,322730666666657
1,1102
0,511424000000014
0,931266666666643
2,22820799999999
3,80054399999998
5,22436533333336
4,18996799999999
1,62520266666666
1,58941600000002
2,59876266666666
1,66147733333334
3,58224533333333
0,573725333333364
0,901986666666678
1,22618133333331
2,37851200000001
0,989013333333321
0,792512000000007
-0,313295999999986
-0,0824720000000071
-0,138917333333336
2,04016533333333
4,13628800000003
0,30988
0,586901333333314
0,449773333333357
1,64325866666669
0,711178666666686
-1,66229066666669
-0,875634666666671
-0,330050666666657
2,10230400000001
5,35677600000002
7,36115466666667
6,20085333333332
3,70148
2,85317333333332
2,37769866666665
1,78461600000002
2,63324799999999
4,59972533333333
6,82240266666666
9,55959466666667
8,12048266666666
7,46070666666668
7,75708533333333
7,67526399999998
4,26512
2,42682399999998
2,19356
1,62959466666667
1,24895466666664
3,04642133333331
2,59469599999999
2,13760266666666
3,69757600000002
2,22837066666669
1,00430400000001
-0,0247253333333641
1,5419173333333
1,81340800000003
2,64268266666666
3,10010133333331
3,37110400000001
1,08384799999999
2,50783200000001
-0,382592000000007
-1,24244799999999
-0,985109333333343
-0,107522666666664
1,73256266666666
0,773154666666671
2,94686933333334
1,72996
0,300933333333321
-0,0107360000000213
1,86513600000002
1,85293599999999
2,59388266666666
-0,244813333333357
1,47847733333334
2,23992
2,38306666666664
4,35263466666667
7,38701866666668
4,63453599999999
2,26643466666667
5,55376533333333
2,71376799999999
1,32638400000001
-1,24505066666666
0,29149866666665
2,59323199999997
4,37703466666667
4,40696533333333
6,12862933333334
7,19653599999998
5,90252266666666
5,66486666666668
7,30942666666668
9,69558400000001
9,19082933333334
8,11056
7,26664533333333
4,89301333333336
4,82664533333333
5,40638933333334
3,94726933333334
0,166570666666657
-0,706624000000014
-1,65415733333334
-1,66505599999999
-1,08352266666666
1,54907466666667
-1,29482666666668
-3,33661866666665
-2,74467466666667
-3,30294666666664
-4,00713066666669
-2,21747200000001
-3,03601066666666
-3,78037333333332
-3,03763733333334
-1,20422133333331
-3,68667733333334
-2,26074133333335
-3,36378399999998
-3,89245066666666
-0,231312000000007
0,778197333333336
3,10042666666668
1,75712533333333
3,18598933333334
-0,491090666666657
-2,54036533333333
0,893202666666664
6,55237600000002
7,83158666666664
6,37799733333333
4,49301600000002
-0,255061333333314
-0,963637333333336
-0,977301333333314
3,49050133333335
3,81306933333334
0,327122666666664
-1,04741066666666
-2,52670133333335
-3,5868
-2,89790666666664
-0,502965333333328
7,49860799999999
10,1346213333333
8,59986133333335
6,92358133333331
4,73994400000001
2,13597599999999
0,548024000000014
-3,19949066666669
-3,55930933333331
-0,80650133333335
1,61723200000001
-0,949973333333357
2,16118933333334
1,10044
-0,13306133333335
-1,04269333333332
-1,97753866666665
0,523949333333307
3,22226399999998
6,11268799999999
3,73612799999999
2,23390133333331
0,520533333333357
0,652943999999979
3,13458666666664
6,70479466666667
8,66362666666668
6,24509866666665
7,75724799999999
5,96433600000002
3,01941866666665
3,29465066666666
2,82047733333334
-2,60998666666664
-5,91488533333336
-4,02762666666668
-2,46700266666666
-2,84292533333333
-3,64796266666666
-1,27579466666664
1,02170933333334
0,301909333333343
1,95655466666667
0,734114666666636
1,82723466666667
-0,0546560000000213
-2,04716
-1,22113866666665
-2,90425066666669
-2,94800799999999
-0,363722666666664
1,70377066666666
3,49993600000002
4,88585599999999
6,22378933333334
7,65428
5,45112266666666
2,13239733333334
-0,33802133333335
-0,254410666666657
2,47139466666667
4,99533066666666
3,15443200000001
1,19332266666666
1,84301333333336
2,72515466666667
4,27162666666664
4,87268
3,45194933333334
1,16388
-0,312807999999993
-2,86277066666669
-3,62893066666666
-2,3058
-4,26040266666666
-4,70562133333335
-0,896455999999986
1,52483733333334
1,85667733333334
1,29840533333333
2,07172266666666
1,69482400000001
-2,58721333333336
-3,44251466666667
-2,21112799999999
-1,43585866666665
-0,587714666666671
0,228709333333343
-1,44025066666666
-2,60038933333334
-3,32783466666667
-2,78989600000002
-3,44349066666666
-3,63202133333331
-3,73010933333334
-1,94468
-0,0528666666666785
2,10913600000002
2,68904266666666
1,27595733333334
0,299306666666678
-1,47424799999999
-1,04334399999998
0,674253333333321
3,44007466666664
3,15573333333332
2,90717866666669
0,0642533333333215
-2,98021600000002
0,631309333333343
2,86944
5,76149066666666
5,03648533333333
3,99802133333331
3,82640800000003
6,86632266666666
7,18986666666668
2,5254
-3,60745866666669
-6,20215466666667
-3,22031200000001
-2,01690400000001
0,45758133333335
1,80755200000001
-1,32378133333335
-3,39046133333331
-5,06674133333331
-7,76277866666665
-8,07103200000001
-6,46014400000001
-5,35352266666666
-5,56027200000001
-5,63721333333332
-2,75931466666667
0,423746666666678
2,42584800000003
3,69594933333334
4,10180266666666
3,30733866666669
3,54255466666667
1,93719733333334
-0,915325333333329
-1,79193600000002
-1,94712
-0,962010666666657
-2,02975466666664
-1,73516533333336
-0,304186666666678
-2,33524266666666
-2,69701333333332
0,762906666666679
-0,422770666666657
1,98664799999999
5,8194
9,23393599999999
9,34942933333334
5,47373333333336
2,98769866666665
-0,757213333333322
-0,701906666666679
-1,43504533333333
-3,32669599999999
-4,44893333333336
-1,4152
-0,619434666666671
2,42259466666667
1,88904800000003
0,817887999999993
2,51092266666666
4,28984533333333
5,00704266666666
2,73475200000001
-0,378362666666664
-0,838871999999972
1,62536533333333
-1,54354400000001
-2,03089333333332
-2,20559733333334
1,38624533333336
-0,23424
-2,96248533333333
-5,90008266666666
-8,31145333333332
-9,17228533333333
-8,71307733333333
-8,47298133333335
-7,25769866666669
-3,44950933333334
-2,07253599999999
-3,44267733333334
-2,24154666666668
-1,36330933333331
-1,05115200000001
2,58396
8,26232799999999
8,77684266666666
8,93218933333334
8,35016799999999
5,74099466666664
4,36857599999999
6,12309866666665
8,55106133333331
7,19165599999999
7,01077066666666
8,03150399999998
8,14146666666668
7,72552799999999
7,73577600000002
9,00604
8,34902933333334
4,45234933333334
0,103130666666657
-2,73670400000001
-1,73516533333336
0,701744000000014
2,00291466666664
3,81843733333334
4,22071200000001
6,87510666666668
2,91970400000001
3,22112533333333
5,00671733333334
1,78949599999999
5,81452
1,81714933333334
0,139567999999993
0,793976000000021
-1,76363200000001
-2,33573066666666
-1,67790666666664
-2,72271466666667
-3,52466133333331
-3,70310666666668
-4,31847466666667
-5,92854933333334
-6,26413066666666
-5,51196
-4,37508266666666
-2,57176
-1,30361066666666
-0,530618666666686
-1,35859199999997
-2,46114666666668
0,292474666666636
2,61649333333332
1,79746666666668
1,67432799999999
2,03252
4,5628
6,16555466666667
4,84405066666666
3,64096799999999
6,45705333333332
7,65541866666669
3,77337866666665
-2,28660533333333
-4,29814133333335
-4,76288
-5,11375200000001
-3,19347200000001
-0,599101333333314
1,46725333333332
0,438874666666671
-0,741434666666671
-1,01634133333331
-0,343063999999979
-0,772015999999986
0,23554133333335
2,27586933333331
1,41471200000001
-0,877912000000007
1,61544266666666
1,96094666666668
-0,0325333333333215
-0,435621333333314
0,44782133333335
4,06585333333336
6,12570133333331
4,20379466666667
1,84952
-0,818050666666693
-2,39721866666665
-3,45422666666668
-3,96662666666668
-3,69058133333335
-2,74142133333335
-0,875634666666671
5,30748799999999
4,99744533333336
4,92424533333333
7,02557333333332
6,83753066666669
3,56305066666666
0,0753146666666714
0,190157333333336
1,87684799999999
2,96118399999998
1,35631466666667
0,494832000000007
0,476287999999993
0,833015999999986
-1,24570133333335
-1,91670133333335
2,1594
2,60705866666665
-1,31028
-1,80738933333331
-2,49140266666666
-0,969493333333321
2,20868799999999
1,37062933333334
-0,375109333333307
-1,51914400000001
-2,81169333333336
-3,53572266666666
-3,28407733333334
-3,05406666666664
-4,22331466666664
-4,99663200000001
-3,77028799999999
-0,838709333333343
-0,557133333333321
-1,38722133333331
-1,16534399999998
-1,24732799999999
-1,17396533333333
-0,826509333333307
-0,787469333333343
0,772992000000007
2,77541866666665
2,01706666666664
1,67790666666664
1,60275466666664
-0,179584000000014
1,30133333333332
3,27984800000003
5,49097599999999
7,19100533333333
7,67591466666663
4,22803200000001
3,83616799999999
3,8721173333333
0,76372
1,12776800000003
6,38092533333333
5,20565866666669
3,28098666666664
2,67749333333332
1,71499466666667
1,55785866666665
1,1224
-1,24586400000001
-1,23854400000001
-1,26457066666666
-1,26701066666669
-0,464413333333357
0,423746666666643
1,39584266666666
2,39364
4,87251733333334
7,85972799999999
7,26127733333334
2,61356533333333
-0,219925333333364
0,575677333333336
1,38592
0,869290666666657
-0,0743386666666856
-0,811055999999986
-1,01016
-1,18632799999999
-2,61454133333331
-3,6234
-2,53483466666664
-1,39242666666664
2,46570133333331
7,40605066666666
8,38628
8,46663733333333
6,41215733333334
5,01810399999998
7,18889066666666
7,89974400000001
6,69373333333336
4,93595733333334
7,51048266666666
8,92828533333333
8,61157333333336
7,42150400000001
4,25845066666666
3,11083733333334
-0,743874666666671
-2,37493333333332
-1,80120799999999
-0,42813866666665
2,82763466666664
5,51244799999999
5,19996533333333
3,48106666666668
3,69887733333334
3,39989599999999
3,48806133333331
4,39395200000001
3,79891733333334
0,97957866666665
0,273605333333329
0,857741333333314
3,17541599999999
2,31751200000001
-1,78982133333331
-2,53743733333334
-2,04097866666665
-2,12833066666666
-2,82503200000001
-0,492717333333336
2,32125333333332
5,56189866666669
10,0897253333333
8,34301066666666
5,52838933333334
5,05860799999999
7,13797599999999
11,0261973333333
9,26500533333333
10,7869146666667
7,91552266666666
5,10122666666664
7,73414933333334
3,96402399999998
2,73589066666666
4,42437066666666
1,06595466666667
3,70245599999999
7,52626133333335
5,55148799999999
3,36980266666666
12,0383093333333
13,4544853333333
14,428696
13,370224
9,46101866666668
6,60654399999998
8,30478399999998
8,56895466666667
5,68064533333333
4,00273866666665
8,99465333333336
4,82745866666665
2,66431733333334
5,21964799999999
5,86445866666665
5,87730933333331
3,62828
3,01860533333333
0,230010666666657
-1,24570133333331
-1,11719466666667
1,32004
1,66814666666668
2,21633333333336
3,36150666666668
2,7206
2,24805333333332
3,87439466666667
1,72865866666665
-0,443103999999979
-0,182511999999972
1,91800266666666
6,27746933333334
9,36585866666669
6,08145600000002
4,74758933333334
4,58150666666668
6,3562
6,24314666666668
5,23347466666667
7,62971733333334
8,93625599999998
7,16172533333333
5,10724533333333
4,636
4,55548
2,18314933333334
-0,959895999999986
-0,54054133333335
0,798205333333328
1,36802666666668
2,74109599999999
6,86827466666667
8,83296266666666
5,36312
5,39451466666667
4,82664533333333
4,60574400000001
5,06283733333334
6,59889866666665
7,15896
7,24322133333335
7,10414133333335
3,43080266666666
1,56094933333334
2,86016799999999
2,92295733333334
1,84203733333334
2,42438399999998
6,61841866666668
8,43556799999999
10,932176
12,6126853333333
9,85011733333334
5,75189333333336
2,19095733333334
3,06317599999999
4,04779733333334
2,94329066666669
3,70164266666666
3,59574666666664
2,81266933333334
0,51841866666665
-2,379
2,44601866666665
2,44195200000001
0,75509866666665
0,464901333333314
0,379176000000021
0,569495999999986
-0,336394666666671
-1,10385599999999
-0,995194666666671
-0,15973866666665
0,141032000000007
0,772016000000021
1,43683466666667
0,0185439999999787
-2,36989066666666
-2,31230666666668
-1,28295199999997
-1,42398399999998
1,76200533333333
4,13986666666668
3,65186666666668
1,49474399999998
0,380314666666671
1,60242933333331
3,57183466666664
2,15988800000003
-0,497109333333343
-0,250018666666686
1,19999200000001
1,15135466666667
1,00414133333335
2,66545600000002
2,51417599999999
2,59095466666667
2,08132
0,640581333333314
2,26155466666667
2,66578133333331
2,04146666666668
0,855138666666686
0,100202666666664
-0,047986666666643
3,29351200000001
5,26844799999999
6,81849866666665
6,14278133333335
4,91692533333333
3,0988
3,31856266666666
2,96492533333333
-0,277346666666643
0,651642666666664
-1,87684799999999
-1,75094399999998
-0,0857253333333286
1,13720266666666
1,14224533333333
1,12256266666666
0,775432000000007
-0,264170666666657
-1,64325866666665
-1,27498133333331
-0,609024000000014
-0,505730666666657
-2,74955466666667
-5,02152
-3,64503466666667
-0,325658666666686
1,76867466666667
5,81842399999998
2,78290133333331
1,33061333333332
-0,33785866666665
-2,54459466666664
0,50508
2,02633866666669
-0,353149333333307
0,40992
2,29815466666667
1,92516
1,30035733333334
1,6691226666667
2,09547200000001
1,77550666666668
2,13369866666669
2,61633066666666
2,68822933333334
1,33972266666666
0,307277333333336
0,678970666666657
0,792674666666671
1,43537066666669
1,31320800000003
3,57248533333333
5,91667466666667
8,40173333333332
7,28486399999998
2,06293866666669
4,41428533333333
5,68373599999999
2,11987200000001
3,23007200000001
6,11805599999999
6,69438400000001
4,30155733333334
3,62356266666666
1,00414133333335
1,47262133333331
2,77184
3,71270400000001
2,77476799999999
4,06194933333331
3,80623733333334
3,97280800000003
2,34972
1,46204799999999
5,17572799999999
6,56164799999999
6,74871466666667
3,52775200000001
4,19452266666666
2,57452533333333
4,18622666666668
9,14723466666667
11,130792
11,3629173333333
9,70485600000002
7,31430666666668
4,15288
0,538589333333343
-2,38192799999999
-1,70149333333336
2,03105600000002
7,73691466666667
8,07298399999998
4,14051733333334
5,8194
7,37546933333331
5,00509066666666
4,63469866666668
5,60093866666665
9,12250933333334
4,17906933333334
1,10157866666669
0,423095999999986
1,31662399999998
3,25365866666669
3,68309866666669
3,07521333333332
-1,13964266666666
1,06872
2,05870933333334
0,657661333333314
0,0131760000000213
0,542656000000021
0,991453333333321
-0,574375999999986
2,35980533333333
5,86641066666666
11,0016346666667
7,05176266666666
8,15578133333331
9,58822400000001
11,8795466666667
15,4274693333333
15,779968
13,269696
12,240016
9,82718133333335
13,6762
11,8426213333333
13,5110933333333
7,67054666666664
8,63548533333333
12,4628693333333
15,3819226666667
10,828232
9,97976266666666
7,60726933333334
6,17954399999998
4,67276266666666
1,8179626666667
0,581533333333357
3,05797066666666
5,58873866666665
6,07999199999997
5,74945333333332
8,72430133333335
10,700376
8,91380799999999
4,22900800000003
2,76630933333334
5,03664800000003
3,35125866666669
-0,782264000000014
0,195525333333329
3,14808799999999
2,03886400000001
1,19088266666666
4,58020533333333
5,14465866666665
3,73076
4,18069600000002
4,48179200000001
3,84625333333332
2,29734133333331
-2,88863466666667
-3,99720799999999
-1,92467200000001
0,16104
1,66229066666666
0,982018666666685
-2,83381599999999
-6,12765333333332
-4,91318399999998
-3,42608533333333
-2,61649333333332
1,53134399999998
-0,330376000000021
-3,74263466666667
-2,00161333333332
3,29953066666666
5,18272266666666
4,19192
3,97069333333332
4,67325066666666
5,0264
5,90414933333334
9,74763733333334
10,5756106666667
9,25459466666664
9,10640533333333
8,44679199999997
8,25191733333333
6,29357333333332
6,88812
5,92318133333331
0,701744000000014
-3,06041066666669
-4,55092533333333
-4,83803200000001
-3,60062666666664
-1,83455466666667
0,114842666666664
-1,52760266666666
-2,65244266666666
-2,81250666666664
-2,41592533333333
-0,668234666666636
1,36949066666666
-1,08889066666666
-3,95166133333335
-3,27187733333334
-2,19486133333331
-2,06505333333332
-1,67416533333333
-1,55639466666667
-2,135
-2,41299733333334
0,640906666666678
4,75669866666669
8,14065333333332
4,95661599999999
1,96257333333336
4,45511466666667
5,30423466666667
3,02673866666669
0,619922666666664
-0,921669333333343
-0,997634666666636
-1,87701066666666
-2,66936
-2,34174933333334
-1,72849600000002
-0,902637333333336
-0,93208
-0,68564
-1,45196266666666
-4,79069599999999
-5,87145333333332
-4,87300533333333
-3,71026400000001
-4,63453599999999
-4,67357599999999
-3,81241866666669
-1,36916533333333
-2,27359200000001
-1,09377066666666
-0,0567706666666927
2,38469333333332
3,58517333333332
1,69970400000001
-1,27237866666665
-2,16444266666666
-1,72426666666668
-0,189343999999979
-0,584136000000021
-1,96354933333331
-1,40023466666667
-0,73444
-1,61170133333331
-1,35842933333334
1,45537866666669
3,87195466666667
1,55574400000001
-0,338834666666671
-1,36493599999999
-0,653757333333336
1,47522400000001
1,84968266666666
2,62934399999998
5,23802933333331
5,19524799999999
5,08170666666668
2,80795200000001
0,808778666666686
2,17176266666666
3,64714933333334
2,23617866666665
-2,24463733333334
-4,51513866666669
-2,40681599999999
1,26326933333334
1,78917066666669
0,556157333333336
0,82829866666665
0,591618666666686
-1,28718133333331
0,888485333333329
1,43439466666667
1,55086400000001
0,52346133333335
-1,04610933333331
-1,29873066666666
-2,01804266666666
-3,00054933333334
-2,02227200000001
-2,30092
-1,19137066666666
0,0357866666666785
0,819352000000007
1,86334666666668
2,70189333333336
0,665957333333336
-1,11654400000001
-2,55646933333334
-2,85122133333331
-1,81145600000002
-3,10075199999997
-6,22541599999999
-7,25281866666665
-6,06274933333334
-4,61225066666669
-1,58567466666667
-0,722402666666664
-1,01504
-2,47757600000002
-2,83397866666665
-3,44853333333332
-3,51685333333332
-1,47489866666665
3,40266133333335
5,65884799999999
7,22744266666666
9,57797599999999
8,13870133333331
7,99441600000002
7,47599733333334
7,44541599999999
6,58686133333335
6,17954400000001
3,56516533333333
4,75100533333333
5,99963466666664
6,79312266666666
6,03265599999999
6,71894666666664
7,53341866666668
13,0416373333333
13,62984
11,257672
9,49338933333334
6,82907200000001
1,96973066666669
-2,41202133333331
-4,78728
-3,05992266666666
-1,67920799999999
1,45651733333334
5,78979466666667
7,45354933333334
5,32115199999997
2,48278133333335
2,22658133333335
2,97631200000001
3,77175200000001
2,42649866666665
1,41682666666664
4,12164799999999
1,85244799999999
-0,71736
-1,50206399999998
1,67920799999999
8,32023733333333
8,47379466666667
3,20990133333331
1,13508799999999
2,31604799999999
4,29635200000001
4,09480799999999
4,18085866666665
7,64435733333333
10,364632
11,7941466666667
9,57862666666664
6,72089866666669
5,45372533333333
7,34846666666668
5,90236
1,11182666666668
6,24249599999998
3,42982666666668
2,29018400000001
3,17444
1,00902133333335
-2,03788799999999
-2,23796800000003
-1,59250666666668
-2,72011200000001
-1,80137066666669
0,197314666666671
-2,32011466666667
-5,39272533333333
-5,96449866666665
-5,47991466666667
-4,4164
-2,58249600000002
0,116794666666671
0,967866666666678
-1,19267200000001
-2,67749333333336
-2,89660533333333
-2,73133599999999
-0,702557333333336
1,40771733333334
2,44536799999999
1,92987733333334
2,50295200000001
0,920205333333329
-1,54842400000001
-2,15598400000001
0,0631146666666714
1,85358666666668
2,10295466666667
3,40103466666667
6,14180533333336
6,49772
7,07925333333332
8,34691466666667
7,94089866666669
7,32536799999999
7,84150933333334
8,81084
8,00157333333336
9,75512
8,89461333333336
6,83671733333334
5,52513600000002
5,78995733333334
3,8674
2,15370666666664
3,39534133333331
8,42597066666666
10,312904
7,41776266666666
3,22795733333334
0,669210666666657
2,04455733333334
6,06096
6,06144799999999
4,71277866666665
5,02379733333334
5,15311733333334
3,65593333333332
5,53408266666666
3,51425066666666
2,17908266666666
0,837245333333329
2,92084266666666
1,69612533333336
-1,68376266666666
-2,34109866666665
-1,40966933333334
-1,16160266666666
-1,67823200000001
-1,61593066666666
-1,16762133333335
-1,08498666666668
-0,597312000000007
0,54412
-0,27084
0,0979253333333641
0,66986133333335
-0,767624000000014
-0,951925333333329
-0,834967999999993
0,145586666666678
2,06131200000001
3,07797866666665
3,63218400000001
2,59290666666668
1,26928799999999
-1,09751200000001
-1,72036266666666
-0,304349333333343
0,0787306666666927
-0,82585866666665
-2,06505333333336
-1,72768266666666
-1,35436266666666
-2,92621066666666
-3,86805066666666
-4,01900533333333
-2,94540533333333
-0,643346666666643
0,549650666666693
-1,85228533333333
1,17591733333334
1,35924266666666
2,99778400000001
2,27342933333334
2,13906666666668
5,49943466666667
6,27405333333332
5,41614933333334
3,25154400000001
3,95312533333336
4,47300799999999
4,05869599999999
5,44510400000001
2,18868
3,22535466666667
4,52066933333334
1,97396
0,725655999999986
-0,543469333333343
2,15029066666666
4,79020800000003
3,63738933333334
4,32530666666664
2,29929333333332
0,886858666666686
-0,280437333333336
-0,987711999999972
-2,20348266666666
-2,93353066666666
-1,76623466666667
0,687592000000007
2,42617333333332
3,46284799999999
3,30245866666669
2,71441866666669
4,25845066666666
4,32205333333332
4,10570666666668
3,43730933333334
3,83112533333333
4,72351466666667
2,14801333333336
-1,22309066666669
-1,29808
1,75598666666668
1,91247200000001
0,552741333333314
0,22334133333335
-0,606746666666678
-2,00909599999999
-3,69399733333334
-2,49172799999999
-0,0535173333333357
6,37262933333334
10,5458426666667
7,17116
4,58557333333336
2,53678666666668
1,82788533333333
6,66673066666666
7,02508533333333
6,02029333333332
8,00124799999999
9,27378933333334
3,12677866666665
1,88546933333334
4,28236266666666
7,49454133333335
4,48634666666668
0,2928
1,29222400000001
1,23626666666668
2,75085599999999
5,75091733333334
5,55685600000002
6,13578666666668
4,77914666666668
5,55848266666666
6,61484
6,57417333333336
8,66134933333331
8,05004799999999
5,25039200000001
1,87522133333331
1,01406400000001
3,21705866666665
2,49107733333334
4,34791733333334
5,58629866666665
5,68617599999999
2,31181866666669
-1,22162666666664
1,32914933333331
4,51920533333333
6,60914666666668
8,17644
8,62409866666669
8,21564266666666
9,29054400000001
10,844336
7,85533599999999
4,39834400000001
0,66124
-1,18811733333334
-1,11101333333336
1,41682666666668
2,10425600000002
1,64260799999999
5,14693600000002
6,91951466666664
6,23452533333333
2,33394133333331
-2,53971466666667
0,461485333333329
3,84169866666669
3,40884266666666
6,06925599999999
5,93961066666669
4,24348533333333
1,66554400000001
2,06879466666667
3,64601066666666
4,82892266666666
7,81548266666666
9,99277600000002
10,4501946666667
8,83833066666666
6,69828800000003
8,29144533333333
7,36570933333334
3,95930666666668
2,83560533333333
8,95854133333332
8,00759200000001
6,34806666666664
10,5738213333333
6,46534933333334
10,4897226666667
10,247512
8,87704533333333
7,90885333333332
6,64054133333331
6,42761066666666
6,21793333333336
6,84794133333335
4,88927200000001
6,80727466666667
9,21148800000003
8,57285866666668
7,02964
7,24013066666666
7,80572266666666
6,66982133333331
7,00442666666664
7,98270400000001
8,09348
6,30691199999997
3,32295466666664
5,52529866666665
11,313792
10,7094853333333
7,50739200000001
4,47024266666666
2,16005066666669
3,16321599999999
1,60096533333333
1,90401333333336
1,29482666666668
-0,315085333333329
-2,02162133333331
-2,50002400000001
-1,4884
-0,566242666666664
-0,597474666666671
0,0971120000000071
2,24886666666668
6,29373599999998
8,32511733333333
8,62556266666666
4,92993866666665
1,84529066666666
3,19981599999999
5,91277066666669
7,35334666666668
9,02068
7,96285866666668
6,20117866666669
4,80777599999999
1,92662400000001
-0,639442666666664
2,69668799999999
5,87226666666668
8,29160799999999
8,13186933333334
6,75782400000001
4,41298399999998
4,07203466666667
3,69725066666669
-0,3295626666667
-1,09881333333332
1,53036799999999
0,73818133333335
-1,07636533333333
-2,28937066666669
-0,988687999999993
0,750869333333343
0,498247999999993
2,18477599999999
3,95654133333335
3,50400266666666
1,47750133333331
0,308578666666686
-3,21803466666667
-4,73034666666664
-5,37499466666667
-5,55034933333334
-4,18948
-2,88082666666664
-1,81340799999999
-0,102317333333336
-0,943629333333343
-2,73816799999999
-0,940701333333314
1,16664533333333
1,43341866666665
1,59169333333336
1,95069866666665
0,64904
0,431392000000007
-0,201706666666678
-0,543469333333343
-0,905890666666692
-1,50726933333334
-2,18005866666665
-1,41780266666666
2,12654133333331
1,69043200000001
2,81689866666669
3,64389599999999
4,14458400000001
5,45405066666669
9,43482933333334
7,86184266666666
4,21518133333331
1,37437066666666
0,961034666666671
2,01478933333334
4,72693066666669
4,01802933333334
3,22226400000001
2,9524
3,3597173333333
4,69976533333333
4,35344799999999
5,04592
3,80021866666665
3,32230400000001
3,60941066666666
4,67813066666666
0,936309333333343
-0,291661333333314
2,03772533333333
5,22257599999999
8,63955200000001
8,38823200000001
5,90089600000002
1,45960799999999
2,56753066666666
4,73311200000001
3,71010133333331
3,37663466666667
5,47682400000001
5,84916799999999
6,6856
2,87155466666667
1,38429333333336
0,0366
1,34801866666665
0,91142133333335
-3,21559466666667
-4,6480373333333
-0,0894666666666785
2,56216266666666
-0,34404
1,23073600000002
3,20128
1,74541333333332
-0,191133333333321
-0,0523786666666501
3,21510666666664
4,56556533333333
5,28845599999998
3,86512266666666
1,53069333333332
2,07985599999999
3,70782400000001
1,68864266666666
2,34841866666665
3,13019466666664
5,87275466666667
5,96856533333336
2,45642933333334
0,70402133333335
-0,763394666666671
-0,870592000000007
-0,166082666666664
-0,689544000000014
-0,447170666666657
-0,887997333333336
-3,20973866666665
-5,93001333333332
-6,83557866666669
-5,67039733333334
-3,71595733333334
-1,60454399999998
1,32654666666668
3,30929066666666
-0,455141333333314
-1,31239466666667
-2,46846666666668
-1,45391466666667
-1,32605866666665
1,70393333333336
3,72539200000001
2,55175199999997
2,78176266666666
2,95451466666667
3,75857600000002
4,21827200000001
4,30725066666666
3,81388266666666
3,60192799999999
2,47546133333335
1,00576799999999
0,930127999999993
1,06806933333334
0,279949333333343
-0,609674666666671
-1,16209066666666
-2,04781066666666
-3,04788533333333
-1,05619466666667
-1,49051466666667
-2,70189333333332
-0,909957333333336
0,797066666666678
1,62048533333333
1,40365066666666
0,99194133333335
-0,0746639999999787
0,0814960000000213
-0,0653920000000071
-0,748266666666643
0,660264000000014
-0,199429333333343
-0,911909333333343
-1,76460799999999
-3,43161599999999
-4,17565333333332
-4,10798400000001
-3,78899466666667
-5,44233866666665
-6,25664799999999
-5,82102666666664
-3,67789333333336
-1,64488533333333
-3,75190666666664
-2,56460266666666
-1,88872266666666
1,68815466666667
1,05424266666666
2,13532533333333
0,351522666666664
-0,791698666666686
-2,57338666666668
-2,08750133333331
-5,87991200000001
-5,57100800000003
-3,37907466666667
-0,991127999999993
0,105570666666657
-1,14907733333334
-1,54354400000001
4,34742933333331
6,36384533333333
4,05723199999997
2,69766399999998
-2,46521333333336
-4,93595733333334
-2,94036266666666
0,141357333333336
1,61820799999999
2,29538933333334
2,71084
3,92319466666667
2,68741600000002
2,02129600000002
3,67464
0,440013333333321
-2,35216
-0,929802666666664
1,12841866666669
0,797717333333336
-0,0001626666666643
-2,14345866666665
-3,22063733333334
-4,48228
-5,46934133333335
-4,40224799999999
-5,19085600000002
-6,85526133333335
-6,99596799999999
-6,89251200000001
-6,28722933333331
-5,22778133333335
-3,81095466666667
-2,17387733333334
-2,24008266666666
-2,64642400000001
-1,89864533333333
-2,44878399999998
-1,24423733333334
-0,181373333333321
1,81064266666666
2,46098400000001
1,32784799999999
-0,407317333333336
-1,80039466666667
-2,34012266666666
-1,82219200000001
-0,877424000000014
-0,497597333333336
-2,35996800000003
-2,92604799999999
-2,24105866666669
-1,88010133333335
-0,938423999999979
-1,02984266666666
-3,17639200000001
-5,08349599999999
-4,83396533333333
-2,66399200000001
-2,23504
-1,20422133333335
0,0502640000000142
0,201055999999986
0,810893333333321
2,15045333333336
2,91661333333332
1,96338666666668
2,48603466666664
1,21902400000001
0,346154666666636
0,0382266666666785
1,03944
0,970631999999972
1,94646933333334
1,14940266666666
0,51370133333335
-0,923295999999986
-1,50824533333333
-1,04253066666666
1,15070400000001
1,61072533333333
1,75501066666666
0,096786666666643
-2,20673599999999
-5,72602933333334
-7,15749600000002
-6,49837066666669
-3,96955466666667
-2,26025333333332
-2,43105333333332
-3,40233599999999
-2,60087733333334
-2,00844533333336
-1,18697866666665
-0,197477333333336
-0,0505893333333428
-0,266773333333321
0,253109333333343
0,31362133333335
3,39322666666664
6,71894666666664
6,95774133333331
4,16182666666668
3,79468799999999
5,46446133333331
3,48708533333333
3,26829866666665
3,06838133333331
1,86838933333331
3,21770933333334
3,05422933333331
3,01616533333333
5,22046133333331
2,40746666666664
-0,708087999999993
-1,11215200000001
-1,23268799999999
0,0117120000000071
0,778034666666671
2,07725333333336
2,10165333333332
1,61284
-0,0030906666666572
-0,720613333333321
-0,361770666666657
0,482794666666671
1,75842666666668
4,09627200000001
5,88950933333334
5,88658133333331
5,00232533333333
5,45681599999999
6,13383466666667
7,50348799999999
8,04907200000001
7,11487733333334
6,57970399999998
9,78277333333332
10,4540986666666
7,97294400000001
6,14115466666667
4,66251466666667
0,501826666666679
0,187392000000007
1,85277333333332
3,18176
3,87650933333334
3,92888800000003
3,49164
2,17078666666664
3,00494133333335
4,55255200000001
3,24422400000001
5,02477333333332
3,97768799999999
1,66391733333334
0,924597333333336
-2,11580533333333
-3,1770426666667
-3,04886133333335
1,34736800000003
1,1102
-0,86994133333335
2,36387200000001
2,22056266666666
1,63089600000002
2,51206133333335
0,819677333333336
1,14517333333336
2,36403466666667
2,84975733333334
0,137778666666686
-0,533546666666678
2,19372266666666
3,91197066666666
4,00143733333334
5,09390666666664
5,08626133333331
4,55222666666664
2,42633599999999
0,825533333333321
-0,0473360000000213
-0,455629333333307
-1,59559733333334
-1,29791733333334
-2,03121866666669
-4,95141066666669
-3,15508266666666
0,247090666666693
-0,954202666666664
-2,93222933333334
-5,80410933333331
-3,15069066666666
0,975511999999972
-0,635376000000021
0,08784
-0,209514666666671
0,0943466666666785
0,925085333333329
1,72849600000002
-0,46473866666665
-0,0510773333333357
-0,602192000000007
-1,30979200000001
2,20689866666665
7,31463199999997
6,0878
7,85159466666667
4,08960266666666
3,50823200000001
5,69723733333333
4,96052
2,05057600000002
5,37743466666667
6,48535733333334
4,30676266666666
1,62422666666664
-0,156647999999993
1,57266133333335
5,06251200000001
4,79638933333334
2,72922133333335
5,62956799999999
4,24429866666665
1,13866666666664
3,61998400000001
6,59434400000001
11,0003333333333
10,6148133333333
6,57986666666664
11,1725973333333
10,9137946666667
6,53773600000002
7,84492533333333
10,7898426666667
9,90705066666666
7,06607733333334
3,43698400000001
0,16217866666665
-1,22845866666669
0,917114666666636
4,85055733333334
4,392
8,01605066666666
8,66801866666665
8,00954400000001
8,8206
10,869224
13,5115813333333
12,1206186666667
5,38540533333333
5,52497333333336
9,08314400000001
11,264992
11,1885386666667
6,68738933333334
4,36581066666666
3,30522399999998
3,29416266666666
3,77825866666669
3,27626933333334
2,53938933333334
4,09448266666666
5,52464799999999
7,28291199999997
4,15645866666669
3,08952799999999
1,65643466666667
-0,701906666666679
-0,0458720000000071
1,02170933333331
-1,20340800000003
-1,71743466666667
-1,56501600000002
-0,819189333333343
-1,82333066666669
-0,408456000000021
4,26219199999997
9,80652266666666
7,21459200000001
2,82861066666666
3,18013333333336
5,94400266666666
7,05257599999999
5,7536826666667
6,02061866666665
3,83242666666664
2,19665066666666
-1,21772266666666
-3,15784799999999
-1,20714933333334
2,86992799999999
6,58246933333334
3,55800800000003
-0,449285333333329
3,31872533333336
3,85942933333334
0,218135999999986
-1,31223199999997
-1,11296533333333
0,138592000000007
-1,00853333333336
-0,783077333333336
0,799994666666671
0,969005333333329
2,40470133333331
3,97345866666665
3,06122400000001
2,01397599999999
2,16037600000002
2,94508
0,729397333333336
-1,23935733333334
1,22894666666668
4,32351733333334
5,05307733333334
4,33685600000002
4,83152533333333
4,50489066666666
2,0445573333333
0,527690666666657
-0,2806
2,18119733333334
2,12589066666669
1,09767466666667
0,725167999999993
0,0352986666666501
-0,273442666666664
3,32783466666667
2,92084266666666
1,98990133333335
0,11712
0,348106666666679
0,231312000000007
-0,629032000000007
-0,0026026666666643
1,62634133333335
1,57461333333336
3,83844533333333
3,4038
2,80534933333334
5,83501599999999
4,85446133333335
3,07472533333333
2,64593600000002
4,09009066666666
5,12920533333333
5,02282133333331
3,34377600000002
3,37679733333334
1,59803733333334
-0,739645333333328
-1,47994133333331
-0,392514666666671
1,67953333333332
5,39223733333333
5,22192533333333
2,23390133333335
1,60991200000001
2,21324266666666
2,53581066666666
0,899383999999979
0,770064000000014
0,293613333333357
-1,09181866666669
-0,671487999999993
0,116469333333343
1,04789866666665
2,67993333333336
3,84104799999999
2,68920533333333
-0,599426666666643
-1,02968
1,78071199999997
3,81030400000001
4,82306666666668
4,59386933333334
3,97248266666666
1,40153599999999
0,620247999999993
0,877912000000007
1,34557866666665
3,71693333333336
1,05847200000001
-1,35143466666664
-2,06391466666667
-1,52272266666666
-2,06602933333334
-2,50555466666664
-2,90311200000001
-3,89114933333334
-3,26618400000001
-2,45838133333331
-2,35899199999997
-2,66643200000001
-1,55460533333333
-0,177632000000007
-0,58429866666665
-2,40600266666666
-4,25812533333336
-4,50342666666664
-3,79550133333331
-0,457906666666678
2,65309333333332
3,65251733333334
3,64210666666668
3,76622133333331
5,01176
5,30016799999999
4,11937066666669
0,582509333333307
-1,39633066666669
-4,31847466666667
-6,24461066666666
-4,60249066666669
-0,976650666666657
-0,0156160000000213
1,71710933333331
0,871242666666664
0,752495999999986
0,863922666666664
1,58144533333333
3,65902399999998
6,23338666666668
5,94074933333334
4,20574666666664
2,47188266666666
1,34964533333336
2,09059200000001
3,03226933333334
3,52531200000001
3,73547733333334
4,43901066666666
7,01988
7,11373866666665
5,46673866666665
4,72205066666666
5,80492266666666
3,75109333333332
4,82794666666668
6,51366133333331
5,21623200000001
4,15808533333333
3,84056
6,60865866666665
7,56042133333335
5,55636800000003
5,43518133333335
2,45236266666666
-3,84218666666668
-4,11465333333332
-1,19755200000001
-1,51312533333333
-2,44797066666666
-1,14663733333334
2,49774666666664
5,30065600000002
1,68636533333333
1,80820266666666
1,60796
-0,169010666666657
1,26278133333331
2,08766400000001
1,01878133333331
2,28725599999999
2,28693066666666
2,43739733333334
5,43713333333332
5,49439200000001
7,12528799999999
10,241656
9,33950666666664
6,23631466666667
2,47952799999999
4,04812266666666
5,04445599999999
6,21158933333331
1,92922666666668
7,21996
8,85085599999999
6,93643199999997
10,0500346666667
9,89664
8,38969599999998
2,15809866666669
3,10742133333335
9,47061600000002
13,0762853333333
12,3730773333333
8,11072266666666
6,11821866666665
6,31016533333333
8,67745333333332
7,80084266666666
5,25592266666666
4,18671466666667
1,24911733333334
-1,94028800000003
-1,08173333333336
-0,244162666666664
0,138591999999972
3,14743733333334
2,65927466666664
0,478727999999993
-0,251482666666664
1,82967466666667
4,16198933333334
4,09692266666666
1,38624533333333
-1,97477333333332
-2,59990133333331
-2,03528533333333
-0,3416
-0,175842666666664
1,36509866666665
3,09977599999999
1,46936799999999
0,612928000000028
1,2003173333333
2,52491200000001
0,731674666666636
-1,08043200000001
-0,732
1,41048266666666
2,68074666666668
2,45903200000001
1,78738133333335
1,08954133333331
0,0326959999999858
-1,10808533333333
-1,52451200000001
-0,842938666666686
0,67588
0,755098666666686
-0,109474666666671
-0,622688000000028
-1,72003733333334
-1,48482133333335
-0,614229333333343
0,331189333333343
-0,973072000000007
-2,73036
-2,31051733333334
-0,187717333333336
0,881815999999986
0,879701333333314
1,19283466666664
-0,237005333333329
-1,28636799999999
-2,33605599999999
-0,793
-0,246602666666664
-2,03333333333332
-0,999586666666643
1,30035733333334
4,61501600000002
5,97556
5,47503466666667
1,87180533333333
-0,156485333333329
-0,515327999999993
-3,32994933333334
-3,59558399999998
-3,37956266666666
-3,55865866666665
-0,874170666666657
-1,18811733333334
-0,905890666666657
0,25245866666665
-0,78568
-0,935170666666693
-0,717847999999993
-1,75208266666666
-2,93483200000001
-3,31286933333334
-3,43210399999998
-3,25902666666668
-2,40470133333335
-3,09896266666666
-3,62811733333334
-3,63250933333331
-2,84227466666664
0,250181333333314
5,49048799999999
7,07079466666667
6,64412
4,17012266666666
3,47049333333332
6,68592533333333
8,96846399999998
7,90494933333334
6,88714399999998
6,43167733333334
5,13506133333335
3,77354133333335
5,42346933333334
7,36977599999998
8,64296799999999
7,46119466666667
4,74693866666665
4,8068
6,05347733333334
10,952672
10,569592
7,94789333333332
5,08528533333333
2,70807466666667
0,970957333333336
2,66138933333334
3,77923466666667
4,47333333333332
3,92140533333333
1,13492533333333
0,51614133333335
0,722728000000028
2,02585066666666
0,696701333333314
0,0281413333333144
-0,871893333333321
-0,94070133333335
-1,50141333333332
-2,98379466666667
-2,90880533333333
-2,07822933333334
-2,45642933333331
-2,27717066666666
1,80055733333334
2,92621066666666
-0,0593733333333215
0,851722666666664
0,937935999999986
0,794952000000007
-0,342250666666657
-0,930778666666686
-2,01706666666668
-2,30336
0,435784000000014
2,60461866666665
3,78053600000002
0,803410666666693
-0,0135013333333499
-0,710527999999993
-0,179746666666643
1,46383733333334
2,08392266666666
2,19502399999998
1,78900799999999
4,00225066666669
6,35489866666665
5,41517333333332
8,71828266666666
8,45996799999999
8,38676799999999
10,636448
8,32625600000002
3,52775200000001
0,32565866666665
1,14094400000001
1,94565600000002
4,33148799999999
8,3814
9,15455466666664
9,31494400000001
9,01433600000002
5,76588266666666
2,04114133333335
2,18070933333334
2,24301066666669
3,63543733333334
4,26902400000001
4,79297333333336
6,25990133333335
5,84005866666669
5,32424266666666
2,94996
0,506706666666643
-1,10222933333334
-0,968517333333336
1,81438400000001
2,65943733333334
4,32449333333332
6,31179200000001
9,23881600000002
8,52568533333333
6,17742933333331
6,37149066666666
7,53569600000002
5,32001333333332
5,22566666666668
3,88448
4,31180533333336
5,78849333333336
5,09683466666667
1,20714933333334
-0,836594666666671
-3,99509333333332
-2,85496266666666
0,60268
0,354287999999993
1,19429866666665
5,13262133333332
11,7611253333333
9,68858933333331
4,09220533333333
3,19054400000001
3,61949599999999
2,83153866666669
0,693773333333321
-0,494506666666643
-0,449447999999993
-0,119722666666664
4,49041333333332
9,28940533333333
11,5625093333333
6,11285066666666
3,83502933333334
5,50089866666665
6,76498133333335
6,53139200000001
4,27357866666669
1,22113866666665
1,46790399999998
4,03218133333335
5,60825866666668
4,42648533333333
5,16434133333335
6,23566400000001
4,30464799999999
3,29790400000001
1,71499466666667
-0,185927999999993
-0,698978666666686
-0,740621333333314
-2,15874933333334
-2,84064799999999
-1,49539466666667
-1,16160266666666
-1,77518133333335
-1,84626666666664
-1,37632266666666
-0,715082666666664
-0,780312000000007
-0,775757333333336
-0,493693333333357
0,0845866666666785
0,889949333333307
3,20599733333334
4,55629333333332
5,27397866666669
3,91408533333333
3,81176800000003
2,37314400000001
2,22332799999999
1,55232799999999
1,75224533333333
2,00795733333334
-0,0540053333333286
-1,40218666666668
-1,36086933333334
-1,00804533333336
0,0313946666666714
2,95890666666668
5,59085333333332
4,90212266666666
2,86033066666666
6,67421333333332
6,91138133333335
4,30106933333331
3,21038933333334
1,70279466666667
1,35875466666667
2,71816
2,59176799999999
-0,1586
1,43276800000003
1,66164
-0,377224000000014
0,83561866666665
1,46953066666669
0,758677333333336
-1,94988533333336
-3,64926399999998
-4,49936
-2,52946666666668
0,626266666666678
1,93101600000002
3,55784533333333
2,00112533333333
-0,442453333333321
-1,07213599999999
-3,27269066666666
-4,64706133333331
-2,70498400000001
-1,09198133333331
-1,06660533333333
-0,769250666666693
-0,785354666666671
-0,589503999999979
-0,718986666666643
-0,486047999999993
-0,366487999999993
-1,23561600000002
-0,570309333333343
0,537613333333322
1,77680800000003
2,63536266666666
2,54866133333335
2,81266933333334
3,47667466666667
3,77825866666669
4,56377600000002
4,86503466666667
5,59036533333336
6,36547200000001
5,31529599999998
3,16337866666669
-0,0775919999999716
-1,53915200000001
1,54533333333336
4,66381599999999
4,19273333333332
4,5577573333333
6,82224
7,20092799999999
4,73896799999999
1,53020533333333
-2,08603733333334
-3,49473066666666
-2,95988266666666
-3,67886933333331
-4,09399466666667
-3,31482133333335
-2,54313066666666
-0,921669333333343
0,488487999999993
2,08929066666666
3,22014933333331
5,17361333333336
5,75726133333335
6,64054133333335
6,39914399999998
5,41484799999999
7,50918133333331
8,30088
9,39367466666667
6,47299466666667
3,07065866666665
3,53181866666665
0,97356
-2,16704533333333
-1,48986400000001
-1,02577599999999
-0,953389333333307
0,894503999999979
2,45838133333331
4,14165599999999
0,609512000000007
0,08052
1,69693866666669
2,56444
0,401461333333314
-3,85080799999999
-2,09758666666664
-0,402437333333336
0,535986666666678
1,53020533333333
1,64618666666668
4,37426933333331
8,03085333333336
10,4527973333333
8,83784266666666
9,28110933333331
11,5569786666666
14,396
11,0436026666667
9,18058133333331
7,80409599999998
4,74303466666664
6,36286933333334
9,84881599999999
8,39652800000003
7,00101066666666
6,61288799999999
5,00395200000001
3,24601333333332
3,98500799999999
2,75085600000002
0,415613333333322
2,91645066666669
8,25305599999998
10,5747973333333
6,45786666666664
0,449610666666657
0,58072
2,39282666666668
6,69015466666667
8,92747200000001
10,1858613333333
9,38456533333333
4,05544266666666
0,765834666666671
0,543794666666671
2,82259200000001
1,90759200000001
2,68204799999999
4,9167626666667
7,36375733333334
9,16366399999998
6,66689333333336
7,87501866666665
9,37301600000002
11,0354693333333
7,56090933333331
5,11017333333332
5,97230666666664
6,62590133333331
4,04617066666669
0,905077333333336
2,02454933333334
5,82444266666666
6,67632799999999
-0,136477333333336
-0,0326960000000213
4,42778666666664
2,92198133333335
2,03268266666666
0,0938586666666856
-1,00186399999998
2,04146666666668
6,21972266666666
8,72283733333334
8,98798400000001
12,8814106666667
12,843672
10,882888
9,16805599999999
8,97676
5,84168533333336
9,25166666666668
8,32267733333333
9,24841333333336
10,8588133333333
10,634008
7,82947199999997
8,97139200000001
9,93551733333334
8,16196266666666
8,21759466666667
5,73432533333336
6,05168800000003
5,13782666666668
2,62446399999998
2,77102666666664
1,90222399999998
-0,569658666666686
-0,336882666666664
0,54542133333335
1,16729599999999
5,14953866666669
6,27600533333333
4,52050666666668
7,86721066666666
12,1025626666667
11,6586453333333
8,72251200000001
7,32146400000001
7,67705333333332
7,73170933333334
4,69504799999999
10,2805333333333
10,812616
8,78123466666667
6,97888800000003
3,1232
3,28277600000002
2,56736799999999
6,15595733333334
8,10746933333334
4,24592533333336
1,16030133333335
-0,928989333333343
-2,01755466666667
2,12768
5,20452
3,95133600000002
4,57256
4,29358666666668
2,19258400000001
1,53638666666668
0,290034666666671
-2,29913066666666
-1,90222399999998
0,162504000000014
2,57078400000001
2,02243466666667
1,61462933333334
-0,562664000000014
-1,99006400000001
-0,0662053333333641
1,83520533333333
2,16265333333336
-1,11589333333336
-1,54273066666666
-1,26408266666666
0,298005333333329
-0,0257013333333144
-0,808615999999986
0,624314666666671
2,68156
2,75622399999998
0,499386666666643
0,37332
-0,198290666666693
-1,85505066666666
-1,20113066666666
0,705973333333321
1,65155466666664
1,19755200000001
0,899384000000014
0,844890666666657
-1,34753066666666
-3,23381333333332
-3,47000533333333
-2,04585866666669
-2,53955200000001
-3,97166933333331
-2,81185599999999
-0,70272
0,0011386666666856
0,556482666666664
-1,14419733333334
-0,821792000000007
0,19894133333335
0,378850666666657
0,889135999999986
0,1559973333333
-1,02642666666664
-0,2074
0,249530666666657
0,749730666666693
-2,49530666666668
-2,48294400000001
-2,53418399999998
-1,94581866666669
-1,35680266666666
-1,25806400000001
0,39153866666665
1,54386933333334
0,556970666666693
0,0283040000000142
0,357704000000014
1,21918666666668
1,10515733333334
0,696213333333357
0,269701333333314
-1,42609866666669
-2,25651200000001
-1,03456
-0,868152000000007
-1,25253333333336
-0,244976000000021
-0,0310693333333073
1,05717066666666
1,93638400000001
0,578767999999993
0,233752000000007
1,51979466666667
1,44903466666667
1,01390133333331
0,0904426666666643
0,709552000000007
3,07033333333332
3,03308266666666
6,38466666666668
7,92121599999999
6,03298133333331
3,58924
2,74760266666666
3,2696
4,45527733333333
7,17148533333333
6,40581333333332
3,72897066666669
2,53711199999997
3,42283200000001
3,37435733333334
1,30003200000001
-1,27319199999997
1,49799733333334
3,965
3,33775733333334
3,50351466666667
3,79615200000001
3,72832
3,60469333333336
3,49131466666667
2,51059733333334
0,903613333333322
1,41503733333334
1,97818933333334
-1,11979733333334
-2,63568799999999
-1,07896800000003
1,08303466666664
1,92646133333335
2,24366133333331
1,99266666666668
0,893365333333364
1,07099733333334
2,92019200000001
4,65519466666667
4,80029333333336
5,03892533333333
5,71073866666669
4,07024533333333
4,69504799999999
5,11846933333334
4,15792266666666
4,03803733333334
4,53888799999999
6,12244799999999
7,32829600000002
7,28584
7,40117066666669
7,87892266666666
5,04104
2,69229600000002
2,00031199999997
0,228546666666679
-1,2444
-1,89815733333334
-0,986247999999993
1,42284533333333
2,27733333333332
1,24879199999997
1,71011466666667
1,83016266666666
0,131109333333307
-0,573888000000028
-0,36730133333335
0,597637333333336
0,477914666666671
2,37818666666664
3,65398133333335
3,85341066666669
3,28375200000001
2,88147733333334
3,51294933333334
4,42209333333332
3,73059733333334
2,806
3,5624
2,89855733333334
-0,917765333333364
-1,51231200000001
-1,29043466666667
0,354613333333357
0,841962666666664
-0,485397333333336
-0,435295999999986
0,192597333333336
-1,00511733333334
-1,30767733333334
-0,204797333333336
1,40820533333333
4,14686133333335
6,61500266666666
6,10422933333334
4,03413333333332
2,07465066666666
0,353312000000007
-1,14793866666665
-3,55377866666665
-6,35376
-6,03574666666668
-3,25382133333335
-0,57096
1,60470666666668
3,23234933333331
6,40125866666669
6,24509866666665
4,36174399999998
1,13248533333333
3,61786933333334
6,78742933333334
2,21259200000001
3,00868266666666
4,48472
2,21926133333335
3,83535466666667
1,24749066666666
1,95850666666668
4,75637333333332
6,55270133333335
2,43479466666667
-0,235541333333314
-0,376573333333321
-0,333304000000014
-0,214069333333343
-0,550789333333343
-0,710853333333321
-1,25058133333331
0,0857253333333286
3,32051466666667
5,16450399999998
4,04112799999999
2,93759733333334
1,11621866666669
1,59771200000001
2,81836266666666
4,55027466666667
5,3802
4,39639200000001
3,87081600000002
3,52482400000001
1,72752
-0,43789866666665
-1,59950133333335
-0,145586666666643
0,663191999999972
1,34297599999999
1,83065066666669
0,507357333333336
-0,199592000000007
-0,515165333333328
-1,83732
-1,62569066666666
-1,13704
-0,245952000000007
0,477264000000014
-0,480517333333336
1,31158133333331
3,98712266666666
4,45251200000001
3,96955466666667
5,21981066666666
4,24364799999999
4,79964266666666
1,53541066666666
0,648389333333343
1,79518933333334
-0,515165333333364
-2,46391200000001
-2,90978133333335
-4,11026133333331
-1,81357066666666
2,75118133333331
3,24129599999999
2,58119466666667
0,864085333333329
-0,453352000000007
-1,24521333333336
-1,23138666666668
-2,19778933333334
-2,26562133333335
0,0252133333333215
1,51914400000001
0,882954666666671
1,59998933333331
2,27473066666666
1,11345333333332
-0,117770666666693
0,393815999999986
2,26155466666667
1,78803200000001
-0,0811706666666572
-2,14362133333331
-4,35247200000001
-4,41884
-3,46512533333333
-3,15898666666664
-2,90278666666664
-2,70742399999998
-2,19551200000001
-0,222527999999993
1,14240799999999
1,79177333333332
-1,27026400000001
-1,83439200000001
-3,34101066666669
-3,17069866666669
-1,49620799999999
-0,0523786666666501
1,92629866666665
2,53581066666666
0,839685333333329
1,25318400000001
5,29512533333333
8,90339733333334
8,47916266666666
5,79809066666666
2,77720799999999
1,21967466666667
0,886208000000028
2,81104266666666
3,72409066666666
4,73945599999999
4,44795733333334
3,47716266666666
3,01828
1,44301599999999
0,323543999999979
1,37599733333334
0,104106666666679
-0,216346666666643
0,464250666666693
-0,633586666666679
0,638954666666671
0,243186666666679
-1,01666666666664
0,35624
3,01193599999999
4,98670933333331
6,52976533333333
6,12765333333336
6,95513866666665
7,86704799999999
6,74855199999997
4,23079733333334
3,33840799999999
7,09991200000001
7,60125066666666
4,89171200000001
4,82599466666667
6,65322933333331
4,14669866666665
0,658149333333307
5,26470666666668
9,34568799999999
6,25339466666667
0,0297679999999929
-1,07896799999999
5,35433600000002
2,21617066666666
5,19443466666667
4,73896799999999
1,17575466666664
1,31499733333334
6,64460800000003
7,20645866666669
1,41422399999998
0,414637333333336
2,08701333333332
2,07497600000002
1,98079199999997
1,79649066666666
0,274418666666686
-1,17266400000001
-0,462624000000014
-1,11052533333333
-2,00454133333335
0,458882666666664
0,550952000000007
-1,72686933333334
-3,84023466666667
-2,15956266666666
-0,917927999999993
0,140543999999979
-1,61251466666667
-3,59786133333335
-3,61380266666666
-4,04665866666669
-3,43161599999999
-3,24503733333334
-2,69945333333332
0,684338666666686
4,68089599999999
5,18060799999999
5,85567466666667
3,16777066666666
3,77874666666668
5,53196799999999
5,62973066666666
5,11001066666666
3,40624
2,94085066666669
2,48115466666667
1,15477066666666
0,359493333333357
3,59200533333333
1,30084533333333
1,56989599999999
1,49881066666666
3,13344800000003
2,31832533333333
1,83829599999999
4,13384799999999
5,16043733333334
7,39010933333334
7,32260266666666
5,72521600000002
5,72537866666669
6,25030399999998
4,86080533333333
4,82697066666666
4,66837066666666
4,10538133333331
5,63558666666664
6,89462666666668
6,33928266666666
6,20687199999997
8,28965599999998
6,79344799999999
6,83720533333333
8,8619173333333
8,60278933333334
9,31526933333334
9,54999733333334
6,21842133333335
5,66421599999999
5,80524799999999
8,55724266666666
8,74935200000001
8,39571466666667
9,2474373333333
6,35798933333334
4,38939733333334
7,45078400000001
8,78188533333333
9,49127466666667
8,42336799999999
7,99897066666666
3,23039733333334
1,51849333333336
4,15483199999997
7,48949866666669
7,71170133333331
7,42736
9,04459200000001
6,43541866666668
4,36499733333334
9,01645066666669
10,346088
8,20262933333331
6,84631466666664
7,27933333333336
7,79222133333335
6,93334133333331
4,87349333333332
4,65568266666666
6,02159466666667
5,93147733333334
7,80100533333333
10,2091226666667
9,58773599999999
5,67576533333333
9,04865866666668
6,45266133333331
4,48634666666668
2,69197066666666
0,292474666666671
-1,99543200000001
-2,71588266666666
-1,45049866666669
1,92987733333334
4,63827733333334
5,20273066666666
4,01087200000001
2,39233866666665
-1,38234133333335
-6,88145066666666
-5,56889333333332
-2,42389599999999
-0,565592000000007
1,21007733333334
2,57403733333334
2,28416533333336
0,899546666666678
0,892389333333343
-0,724191999999972
-2,44406666666664
-4,41818933333334
-5,85616266666666
-5,97816266666666
-3,99558133333335
-3,16923466666667
-2,69001866666665
-3,33466666666664
-2,16802133333331
-1,96273600000002
-2,03024266666666
-1,82853599999999
-1,18616533333333
-2,08685066666666
-2,91905333333332
-2,65065333333332
-1,70783733333334
-1,12109866666669
-1,49067733333334
-0,899384000000014
2,12393866666665
3,53474666666664
1,54045333333332
1,49165333333332
3,03373333333336
3,63706400000001
3,45194933333334
2,73084799999999
2,83837066666669
2,23113600000002
1,08677599999999
0,105407999999993
-0,244488000000028
-1,82268
-3,11165066666666
-3,00900799999999
-2,28172533333333
-2,55630666666664
-2,22869600000002
-0,378850666666693
1,45293866666669
0,835618666666685
1,55314133333335
3,51457599999999
-0,425698666666686
-2,57354933333334
-2,54069066666666
0,118095999999986
1,33012533333333
-0,529317333333336
-0,435621333333314
1,96598933333331
2,64642400000001
1,97656266666666
0,124114666666671
0,948997333333336
2,33231466666667
2,06489066666666
0,40373866666665
-2,50848266666666
-3,69643733333334
-2,98070400000001
-3,73401333333332
-4,16312799999999
-5,17524
-6,19955199999997
-6,15595733333334
-4,51839199999997
-1,72117599999999
1,54484533333333
1,57510133333335
2,26871199999997
2,98607200000001
2,2204
1,53980266666666
1,48807466666667
3,51717866666665
5,71578133333331
6,77506666666664
8,13300799999999
8,06045866666665
6,52976533333333
5,49959733333334
3,72897066666666
3,21787200000001
1,62194933333334
0,145586666666678
-0,677832000000007
-0,399184000000014
-0,352336000000021
3,34133599999999
2,55224
0,0579093333333073
-0,781775999999986
-1,38315466666667
1,00170133333335
3,36508533333333
4,29993066666666
2,5475226666667
1,65497066666666
1,74394933333334
2,96655199999997
2,33898400000001
-0,537450666666657
-1,49035200000001
-1,82853599999999
-1,99364266666666
-1,92955200000001
-1,87945066666666
-0,615042666666664
0,498085333333329
1,05896
-1,23886933333334
-3,57199733333334
-4,44746933333334
-2,79266133333335
-1,72963466666664
-3,62437600000002
-4,27390399999998
-6,89739200000001
-9,21067466666667
-8,95772799999999
-7,51487466666667
-5,22664266666666
-2,66041333333332
0,654245333333329
0,863434666666671
-0,463274666666671
-1,36233333333332
-1,25611200000001
0,0105733333333215
2,54004
1,76086666666664
3,29774133333335
5,78654133333331
4,66495466666667
2,13857866666669
-0,0640906666666927
-0,778847999999993
1,29889333333336
1,98323200000001
1,70328266666666
0,726957333333336
0,545095999999986
0,463762666666664
1,00593066666669
2,23081066666669
3,46935466666667
1,67107466666667
1,00495466666667
-1,63187200000001
-2,47627466666667
-0,630333333333321
0,659450666666693
-0,676530666666657
-2,37509599999999
1,79600266666666
3,88675733333334
7,54545599999999
10,0397866666667
11,1579573333333
10,9922
9,42181599999999
10,1910666666666
4,73669066666669
2,12247466666667
4,29196
3,05813333333332
0,670186666666679
1,72540533333336
3,86528533333333
4,34938133333331
5,47210666666668
5,38133866666665
1,54484533333333
0,74306133333335
-1,76672266666666
2,01560266666666
4,93953599999999
6,30382133333335
1,79242400000001
-1,61072533333333
-0,456767999999993
1,83536799999999
2,84048533333333
1,70653599999999
0,506381333333314
0,812357333333336
-0,698165333333364
-1,12337599999999
-2,71588266666666
-2,99892266666666
-0,998773333333321
-1,65366933333334
-2,88473066666666
-2,53597333333332
-2,42519733333334
-0,225293333333357
-0,298493333333321
0,977789333333343
1,08368533333333
-0,236191999999972
-0,66124
0,515815999999986
1,46156
1,26408266666666
0,631146666666678
-1,23301333333336
-1,36249599999999
0,241397333333336
2,09823733333334
3,79696533333336
4,29553866666665
5,18516266666666
8,33569066666666
8,01133333333332
3,31547200000001
-2,08880266666666
-3,12791733333334
-2,93597066666669
-0,698165333333329
0,0226106666666572
0,0055306666666572
1,58665066666666
-0,902474666666671
0,0758026666666643
3,45211200000001
3,99785866666665
3,72457866666665
2,03593599999999
1,97802666666664
3,74165866666665
2,70807466666667
3,58159466666667
5,86380799999999
1,35566399999998
4,07414933333334
3,21120266666666
-0,415938666666686
1,22422933333334
-2,16509333333336
-4,73750400000001
-5,25153066666666
-2,34744266666666
-2,64170666666668
-2,25407200000001
-1,52955466666664
-0,336394666666671
-1,90401333333332
-3,87878666666668
-3,13605066666666
-2,38355466666667
-4,52424799999999
-5,97783733333334
-5,58597333333332
-3,28114933333334
-1,70767466666667
-2,74613866666669
-3,79338666666664
-3,31612266666666
-2,17208799999999
0,0749893333333073
2,6596
3,19574933333331
3,09912533333333
4,00826933333334
4,46796533333333
3,16972266666666
1,82869866666665
0,885069333333343
1,36086933333334
3,06089866666665
3,01990666666668
2,76061599999999
3,51506400000001
2,17306399999998
0,902474666666671
-0,0720613333333499
0,425210666666693
1,26684800000003
-0,0730373333333357
4,68837866666669
7,04639466666667
7,01857866666665
3,30994133333331
2,21503200000001
1,73711733333334
1,42837599999999
0,492392000000007
0,452375999999986
-0,0850746666666714
0,911909333333307
2,19323466666667
4,35979200000001
4,41542400000001
3,53425866666669
4,92196799999999
6,04876
6,59353066666666
4,80924
6,38694400000001
5,52237066666666
1,05684533333333
-2,39217600000002
-3,70343199999997
-4,03153066666666
-3,0134
-0,591130666666657
-0,570309333333343
-0,967866666666643
-1,72312799999999
-2,80323466666667
-2,89481600000002
-1,13183466666667
2,04504533333333
3,17753066666666
1,88221599999999
4,73246133333335
8,01784
5,83143733333334
2,79022133333335
0,774130666666693
1,41357333333332
3,85894133333335
5,63574933333334
3,69318399999998
1,52581333333336
-0,270677333333336
-3,29465066666666
-4,48309333333336
-3,37907466666664
-2,65976266666666
-1,54224266666666
0,582183999999979
1,68701599999999
3,16272799999999
3,01600266666666
2,50344
4,15304266666666
4,97873866666665
5,98157866666669
3,91554933333334
2,85593866666669
2,28091200000001
1,23106133333331
2,99615733333334
3,76638400000001
0,745176000000021
0,395767999999993
2,39217600000002
2,53743733333334
1,94777066666666
-0,207237333333336
-0,46717866666665
-0,339485333333329
3,88415466666667
5,27999733333334
0,19894133333335
2,57761599999999
3,33515466666667
1,79323733333334
5,68747733333333
7,59620799999999
6,23908
6,63582400000001
7,47518399999998
3,53035466666667
1,31158133333335
4,17109866666665
6,27177599999999
8,96537333333336
5,55864533333333
4,24202133333332
2,52897866666669
0,937122666666664
5,01517599999999
8,67777866666669
7,51861599999999
8,55301333333336
8,22735466666663
5,75140533333333
3,42836266666666
-1,33402933333334
-2,91807733333334
-4,02844
-1,67953333333336
-0,38194133333335
0,0421306666666927
1,95151199999997
2,87773600000002
2,48684799999999
3,22519200000001
2,78778133333331
4,96247200000001
7,51438666666668
6,00890666666668
4,51822933333334
3,06919466666667
4,30708800000003
4,23795466666667
2,87903733333334
2,10344266666666
-0,0972746666666714
-1,90921866666665
-1,04318133333335
1,43488266666666
2,11564266666666
1,08710133333331
0,565592000000007
2,37363200000001
2,14183200000001
1,33679466666667
3,79517599999999
7,13098133333331
8,32316533333336
5,90577599999999
5,94758133333335
11,1582826666667
9,41596
6,86144266666666
6,68820266666666
5,14221866666665
3,48464533333333
3,84332533333336
0,868965333333364
-0,127693333333357
1,72329066666666
1,10288
0,610813333333321
0,835293333333321
2,06293866666665
-0,549162666666664
-1,3662373333333
0,875472000000007
3,40445066666669
3,07570133333331
2,85187200000001
5,49211466666667
4,83250133333335
3,29985599999999
0,851397333333336
-0,657335999999986
0,41236
2,10279200000001
1,08205866666665
-1,20763733333334
-2,21552
-0,298981333333314
2,36745066666666
2,11092533333333
-1,24374933333334
-3,74881599999999
-4,2335626666667
-3,53604799999999
-2,55890933333331
-0,54412
3,36199466666664
6,36433333333332
6,64656
5,81809866666665
5,72993333333332
6,19109333333332
7,49730666666668
7,72715466666667
4,45576533333333
0,0570959999999858
-2,91401066666666
-2,45935733333334
-0,489952000000007
2,92458400000001
2,86065600000002
1,62569066666666
0,99421866666665
-1,73549066666666
-3,67740533333336
-2,24886666666668
1,47636266666666
3,91587466666667
4,39818133333335
2,05610666666664
0,117282666666664
0,797717333333336
3,04137866666665
3,26602133333335
2,04162933333334
0,0566079999999929
0,363397333333336
1,74232266666666
1,67595466666667
0,782914666666671
1,19657600000002
0,420655999999986
-1,19446133333331
-1,54891200000001
-1,71776
-2,09221866666665
-2,23943200000001
-2,89188799999999
-3,45064799999999
-3,34621600000002
-3,18192266666666
-2,34939466666667
-2,32141600000002
-2,16802133333335
0,04636
2,04634666666668
1,81796266666666
1,46904266666666
-0,31964
-1,78445333333332
-1,54142933333334
-0,440663999999979
0,625616000000021
-0,792512000000007
-1,26489599999999
-2,71018933333334
-2,32776
-0,178933333333321
1,17575466666667
6,42452
6,19873866666669
6,48779733333334
3,97492266666666
2,47497333333332
3,23218666666664
5,21249066666669
5,45486399999998
2,27489333333332
0,0662053333333286
-0,214882666666664
0,531269333333343
1,21446933333331
2,58347200000001
4,80745066666666
4,81460799999999
3,31596
1,33158933333334
0,262543999999979
-1,55118933333334
-2,44764533333333
-1,34102400000001
0,0800319999999716
0,12688
-0,57714133333335
-0,244325333333329
0,725167999999993
1,86692533333333
0,961197333333336
0,359493333333322
2,49124
5,90284800000003
6,09934933333334
4,93042666666668
3,98696
4,39069866666669
3,25219466666667
1,30588799999999
-0,584136000000021
-0,816586666666643
2,14508533333333
2,66578133333335
0,13306133333335
1,30344800000003
4,05072533333333
4,91269599999999
1,74752799999999
0,373970666666657
-0,781775999999986
-0,339647999999993
-1,50629333333332
1,82967466666667
7,60710666666668
3,66504266666666
1,54549600000002
6,88356533333333
4,75556
5,59589599999999
7,30454666666664
5,12058400000001
1,85862933333334
2,41185866666665
5,63997866666665
1,92873866666665
1,52402400000001
3,33694400000001
4,08472266666666
3,82429333333336
2,74451200000001
2,99664533333333
3,77256533333333
3,89505333333336
3,33076266666666
4,01542666666668
4,72904533333333
6,06551466666667
5,21395466666667
7,23785333333336
4,24267200000001
1,79925599999999
2,42601066666669
4,04096533333336
2,73296266666666
1,90206133333335
5,76067733333334
8,46777599999998
9,28078400000001
10,4064373333333
6,62443733333334
4,17581599999999
2,33345333333332
2,81478399999998
8,53479466666667
10,0379973333333
10,5157493333333
7,04672
2,93694666666668
4,86113066666666
5,42509599999998
1,72003733333334
7,56188533333333
7,2956
7,16367733333334
10,010832
9,53926133333331
9,49420266666666
9,58480799999999
9,45890399999998
12,3470506666667
13,168192
12,2496133333333
10,7224986666666
10,4443386666667
10,3068853333333
8,83377600000002
3,14320799999999
1,63724
4,17077333333332
7,3421226666667
7,28193599999999
4,64364533333333
7,22760533333336
5,53310666666668
2,69132
1,59153066666666
-2,67716799999999
-5,39093599999999
-5,19085599999999
-3,21608266666666
-2,26952533333333
-1,95541599999999
4,05885866666665
6,45282399999998
2,2204
0,564127999999993
-0,321754666666671
1,68636533333333
1,32004
-0,627567999999993
0,12932
2,34923200000001
4,86568533333333
9,05435200000001
9,58562133333331
7,60352799999999
2,54931200000001
-3,42836266666666
-6,09316799999999
-3,89196266666666
-1,37794933333334
2,64609866666669
1,57916799999999
-2,11564266666666
-5,00053599999999
-6,75375733333334
-6,16539200000001
-3,72929599999999
-2,73572800000003
-4,06016
-4,71961066666666
-2,51222400000001
-0,548186666666678
0,48312
1,49002666666664
2,62478933333331
-1,73158666666668
-1,68555200000001
0,296704000000014
-0,160226666666678
-0,228709333333343
2,26952533333333
5,47275733333333
4,00143733333334
2,99078933333334
3,57085866666668
3,36020533333333
4,18346133333335
5,36734933333331
1,72198933333334
-1,65610933333334
-1,28197599999999
0,925085333333329
1,92776266666666
2,78257600000002
3,69090666666668
1,89604266666666
-1,08970399999998
-2,22023733333334
-2,69441066666666
-3,17069866666669
-2,77867200000001
-3,32376799999999
-1,30214666666668
1,81015466666667
2,03414666666664
4,59647200000001
7,56090933333334
7,01662666666664
5,58239466666667
3,83925866666669
2,22739466666667
2,00795733333334
2,91075733333334
3,51701599999999
3,24389866666669
0,697677333333336
-0,991290666666657
-2,16541866666665
-3,05065066666666
-2,69359733333334
-2,01137333333336
-1,69742666666668
-0,705973333333321
-0,994381333333314
-0,970306666666678
-0,506869333333343
-0,881978666666686
-1,68669066666669
-1,05440533333333
-1,09035466666667
-1,29808
-0,805850666666657
0,13908
0,899546666666643
1,80429866666665
1,3470426666667
2,01430133333331
2,15728533333333
2,33508
1,68734133333335
1,50450400000001
0,319965333333329
0,77592
-0,836432000000007
-1,73776800000003
1,03146933333331
2,15728533333333
0,832365333333329
0,844565333333329
1,74996799999999
1,74427466666667
0,323869333333343
2,61568
4,48244266666666
4,57272266666666
3,89082399999998
1,64098133333335
2,11743200000001
1,39372800000003
1,89425333333336
0,252784000000014
-0,0257013333333144
0,362095999999986
0,213093333333321
1,04871200000001
1,98339466666664
2,36598666666664
0,896293333333357
-0,265634666666671
0,465552000000007
1,81568533333333
-0,446194666666671
-3,79517599999999
-2,98883733333334
-2,08815200000001
0,0278159999999858
3,49098933333334
5,08268266666666
4,54197866666665
3,90269866666665
2,82909866666665
3,77614400000001
5,02477333333336
1,37925066666666
2,23910666666668
3,92270666666664
3,45650400000001
3,48220533333333
3,87016533333336
4,27666933333331
3,24373600000002
3,93197866666665
3,99964799999999
3,68667733333334
4,69163200000001
4,39411466666667
3,78785599999999
5,88658133333335
6,54131466666667
5,73513866666668
3,69790133333335
8,35309600000002
9,25573333333336
5,13766399999998
1,57070933333331
-0,150792000000007
0,853023999999979
0,291986666666679
-0,216509333333307
-1,13817866666665
0,145912000000007
3,45861866666669
1,38559466666664
1,34980799999999
2,76679733333334
3,06561599999999
5,95913066666666
5,13408533333333
3,58013066666666
2,26253066666666
1,87928799999999
0,956642666666664
-0,596986666666678
-1,66212799999999
-1,37925066666666
-1,46074666666664
-1,37160533333333
1,52337333333332
4,39997066666666
5,65315466666667
3,50432799999999
2,61275200000001
5,80232
5,83452799999999
2,17420266666666
1,01048533333333
4,26121600000002
2,95923200000001
3,13084533333333
3,57931733333334
3,78525333333336
4,64413333333336
1,45228800000003
-3,06089866666665
-4,79638933333334
-4,62965600000002
-2,73312533333333
1,02545066666666
3,24032
2,04228
0,273605333333329
-0,61601866666665
-3,77956
-4,38972266666666
-4,28171200000001
-3,06057333333332
-1,52613866666665
1,42496
5,73432533333336
9,16122399999998
6,96945333333332
3,95458933333331
3,57004533333333
2,44764533333333
1,91914133333331
2,46911733333334
-1,19885333333332
-2,68790399999998
0,773642666666664
-1,02447466666667
-2,84617866666669
-1,26115466666667
2,25944
-0,213255999999986
-0,698002666666664
1,00560533333333
1,87766133333335
2,90164799999999
2,3962426666667
1,70181866666669
1,99966133333335
0,87709866666665
-1,81861333333336
-3,02299733333334
-1,95688
1,30035733333334
3,19119466666667
3,24227200000001
1,27839733333334
0,028466666666643
0,329725333333329
0,995845333333329
1,60730933333331
2,21552
4,72676800000003
3,21396799999999
1,36705066666666
1,95476533333336
1,27823466666667
-0,210002666666664
-2,52019466666667
-1,59218133333331
-3,41746400000001
-4,76418133333335
-3,64194400000001
-2,00145066666666
0,0764533333333215
0,0962986666666856
-0,1172826666667
-0,233914666666671
1,41276
3,20469600000002
1,53557333333336
-0,0575839999999787
-0,410245333333329
-0,250832000000007
0,681573333333357
0,266285333333329
-3,19851466666667
-5,68568799999999
-6,39719200000001
-5,84168533333333
-5,37792266666666
-5,13148266666666
-3,58533599999999
0,8977573333333
2,16899733333334
2,27619466666667
2,23682933333334
1,67058666666664
0,15616
0,188042666666664
1,38624533333333
2,13142133333335
2,48017866666669
3,64080533333333
3,52824
3,23739200000001
4,13645066666666
3,58858933333334
2,59925066666666
1,27107733333334
0,294751999999972
0,494343999999979
2,90083466666667
3,19949066666666
2,57241066666666
1,98111733333334
1,45944533333333
2,20868799999999
1,95151200000001
3,66195200000001
4,61208799999999
4,40127199999997
4,71928533333333
4,49626933333334
3,73775466666667
2,09937600000002
0,461973333333321
-0,449285333333329
0,229685333333329
0,669536000000021
-0,803085333333364
-0,0278159999999858
0,0230986666666501
-1,83032533333333
-3,46951733333334
-4,77784533333336
-4,02128266666666
-2,46521333333332
-1,15802400000001
-1,33142666666664
-3,43112799999999
-4,10033866666665
-4,40354933333334
-4,57613866666665
-3,88659466666664
-2,85577599999999
-1,78510400000001
0,0824720000000071
2,27017599999999
4,03950133333335
3,66634399999998
1,52337333333336
2,91840266666666
0,66368
0,157786666666643
0,194549333333307
-1,89929599999999
-1,35045866666669
0,188530666666657
1,62878133333335
1,56127466666667
1,21446933333334
1,96842933333331
3,43796
3,37500800000003
2,66757066666669
2,98477066666669
3,27138933333334
4,08797599999999
3,97882666666668
1,8078773333333
-0,823093333333357
-2,47058133333335
-1,71564533333333
-1,52955466666667
-0,969493333333321
-2,20803733333334
-0,0294426666666643
1,95753066666666
1,52760266666666
-0,48425866666665
-1,34281333333336
1,14924
3,63755200000001
4,03055466666667
4,91741333333336
3,74767733333334
2,54378133333331
5,87340533333333
4,13514933333334
1,71076533333333
0,385682666666664
1,44626933333334
0,173565333333364
-1,17998400000001
0,504266666666643
3,53425866666669
5,64973866666665
8,10437866666665
8,73210933333331
8,05639200000001
5,68064533333333
2,8792
6,98311733333334
5,69186933333334
4,87609599999999
7,04346666666668
6,44859466666667
4,78858133333331
4,45283733333333
4,453
4,71896
5,15523200000001
4,71733333333336
2,88521866666665
3,19038133333331
5,19166933333334
5,49081333333332
8,22881866666665
5,95343733333334
4,22868266666666
4,31505866666665
5,37938666666668
7,33008533333333
8,22426399999998
7,98839733333334
8,99449066666669
10,1168906666667
9,75479466666667
7,9225173333333
7,86932533333336
7,05029866666669
7,36229333333336
10,446616
9,38993333333336
8,64264266666666
10,2872026666667
11,99992
8,46907733333333
5,79662666666668
2,50945866666665
1,69238399999998
1,39031199999997
2,20283200000001
4,83738133333335
4,22640533333333
1,80202133333331
-0,806826666666678
3,86821333333332
7,16253866666665
6,41622400000001
4,85283466666667
8,57481066666669
12,1167146666667
12,850504
9,96918933333334
6,74692533333333
9,51632533333333
7,82166399999998
8,25728533333333
8,24085600000002
9,35821333333332
11,5049253333333
11,6477466666667
10,3713013333333
9,48932266666666
9,10266400000001
8,60555466666667
8,99774400000001
10,9281093333333
10,0531253333333
11,67296
8,31421866666668
6,09235466666667
5,48333066666666
2,21698400000001
1,07067200000001
-1,81698666666668
1,83618133333335
6,36465866666665
4,66674400000001
6,83753066666666
5,19053066666669
4,41867733333334
5,67527733333334
3,13995466666664
4,46032
3,37777333333336
2,38762133333335
2,89855733333334
0,671650666666657
0,713455999999986
0,594872000000007
-0,57453866666665
-0,240095999999986
0,774455999999986
1,59576
0,531432000000007
-0,088653333333357
-0,857253333333321
-0,492554666666671
0,876122666666664
2,11369066666666
0,952575999999986
-2,43381866666665
-2,92621066666669
-2,6718
-2,83316533333333
-0,0745013333333499
1,41617599999999
2,22105066666669
2,86634933333334
5,02672533333333
6,58686133333335
4,74222133333335
2,93044
0,594221333333314
1,70783733333334
3,99964799999999
2,77346666666664
0,719962666666664
3,29741600000002
4,13547466666667
3,93783466666667
3,31937600000002
4,70366933333334
4,01900533333333
4,60541866666665
7,43972266666666
9,11681599999999
10,389032
6,75131733333334
0,54412
-2,55224
-2,51027199999997
-6,50650400000001
-6,22818133333331
-4,43819733333334
-3,56174933333331
-2,39754400000001
-1,20470933333334
-0,20984
-0,305162666666664
-3,04528266666666
-1,2006426666667
1,81243199999997
-0,7442
1,59413333333332
5,86754933333334
4,23925599999999
3,70457066666669
2,55679466666667
3,29237333333332
5,11863200000001
5,60305333333336
1,42561066666669
-0,294752000000007
-1,23008533333333
-1,03765066666669
1,44399199999997
2,69766400000001
2,72661866666665
4,36369599999998
2,63633866666665
0,915650666666657
1,69466133333335
2,76647200000001
1,72150133333331
0,29166133333335
1,02203466666667
0,899384000000014
-2,24512533333333
-1,74785333333336
-2,91791466666667
-1,98583466666667
-0,785517333333336
-0,575352000000007
-1,03716266666666
-0,679133333333321
1,45846933333334
4,29830399999998
5,42070400000001
4,82599466666667
4,98378133333331
4,54913599999999
2,76988799999999
1,62520266666666
2,07546399999998
4,89154933333334
4,90228533333333
4,69781333333332
3,00136266666666
2,93141600000002
3,21169066666666
0,0001626666666643
-2,91352266666666
-3,34637866666665
-2,26350666666668
-0,932730666666693
0,270351999999972
0,241397333333336
0,0281413333333144
-0,703370666666657
-1,59933866666665
-1,62097333333332
0,83448
2,04846133333331
1,33614400000001
0,589992000000007
1,85098400000001
0,391376000000021
-0,6344
1,49864799999999
4,07154666666668
6,61484
7,03728533333333
3,16370399999998
-1,19348533333333
-2,05610666666668
-2,71750933333334
-3,44251466666664
-3,71644533333336
-3,03161866666669
-1,98209333333332
0,113216000000021
2,20055466666667
4,42583466666664
4,11562933333334
2,97094399999998
3,41860266666666
4,70513333333332
2,06733066666669
2,97793866666669
-0,699792000000007
1,68913066666666
4,392
6,08226933333334
6,43899733333334
5,58125599999998
3,72588
3,66178933333334
-0,0548186666666856
-0,879375999999986
-1,80299733333334
-0,393978666666686
1,72768266666666
1,39925866666665
0,179909333333343
-0,624314666666671
0,403576000000021
2,28221333333332
4,62526399999998
4,06764266666666
5,15897333333332
6,37946133333335
3,12824266666666
1,48612266666666
3,24292266666666
4,24527466666667
3,69009333333332
4,43705866666668
7,10397866666665
6,84891733333334
4,37378133333335
5,92285600000002
7,80881333333332
7,59767199999997
6,55156266666666
4,62607733333333
0,68564
-2,02097066666669
-3,13995466666667
-2,76256799999999
-1,88189066666666
-2,43040266666666
-1,85277333333332
-2,18981866666669
-0,523623999999979
2,49628266666666
3,50611733333334
3,59444533333333
3,40851733333334
3,90351200000001
6,04762133333335
4,90570133333331
6,18442400000001
8,18912799999999
8,87883466666667
8,33097333333332
5,64241866666665
-1,06514133333331
-5,02900266666666
-6,70121599999999
-7,21345333333336
-4,82046399999998
0,47824
3,43600799999999
3,76443200000001
3,88740799999999
4,91090666666668
7,58482133333335
8,28624
6,83688
6,37653333333336
6,16067466666667
7,97310666666668
6,13367200000001
5,34473866666665
5,20191733333334
9,85646133333331
9,69737333333332
7,82882133333335
2,91075733333334
2,05822133333331
7,75366933333334
10,7854506666667
10,5850453333333
6,53627200000001
3,17151200000001
5,53213066666666
6,12537599999999
7,77579200000001
9,55829333333332
8,97057866666665
7,30796266666666
4,37687200000001
4,50960799999999
4,25292
1,84903200000001
1,49279200000001
1,26473333333332
-0,289871999999972
-1,02382399999998
1,26164266666666
2,26399466666664
-0,108335999999986
-2,47627466666667
0,348106666666643
5,71789599999999
4,94978400000001
3,47911466666667
4,88146400000001
9,60432800000003
14,4210506666667
10,722336
9,88704266666666
9,89664
8,66818133333331
8,75114133333335
6,88226400000002
7,58953866666665
8,92177866666665
6,39556533333333
5,18646399999998
3,32523199999997
3,22633066666669
5,90040799999999
3,05211466666667
3,54759733333334
5,27950933333334
4,91432266666666
4,24494933333331
5,58402133333331
4,46438666666668
3,51425066666666
2,75964
2,97842666666668
1,78445333333336
-0,0445706666666572
-0,259453333333321
2,59274400000001
1,60015200000001
-0,550138666666686
1,48335733333334
3,12059733333334
0,995194666666671
2,89660533333333
3,24991733333334
1,12093599999999
2,51124799999999
1,89360266666666
1,06465333333332
0,470269333333307
-0,134850666666657
-2,60657066666666
0,130783999999979
1,8056
-1,29466400000001
-2,00551733333334
0,306626666666643
1,83276533333333
1,0614
0,600728000000028
0,0824720000000071
1,09865066666666
1,80072
-0,911095999999986
-1,93849866666669
-1,94728266666666
-0,851071999999972
-0,562989333333343
-1,58534933333331
-2,84780533333333
-3,13263466666667
-1,24374933333334
0,116144000000014
0,414637333333336
-0,534197333333336
0,753634666666671
0,391213333333321
-0,888322666666664
-1,80234666666664
-1,14208266666666
-1,29222399999998
-2,26968799999999
-2,13272266666666
-1,37567200000001
-1,88270399999998
-0,555344000000014
-0,655709333333307
-0,935983999999979
-1,26993866666669
-0,0663679999999929
-1,51735466666667
-1,67123733333334
-0,675554666666671
0,0039040000000142
-3,08350933333331
-3,14597333333332
-3,20794933333331
-3,25186933333334
-4,01998133333331
-2,08424799999999
2,67798133333331
6,00581599999999
5,43762133333331
5,32538133333335
5,20891200000001
4,74449866666669
3,50806933333334
3,51848
5,74912799999999
5,93684533333333
2,96102133333335
1,50125066666666
1,40332533333333
4,29293600000002
6,82012533333333
6,90145866666665
6,40174666666668
5,73237333333332
4,55222666666668
5,20777333333332
4,39151200000001
5,95490133333335
6,73277333333332
7,80702400000001
8,82385333333336
6,55872
4,56719200000001
5,69805066666666
5,95782933333334
8,54455466666667
7,40426133333335
4,51156
2,31604799999999
0,973234666666636
0,839522666666664
1,93264266666666
1,73825599999999
1,66928533333333
0,571610666666657
-0,456442666666664
-2,17648
-0,235053333333357
2,05936
5,25689866666665
8,00157333333332
7,13895199999997
4,21030133333331
2,02471200000001
4,05560533333333
6,81492
4,80712533333333
3,62030933333334
6,59304266666666
8,26444266666666
9,86833600000002
7,52252
0,806989333333343
1,82918666666668
3,26781066666669
1,26749866666669
6,06746666666668
8,56358666666668
5,88690666666664
0,519394666666671
1,48189333333332
2,03886399999998
2,25390933333334
3,00477866666669
3,88626933333331
3,84901866666669
2,46065866666669
1,59998933333331
3,81713599999999
3,57378666666668
0,432855999999986
-1,68815466666667
-1,82251733333334
-0,516792000000007
-3,25561066666666
-2,05724533333333
1,91621333333332
3,34605333333332
5,44933333333332
4,85934133333331
5,40931733333334
5,03046666666668
5,19134400000001
1,21772266666666
0,150466666666678
-2,03414666666664
-2,26789866666665
-2,11824533333333
-2,64219466666664
-0,271815999999986
2,92165599999999
5,23949333333336
1,71938666666668
1,12841866666665
1,30653866666669
0,252296000000021
1,19999199999997
3,88952266666666
3,12010933333334
5,29512533333333
4,93026400000001
5,35905333333332
9,80717333333336
12,195608
8,70998666666668
2,86016800000003
-0,165594666666671
0,313783999999979
2,01576533333333
4,34808
3,93311733333334
2,67407733333334
3,00380266666666
2,73572799999999
2,00242666666664
-0,417727999999993
-1,26912533333333
-1,41698933333334
-0,417727999999993
-1,35517600000002
-2,61551733333334
-3,16191466666667
-3,48480799999999
-3,80737599999999
-2,87529600000002
-0,269538666666686
1,68831733333334
1,37648533333333
0,289058666666686
-0,106383999999979
1,65529599999999
4,66121333333332
3,46024533333333
1,37550933333334
-1,27124
-1,73809333333332
-1,81210666666664
-0,564290666666657
0,335093333333321
-0,189994666666671
-2,46423733333334
-1,94890933333334
-1,27075200000001
0,825370666666657
2,76972533333333
0,650829333333343
1,17982133333335
4,33457866666669
5,2242026666667
2,67114933333331
1,33142666666668
1,74899199999997
2,63975466666667
3,79989333333332
1,20796266666666
-3,02072
-3,90237333333336
-2,17826933333331
1,91621333333336
3,70343200000001
3,13361066666669
1,42951466666667
2,11450400000001
2,61356533333333
1,52581333333336
1,03439733333334
1,82202933333334
2,78989599999999
-0,106872000000007
-2,42405866666669
0,298656000000021
0,3978826666667
2,08343466666667
3,87406933333331
1,75598666666668
1,65253066666669
2,65309333333332
3,20990133333335
1,89962133333331
1,88042666666668
4,26690933333334
3,83112533333333
-0,307277333333336
0,0351360000000213
1,31190666666668
1,42609866666669
1,88969866666669
1,03374666666668
-0,481168000000028
0,255549333333343
0,581045333333364
0,134687999999993
-0,61130133333335
-0,737693333333357
-1,88677066666666
-2,92425866666669
-3,86967733333334
-2,33573066666666
1,00755733333334
-0,540215999999986
-0,0328586666666856
-1,48449599999999
-2,10018933333334
-1,82658400000001
-0,911746666666679
-0,233752000000007
0,526226666666643
2,77590666666668
2,135
1,10336799999999
-0,984784000000014
-2,71572
-2,32971200000001
-0,327935999999986
1,28441599999999
1,36282133333335
4,02437333333336
5,40541333333336
5,18565066666669
5,37678400000001
4,94181333333336
3,24796533333336
0,161853333333321
-1,10336799999999
-2,56069866666669
-3,35597599999999
-3,00217600000002
3,62209866666669
6,1876773333333
7,11715466666667
4,82225333333332
3,72799466666667
3,99184
5,50903200000001
6,50894400000001
5,13310933333334
4,42290666666664
4,21209066666666
3,27513066666666
4,62689066666666
6,80938933333334
5,91504799999999
4,40940533333333
7,59425600000002
4,95938133333331
1,29287466666667
-0,14884
-0,773317333333336
-2,21682133333335
-3,47146933333334
-3,56776800000003
-1,75517333333336
-0,646274666666671
-2,06163733333334
-0,74908
1,24521333333336
0,255549333333307
-1,76948799999999
-2,52409866666669
-2,97696266666666
-3,45113600000002
-1,17315200000001
1,02105866666669
0,588690666666657
-0,0035786666666856
-1,53166933333334
-1,91133333333336
-0,927688000000028
0,961197333333336
2,43186666666668
1,24228533333333
-1,32134133333335
-0,805362666666664
-0,352010666666693
0,0946720000000071
-2,52784
-3,65072800000003
-2,77428
-1,59283200000001
0,368602666666664
1,71922400000001
2,06098666666668
2,82308
1,69921599999999
3,35483733333334
6,39963200000001
6,1123626666667
7,21524266666666
7,94480266666666
7,07665066666666
8,79912799999999
7,64809866666665
7,26339200000001
9,46703733333334
8,77993333333336
6,73065866666665
4,90537600000002
3,24682666666668
3,76443200000001
2,24805333333332
-0,817074666666636
-2,09140533333333
-1,69645066666669
0,812682666666664
1,91588799999999
0,813170666666657
-0,776733333333322
-1,52890399999998
-4,28431466666667
-5,20191733333334
-4,35718933333334
-3,18127199999997
-3,99346666666664
-4,84876799999999
-5,96482399999998
-2,88326666666664
-0,287757333333336
-0,951762666666664
2,85512533333336
4,89886933333334
4,07658933333334
2,39152533333333
0,1026426666667
0,237981333333314
2,68790400000001
3,01177333333332
1,77501866666669
1,05277866666669
-0,32094133333335
