0,758181818181818 0,508421052631578 -0,824 0,546031746031746 0,76031746031746 -1 -1 -1 -1 -1 -1 1 -1 1 -1 0,812727272727273 0,483157894736842 -0,728 0,625396825396825 0,83968253968254 -0,78 -1 1 -1 -1 1 0,778181818181818 0,508421052631578 -0,496 0,623015873015873 0,837301587301587 -0,992 -1 1 -1 -1 -1 0,813636363636364 0,5 -0,864 0,634126984126984 0,848412698412699 -1 -1 -1 -1 -1 -1 0,708181818181818 0,534736842105263 -0,824 0,56031746031746 0,774603174603175 -1 -1 -1 -1 -1 -1 
0,772727272727273 0,552631578947368 -0,768 0,65 0,864285714285714 -1 -1 -1 -1 -1 -1 1 -1 -1 1 0,822727272727273 0,576842105263157 -0,512 0,646825396825397 0,861111111111111 -0,968 -1 -1 -1 -1 -1 0,770909090909091 0,539999999999999 -0,376 0,611111111111111 0,825396825396825 -1 -1 -1 -1 -1 -1 0,813636363636364 0,527368421052632 -0,904 0,614285714285714 0,828571428571429 -1 -1 -1 -1 -1 -1 0,75 0,586315789473685 -0,808 0,56031746031746 0,774603174603175 -1 -1 -1 -1 -1 -1 
0,77 0,596842105263158 -0,648 0,601587301587302 0,815873015873016 -1 -1 -1 -1 -1 -1 -1 1 -1 1 0,813636363636364 0,609473684210526 -0,608 0,626984126984127 0,841269841269841 -1 -1 -1 -1 -1 -1 0,742727272727273 0,554736842105264 -0,144 0,596031746031746 0,81031746031746 -1 -1 -1 -1 -1 -1 0,822727272727273 0,562105263157895 -0,848 0,66031746031746 0,874603174603175 -1 -1 -1 -1 -1 -1 0,756363636363636 0,621052631578947 -0,648 0,574603174603175 0,788888888888889 -1 -1 -1 -1 -1 -1 
0,742727272727273 0,591578947368422 -0,608 0,585714285714286 0,8 -1 -1 -1 -1 -1 -1 1 -1 -1 1 0,792727272727273 0,624210526315789 -0,848 0,605555555555556 0,81984126984127 -1 -1 -1 -1 -1 -1 0,750909090909091 0,551578947368421 -0,312 0,638888888888889 0,853174603174603 -1 -1 1 -1 -1 -1 0,775454545454545 0,575789473684211 -0,704 0,615873015873016 0,83015873015873 -1 -1 -1 -1 -1 -1 0,776363636363636 0,614736842105263 -0,512 0,584126984126984 0,798412698412698 -1 -1 -1 -1 -1 -1 
0,790909090909091 0,58421052631579 -0,536 0,628571428571429 0,842857142857143 -1 -1 -1 -1 -1 -1 -1 1 1 -1 0,767272727272727 0,62 -0,728 0,568253968253968 0,782539682539683 -1 -1 -1 -1 -1 -1 0,75 0,539999999999999 -0,2 0,614285714285714 0,828571428571429 -1 -1 -1 -1 -1 -1 0,786363636363636 0,585263157894737 -0,824 0,601587301587302 0,815873015873016 -1 -1 -1 -1 -1 -1 0,782727272727273 0,606315789473684 -0,576 0,625396825396825 0,83968253968254 -1 -1 -1 -1 -1 -1 
0,795454545454545 0,475789473684211 -0,648 0,614285714285714 0,828571428571429 -0,78 -1 1 -1 -1 1 -1 1 -1 1 0,750909090909091 0,542105263157895 -0,496 0,628571428571429 0,842857142857143 -1 -1 -1 -1 -1 -1 0,77 0,453684210526316 -0,848 0,6 0,814285714285714 -0,86 -1 1 -1 -1 1 0,784545454545455 0,488421052631579 -0,864 0,56984126984127 0,784126984126984 -0,904 -1 1 -1 -1 1 0,737272727272727 0,490526315789474 -0,336 0,607142857142857 0,821428571428571 -1 -1 -1 -1 -1 -1 
0,762727272727273 0,517894736842106 -0,456 0,58968253968254 0,803968253968254 -0,984 -1 -1 -1 -1 -1 -1 1 1 -1 0,772727272727273 0,577894736842105 -0,624 0,605555555555556 0,81984126984127 -1 -1 -1 -1 -1 -1 0,758181818181818 0,474736842105263 -0,44 0,603174603174603 0,817460317460317 -1 -1 -1 -1 -1 -1 0,789090909090909 0,511578947368421 -0,688 0,614285714285714 0,828571428571429 -0,984 -1 1 -1 -1 -1 0,730909090909091 0,528421052631579 -0,44 0,58968253968254 0,803968253968254 -1 -1 -1 -1 -1 -1 
0,764545454545455 0,556842105263158 -0,576 0,612698412698413 0,826984126984127 -1 -1 -1 -1 -1 -1 1 -1 1 -1 0,766363636363636 0,596842105263158 -0,64 0,596031746031746 0,81031746031746 -1 -1 -1 -1 -1 -1 0,751818181818182 0,509473684210526 -0,28 0,614285714285714 0,828571428571429 -1 -1 -1 -1 -1 -1 0,776363636363636 0,548421052631579 -0,744 0,591269841269841 0,805555555555556 -1 -1 -1 -1 -1 -1 0,755454545454545 0,563157894736842 -0,4 0,573015873015873 0,787301587301587 -0,984 -1 -1 -1 -1 1 
0,787272727272727 0,571578947368421 -0,848 0,6 0,814285714285714 -1 -1 -1 -1 -1 -1 -1 1 1 -1 0,800909090909091 0,58421052631579 -0,912 0,598412698412699 0,812698412698413 -1 -1 1 -1 -1 -1 0,74 0,552631578947368 -0,712 0,557142857142857 0,771428571428571 -1 -1 -1 -1 -1 -1 0,78 0,560000000000001 -0,784 0,585714285714286 0,8 -1 -1 -1 -1 -1 -1 0,76 0,558947368421053 -0,512 0,576984126984127 0,791269841269841 -1 -1 -1 -1 -1 -1 
0,810909090909091 0,549473684210527 -0,784 0,637301587301587 0,851587301587302 -1 -1 -1 -1 -1 -1 1 -1 1 -1 0,781818181818182 0,558947368421053 -0,624 0,646825396825397 0,861111111111111 -1 -1 1 -1 -1 1 0,779090909090909 0,52 -0,512 0,605555555555556 0,81984126984127 -1 -1 -1 -1 -1 -1 0,804545454545455 0,562105263157895 -0,96 0,607142857142857 0,821428571428571 -1 -1 -1 -1 -1 -1 0,757272727272727 0,541052631578947 -0,456 0,587301587301587 0,801587301587302 -1 -1 -1 -1 -1 -1 
0,742727272727273 0,591578947368422 -0,608 0,585714285714286 0,8 -1 -1 -1 -1 -1 -1 -1 1 1 -1 0,792727272727273 0,624210526315789 -0,848 0,605555555555556 0,81984126984127 -1 -1 -1 -1 -1 -1 0,750909090909091 0,551578947368421 -0,312 0,638888888888889 0,853174603174603 -1 -1 1 -1 -1 -1 0,775454545454545 0,575789473684211 -0,704 0,615873015873016 0,83015873015873 -1 -1 -1 -1 -1 -1 0,776363636363636 0,614736842105263 -0,512 0,584126984126984 0,798412698412698 -1 -1 -1 -1 -1 -1 
0,790909090909091 0,58421052631579 -0,536 0,628571428571429 0,842857142857143 -1 -1 -1 -1 -1 -1 -1 1 1 -1 0,767272727272727 0,62 -0,728 0,568253968253968 0,782539682539683 -1 -1 -1 -1 -1 -1 0,75 0,539999999999999 -0,2 0,614285714285714 0,828571428571429 -1 -1 -1 -1 -1 -1 0,786363636363636 0,585263157894737 -0,824 0,601587301587302 0,815873015873016 -1 -1 -1 -1 -1 -1 0,782727272727273 0,606315789473684 -0,576 0,625396825396825 0,83968253968254 -1 -1 -1 -1 -1 -1 
0,780909090909091 0,574736842105263 -0,824 0,628571428571429 0,842857142857143 -1 -1 -1 -1 -1 -1 -1 1 1 -1 0,838181818181818 0,570526315789474 -0,648 0,605555555555556 0,81984126984127 -1 -1 -1 -1 -1 -1 0,711818181818182 0,566315789473684 -0,536 0,578571428571429 0,792857142857143 -1 -1 -1 -1 -1 -1 0,821818181818182 0,569473684210527 -0,92 0,632539682539683 0,846825396825397 -1 -1 -1 -1 -1 -1 0,774545454545455 0,591578947368422 -0,864 0,581746031746032 0,796031746031746 -1 -1 -1 -1 -1 -1 
0,796363636363636 0,543157894736842 -0,744 0,634126984126984 0,848412698412699 -1 -1 -1 -1 -1 -1 -1 1 1 -1 0,847272727272727 0,516842105263158 -0,592 0,655555555555556 0,86984126984127 -1 -1 -1 -1 -1 1 0,744545454545455 0,575789473684211 -0,768 0,56984126984127 0,784126984126984 -1 -1 -1 -1 -1 -1 0,840909090909091 0,542105263157895 -0,904 0,651587301587301 0,865873015873016 -1 -1 -1 -1 -1 -1 0,776363636363636 0,552631578947368 -0,944 0,561111111111111 0,775396825396825 -1 -1 -1 -1 -1 -1 
0,82 0,531578947368421 -0,552 0,657142857142857 0,871428571428571 -1 -1 -1 -1 -1 -1 -1 1 1 -1 0,850909090909091 0,530526315789473 -0,728 0,658730158730159 0,873015873015873 -0,876 -1 1 -1 -1 1 0,761818181818182 0,583157894736842 -0,512 0,675396825396825 0,88968253968254 -1 -1 -1 -1 -1 -1 0,84 0,543157894736842 -0,88 0,642857142857143 0,857142857142857 -1 -1 -1 -1 -1 -1 0,829090909090909 0,530526315789473 -0,608 0,641269841269841 0,855555555555556 -1 -1 -1 -1 -1 1 
0,799090909090909 0,56421052631579 -0,456 0,651587301587301 0,865873015873016 -0,992 -1 -1 -1 -1 -1 1 -1 1 -1 0,806363636363636 0,602105263157895 -0,512 0,66984126984127 0,884126984126984 -1 -1 -1 -1 -1 -1 0,756363636363636 0,562105263157895 -0,552 0,61031746031746 0,824603174603175 -1 -1 -1 -1 -1 -1 0,843636363636364 0,513684210526315 0,376 0,717460317460317 0,931746031746032 -1 -1 -1 -1 -1 -1 0,74 0,607368421052632 -0,496 0,6 0,814285714285714 -1 -1 -1 -1 -1 -1 
0,789090909090909 0,560000000000001 -0,624 0,592857142857143 0,807142857142857 -1 -1 -1 -1 -1 -1 -1 1 1 -1 0,786363636363636 0,601052631578948 -0,688 0,564285714285714 0,778571428571429 -1 -1 -1 -1 -1 -1 0,744545454545455 0,532631578947369 -0,536 0,582539682539683 0,796825396825397 -1 -1 -1 -1 -1 -1 0,791818181818182 0,532631578947369 -0,144 0,703174603174603 0,917460317460317 -1 -1 -1 -1 -1 -1 0,78 0,58 -0,632 0,592857142857143 0,807142857142857 -1 -1 -1 -1 -1 -1 
0,799090909090909 0,568421052631579 -0,688 0,617460317460317 0,831746031746032 -1 -1 -1 -1 -1 -1 -1 1 1 -1 0,812727272727273 0,591578947368422 -0,744 0,592857142857143 0,807142857142857 -1 -1 -1 -1 -1 -1 0,783636363636364 0,538947368421053 -0,728 0,596031746031746 0,81031746031746 -1 -1 -1 -1 -1 -1 0,790909090909091 0,560000000000001 -0,44 0,68015873015873 0,894444444444444 -1 -1 -1 -1 -1 -1 0,812727272727273 0,578947368421053 -0,712 0,631746031746032 0,846031746031746 -1 -1 -1 -1 -1 -1 
0,806363636363636 0,556842105263158 -0,784 0,612698412698413 0,826984126984127 -1 -1 -1 -1 -1 -1 -1 1 1 -1 0,825454545454545 0,552631578947368 -0,784 0,614285714285714 0,828571428571429 -1 -1 -1 -1 -1 -1 0,799090909090909 0,529473684210526 -0,784 0,63015873015873 0,844444444444444 -1 -1 -1 -1 -1 -1 0,811818181818182 0,547368421052632 -0,592 0,685714285714286 0,9 -1 -1 -1 -1 -1 -1 0,830909090909091 0,562105263157895 -0,744 0,623015873015873 0,837301587301587 -1 -1 -1 -1 -1 -1 
0,822727272727273 0,548421052631579 -0,784 0,642857142857143 0,857142857142857 -1 -1 -1 -1 -1 -1 -1 1 1 -1 0,854545454545455 0,554736842105264 -0,36 0,671428571428571 0,885714285714286 -1 -1 1 -1 -1 -1 0,806363636363636 0,518947368421052 -0,496 0,623015873015873 0,837301587301587 -1 -1 -1 -1 -1 -1 0,818181818181818 0,545263157894736 -0,624 0,687301587301587 0,901587301587301 -1 -1 -1 -1 -1 1 0,841818181818182 0,541052631578947 -0,864 0,626984126984127 0,841269841269841 -1 -1 -1 -1 -1 -1 
0,851818181818182 0,513684210526315 -0,6 0,675396825396825 0,88968253968254 -1 1 1 -1 -1 1 -1 1 1 -1 0,836363636363636 0,563157894736842 -0,512 0,675396825396825 0,88968253968254 -0,984 -1 1 -1 -1 -1 0,781818181818182 0,545263157894736 -0,536 0,646825396825397 0,861111111111111 -1 -1 -1 -1 -1 -1 0,831818181818182 0,481052631578948 -0,496 0,692857142857143 0,907142857142857 -0,996 -1 1 -1 -1 -1 0,802727272727273 0,545263157894736 -0,512 0,681746031746032 0,896031746031746 -1 -1 -1 -1 -1 -1 
0,849090909090909 0,530526315789473 -0,456 0,671428571428571 0,885714285714286 -0,904 -1 -1 -1 -1 -1 -1 -1 -1 -1 0,846363636363636 0,578947368421053 -0,496 0,68015873015873 0,894444444444444 -0,96 -1 1 -1 -1 -1 0,810909090909091 0,537894736842106 -0,688 0,621428571428571 0,835714285714286 -1 -1 -1 -1 -1 -1 0,837272727272727 0,505263157894737 -0,472 0,68015873015873 0,894444444444444 -1 -1 1 -1 -1 -1 0,840909090909091 0,548421052631579 -0,848 0,667460317460317 0,881746031746032 -0,876 -1 -1 -1 -1 1 
0,848181818181818 0,547368421052632 -0,768 0,673015873015873 0,887301587301587 -1 -1 -1 -1 -1 -1 -1 1 1 -1 0,819090909090909 0,554736842105264 -0,784 0,623015873015873 0,837301587301587 -1 -1 -1 -1 -1 -1 0,811818181818182 0,53578947368421 -0,552 0,658730158730159 0,873015873015873 -1 -1 -1 -1 -1 -1 0,85 0,529473684210526 -0,608 0,692857142857143 0,907142857142857 -1 -1 -1 -1 -1 -1 0,829090909090909 0,548421052631579 -0,784 0,664285714285714 0,878571428571429 -1 -1 -1 -1 -1 -1 
0,853636363636364 0,534736842105263 -0,808 0,658730158730159 0,873015873015873 -1 -1 -1 -1 -1 -1 -1 1 -1 1 0,816363636363636 0,510526315789474 -0,752 0,632539682539683 0,846825396825397 -1 -1 -1 -1 -1 -1 0,821818181818182 0,523157894736843 -0,456 0,661111111111111 0,875396825396825 -1 -1 -1 -1 -1 -1 0,860909090909091 0,539999999999999 -0,672 0,694444444444444 0,908730158730159 -1 -1 -1 -1 -1 -1 0,824545454545455 0,512631578947369 -0,592 0,621428571428571 0,835714285714286 -1 -1 -1 -1 -1 -1 
0,848181818181818 0,515789473684211 -0,736 0,684126984126984 0,898412698412698 -1 -1 -1 -1 -1 -1 1 -1 1 -1 0,839090909090909 0,486315789473685 -0,64 0,715873015873016 0,93015873015873 -1 -1 -1 -1 -1 -1 0,848181818181818 0,494736842105263 -0,328 0,694444444444444 0,908730158730159 -1 -1 -1 -1 -1 -1 0,858181818181818 0,531578947368421 -0,744 0,701587301587302 0,915873015873016 -1 -1 -1 -1 -1 -1 0,861818181818182 0,490526315789474 -0,776 0,68968253968254 0,903968253968254 -0,992 -1 -1 -1 -1 1 
0,79 0,569473684210527 -0,768 0,601587301587302 0,815873015873016 -1 -1 -1 -1 -1 -1 -1 1 1 -1 0,804545454545455 0,552631578947368 -0,808 0,61984126984127 0,834126984126984 -1 -1 -1 -1 -1 -1 0,750909090909091 0,52 -0,448 0,603968253968254 0,818253968253968 -1 -1 -1 -1 -1 -1 0,740909090909091 0,56421052631579 -0,712 0,635714285714286 0,85 -1 -1 -1 -1 -1 -1 0,815454545454545 0,552631578947368 -0,672 0,603174603174603 0,817460317460317 -1 -1 -1 -1 -1 -1 
0,806363636363636 0,550526315789473 -0,88 0,631746031746032 0,846031746031746 -1 -1 -1 -1 -1 -1 -1 1 1 -1 0,811818181818182 0,506315789473685 -0,536 0,662698412698413 0,876984126984127 -1 -1 -1 -1 -1 -1 0,757272727272727 0,533684210526316 -0,6 0,58015873015873 0,794444444444444 -1 -1 -1 -1 -1 -1 0,781818181818182 0,542105263157895 -0,776 0,661111111111111 0,875396825396825 -1 -1 -1 -1 -1 -1 0,836363636363636 0,541052631578947 -0,848 0,667460317460317 0,881746031746032 -1 -1 -1 -1 -1 -1 
0,821818181818182 0,541052631578947 -0,752 0,638888888888889 0,853174603174603 -1 -1 -1 -1 -1 -1 1 -1 -1 1 0,834545454545454 0,545263157894736 -0,32 0,676984126984127 0,891269841269841 -1 -1 -1 -1 -1 -1 0,748181818181818 0,548421052631579 -0,88 0,603174603174603 0,817460317460317 -1 -1 -1 -1 -1 -1 0,822727272727273 0,526315789473684 -0,728 0,692857142857143 0,907142857142857 -1 -1 -1 -1 -1 -1 0,816363636363636 0,539999999999999 -0,768 0,646825396825397 0,861111111111111 -1 -1 -1 -1 -1 -1 
0,818181818181818 0,575789473684211 -0,32 0,65 0,864285714285714 -1 -1 -1 -1 -1 -1 1 -1 -1 1 0,785454545454546 0,631578947368421 -0,768 0,653174603174603 0,867460317460317 -0,968 -1 1 -1 -1 -1 0,765454545454546 0,54421052631579 -1 0,607142857142857 0,821428571428571 -1 -1 -1 -1 -1 -1 0,825454545454545 0,545263157894736 -0,224 0,731746031746032 0,946031746031746 -1 -1 -1 -1 -1 -1 0,787272727272727 0,583157894736842 -0,184 0,648412698412698 0,862698412698413 -1 -1 -1 -1 -1 1 
0,788181818181818 0,582105263157894 -0,456 0,603174603174603 0,817460317460317 -1 -1 1 -1 -1 -1 1 -1 -1 1 0,752727272727273 0,596842105263158 -0,672 0,574603174603175 0,788888888888889 -1 -1 -1 -1 -1 -1 0,777272727272727 0,525263157894737 -0,264 0,632539682539683 0,846825396825397 -1 -1 -1 -1 -1 -1 0,753636363636364 0,550526315789473 -0,224 0,692857142857143 0,907142857142857 -1 -1 1 -1 -1 -1 0,784545454545455 0,588421052631579 -0,592 0,637301587301587 0,851587301587302 -1 -1 1 -1 -1 -1 
0,807272727272727 0,527368421052632 -0,736 0,66031746031746 0,874603174603175 -1 -1 1 -1 -1 -1 1 -1 -1 1 0,812727272727273 0,517894736842106 -0,648 0,66031746031746 0,874603174603175 -1 -1 -1 -1 -1 1 0,762727272727273 0,512631578947369 -0,648 0,588888888888889 0,803174603174603 -1 -1 1 -1 -1 1 0,809090909090909 0,531578947368421 -0,808 0,712698412698413 0,926984126984127 -0,984 -1 -1 -1 -1 1 0,736363636363636 0,543157894736842 -0,808 0,565873015873016 0,78015873015873 -1 -1 -1 -1 -1 -1 
0,821818181818182 0,509473684210526 -0,784 0,641269841269841 0,855555555555556 -1 -1 -1 -1 -1 -1 1 -1 -1 1 0,803636363636364 0,493684210526316 -0,472 0,63968253968254 0,853968253968254 -1 -1 -1 -1 -1 -1 0,716363636363636 0,528421052631579 -0,808 0,51984126984127 0,734126984126984 -0,952 -1 -1 -1 -1 -1 0,810909090909091 0,501052631578948 -0,704 0,692857142857143 0,907142857142857 -1 -1 -1 -1 -1 -1 0,779090909090909 0,507368421052632 -0,712 0,548412698412698 0,762698412698413 -0,984 -1 1 -1 -1 1 
0,820909090909091 0,510526315789474 -0,688 0,667460317460317 0,881746031746032 -1 -1 -1 -1 -1 -1 1 -1 -1 1 0,819090909090909 0,496842105263158 -0,512 0,638888888888889 0,853174603174603 -1 -1 -1 -1 -1 -1 0,778181818181818 0,526315789473684 -0,512 0,615873015873016 0,83015873015873 -1 -1 -1 -1 -1 -1 0,83 0,511578947368421 -0,688 0,707142857142857 0,921428571428571 -1 -1 -1 -1 -1 -1 0,851818181818182 0,507368421052632 -0,824 0,651587301587301 0,865873015873016 -0,968 -1 -1 -1 -1 -1 
0,845454545454545 0,526315789473684 -0,632 0,68015873015873 0,894444444444444 -0,936 -1 1 -1 -1 1 1 -1 1 -1 0,831818181818182 0,547368421052632 -0,632 0,694444444444444 0,908730158730159 -0,812 -1 1 -1 -1 -1 0,796363636363636 0,533684210526316 -0,4 0,661111111111111 0,875396825396825 -1 -1 -1 -1 -1 -1 0,841818181818182 0,525263157894737 -0,648 0,714285714285714 0,928571428571429 -0,996 -1 -1 -1 -1 1 0,826363636363636 0,517894736842106 -0,648 0,621428571428571 0,835714285714286 -1 -1 1 -1 -1 -1 
0,772727272727273 0,631578947368421 -0,648 0,641269841269841 0,855555555555556 -0,828 -1 -1 -1 -1 -1 1 -1 1 -1 0,733636363636364 0,64 -0,752 0,574603174603175 0,788888888888889 -1 -1 -1 -1 -1 -1 0,792727272727273 0,582105263157894 -0,472 0,603968253968254 0,818253968253968 -1 -1 1 -1 -1 -1 0,795454545454545 0,6 -0,552 0,714285714285714 0,928571428571429 -0,952 -1 -1 -1 -1 -1 0,770909090909091 0,618947368421052 -0,576 0,614285714285714 0,828571428571429 -0,936 -1 -1 -1 -1 -1 
0,848181818181818 0,515789473684211 -0,736 0,684126984126984 0,898412698412698 -1 -1 -1 -1 -1 -1 1 -1 1 -1 0,839090909090909 0,486315789473685 -0,64 0,715873015873016 0,93015873015873 -1 -1 -1 -1 -1 -1 0,848181818181818 0,494736842105263 -0,328 0,694444444444444 0,908730158730159 -1 -1 -1 -1 -1 -1 0,858181818181818 0,531578947368421 -0,744 0,701587301587302 0,915873015873016 -1 -1 -1 -1 -1 -1 0,861818181818182 0,490526315789474 -0,776 0,68968253968254 0,903968253968254 -0,992 -1 -1 -1 -1 1 
0,852727272727273 0,538947368421053 -0,576 0,682539682539683 0,896825396825397 -1 -1 -1 -1 -1 -1 -1 -1 -1 -1 0,814545454545454 0,581052631578948 -0,44 0,661111111111111 0,875396825396825 -1 -1 1 -1 -1 -1 0,858181818181818 0,494736842105263 -0,536 0,646825396825397 0,861111111111111 -0,968 -1 -1 -1 -1 1 0,861818181818182 0,539999999999999 -0,576 0,707142857142857 0,921428571428571 -1 -1 -1 -1 -1 -1 0,81 0,529473684210526 -0,456 0,644444444444444 0,858730158730159 -0,996 -1 -1 -1 -1 1 
0,793636363636364 0,565263157894737 -0,456 0,655555555555556 0,86984126984127 -1 -1 -1 -1 -1 -1 -1 1 -1 -1 0,779090909090909 0,597894736842105 -0,4 0,598412698412699 0,812698412698413 -1 -1 -1 -1 -1 -1 0,756363636363636 0,502105263157895 -0,304 0,605555555555556 0,81984126984127 -1 -1 -1 -1 -1 -1 0,854545454545455 0,561052631578947 -0,648 0,703174603174603 0,917460317460317 -1 -1 1 -1 -1 -1 0,78 0,533684210526316 -0,264 0,624603174603175 0,838888888888889 -1 -1 -1 -1 -1 -1 
0,798181818181818 0,525263157894737 -0,24 0,63015873015873 0,844444444444444 -1 -1 1 -1 -1 -1 1 -1 -1 1 0,836363636363636 0,537894736842106 -0,28 0,651587301587301 0,865873015873016 -1 -1 -1 -1 -1 -1 0,749090909090909 0,450526315789473 -0,128 0,612698412698413 0,826984126984127 -1 -1 -1 -1 -1 -1 0,828181818181818 0,55578947368421 -0,608 0,66031746031746 0,874603174603175 -1 -1 -1 -1 -1 -1 0,798181818181818 0,471578947368421 -0,288 0,621428571428571 0,835714285714286 -0,86 -1 1 -1 -1 -1 
0,811818181818182 0,490526315789474 -0,376 0,653174603174603 0,867460317460317 -0,904 -1 -1 -1 -1 -1 1 -1 -1 1 0,796363636363636 0,515789473684211 -0,424 0,651587301587301 0,865873015873016 -0,964 -1 1 -1 -1 -1 0,772727272727273 0,410526315789474 -0,144 0,603968253968254 0,818253968253968 -1 -1 1 -1 -1 -1 0,859090909090909 0,507368421052632 -0,632 0,692857142857143 0,907142857142857 -0,968 -1 1 -1 -1 1 0,772727272727273 0,44 -0,184 0,596031746031746 0,81031746031746 -0,936 -1 1 -1 -1 -1 
0,767272727272727 0,548421052631579 -0,36 0,623015873015873 0,837301587301587 -1 -1 1 -1 -1 -1 1 -1 1 -1 0,777272727272727 0,572631578947368 -0,472 0,61984126984127 0,834126984126984 -1 -1 -1 -1 -1 -1 0,772727272727273 0,476842105263157 -0,768 0,58015873015873 0,794444444444444 -1 -1 1 -1 -1 1 0,780909090909091 0,552631578947368 -0,36 0,671428571428571 0,885714285714286 -1 -1 -1 -1 -1 -1 0,785454545454546 0,515789473684211 -0,552 0,617460317460317 0,831746031746032 -0,936 -1 1 -1 -1 1 
0,768181818181818 0,582105263157894 -0,808 0,578571428571429 0,792857142857143 -1 -1 -1 -1 -1 -1 1 -1 1 -1 0,805454545454545 0,542105263157895 -0,712 0,621428571428571 0,835714285714286 -1 -1 -1 -1 -1 -1 0,78 0,5 -0,144 0,621428571428571 0,835714285714286 -0,936 -1 -1 -1 -1 -1 0,780909090909091 0,58 -0,608 0,628571428571429 0,842857142857143 -1 -1 -1 -1 -1 -1 0,779090909090909 0,573684210526316 -0,688 0,588888888888889 0,803174603174603 -1 -1 -1 -1 -1 -1 
0,810909090909091 0,524210526315789 -0,552 0,615873015873016 0,83015873015873 -1 -1 -1 -1 -1 -1 1 -1 1 -1 0,830909090909091 0,511578947368421 -0,4 0,635714285714286 0,85 -0,968 -1 1 -1 -1 1 0,785454545454546 0,512631578947369 -0,376 0,612698412698413 0,826984126984127 -1 -1 -1 -1 -1 -1 0,803636363636364 0,525263157894737 -0,608 0,657142857142857 0,871428571428571 -1 -1 -1 -1 -1 -1 0,783636363636364 0,530526315789473 -0,752 0,571428571428571 0,785714285714286 -1 -1 -1 -1 -1 -1 
0,757272727272727 0,593684210526316 -0,4 0,608730158730159 0,823015873015873 -1 -1 -1 -1 -1 -1 1 -1 1 -1 0,744545454545455 0,617894736842106 -0,576 0,578571428571429 0,792857142857143 -1 -1 -1 -1 -1 -1 0,807272727272727 0,528421052631579 -0,536 0,631746031746032 0,846031746031746 -1 -1 -1 -1 -1 -1 0,774545454545455 0,578947368421053 -0,472 0,66984126984127 0,884126984126984 -1 -1 -1 -1 -1 -1 0,766363636363636 0,569473684210527 -0,44 0,581746031746032 0,796031746031746 -1 -1 1 -1 -1 -1 
0,739090909090909 0,629473684210526 -0,904 0,561111111111111 0,775396825396825 -1 -1 -1 -1 -1 -1 1 -1 1 -1 0,761818181818182 0,596842105263158 -0,608 0,578571428571429 0,792857142857143 -1 -1 -1 -1 -1 -1 0,734545454545455 0,603157894736842 -0,28 0,584126984126984 0,798412698412698 -0,984 -1 -1 -1 -1 -1 0,770909090909091 0,597894736842105 -0,736 0,641269841269841 0,855555555555556 -1 -1 -1 -1 -1 -1 0,736363636363636 0,634736842105263 -0,88 0,532539682539683 0,746825396825397 -1 -1 -1 -1 -1 -1 
0,757272727272727 0,593684210526316 -0,4 0,608730158730159 0,823015873015873 -1 -1 -1 -1 -1 -1 1 -1 -1 1 0,744545454545455 0,617894736842106 -0,576 0,578571428571429 0,792857142857143 -1 -1 -1 -1 -1 -1 0,807272727272727 0,528421052631579 -0,536 0,631746031746032 0,846031746031746 -1 -1 -1 -1 -1 -1 0,774545454545455 0,578947368421053 -0,472 0,66984126984127 0,884126984126984 -1 -1 -1 -1 -1 -1 0,766363636363636 0,569473684210527 -0,44 0,581746031746032 0,796031746031746 -1 -1 1 -1 -1 -1 
0,739090909090909 0,629473684210526 -0,904 0,561111111111111 0,775396825396825 -1 -1 -1 -1 -1 -1 1 -1 -1 1 0,761818181818182 0,596842105263158 -0,608 0,578571428571429 0,792857142857143 -1 -1 -1 -1 -1 -1 0,734545454545455 0,603157894736842 -0,28 0,584126984126984 0,798412698412698 -0,984 -1 -1 -1 -1 -1 0,770909090909091 0,597894736842105 -0,736 0,641269841269841 0,855555555555556 -1 -1 -1 -1 -1 -1 0,736363636363636 0,634736842105263 -0,88 0,532539682539683 0,746825396825397 -1 -1 -1 -1 -1 -1 
0,778181818181818 0,6 -0,592 0,601587301587302 0,815873015873016 -1 -1 -1 -1 -1 -1 1 -1 -1 1 0,803636363636364 0,55578947368421 -0,536 0,625396825396825 0,83968253968254 -1 -1 -1 -1 -1 -1 0,731818181818182 0,632631578947367 -0,808 0,542857142857143 0,757142857142857 -1 -1 -1 -1 -1 -1 0,8 0,581052631578948 -0,736 0,668253968253968 0,882539682539683 -1 -1 -1 -1 -1 -1 0,772727272727273 0,613684210526315 -0,768 0,53015873015873 0,744444444444444 -1 -1 -1 -1 -1 -1 
0,827272727272727 0,581052631578948 -0,672 0,635714285714286 0,85 -1 -1 -1 -1 -1 -1 -1 1 -1 1 0,824545454545455 0,560000000000001 -0,792 0,635714285714286 0,85 -1 -1 -1 -1 -1 1 0,738181818181818 0,623157894736843 -1 0,573015873015873 0,787301587301587 -1 -1 -1 -1 -1 -1 0,824545454545455 0,574736842105263 -0,736 0,696031746031746 0,91031746031746 -1 -1 -1 -1 -1 -1 0,840909090909091 0,577894736842105 -0,672 0,617460317460317 0,831746031746032 -0,796 -1 1 -1 -1 1 
0,834545454545454 0,543157894736842 -0,608 0,661111111111111 0,875396825396825 -0,984 -1 1 -1 -1 1 1 -1 -1 1 0,848181818181818 0,536842105263158 -0,592 0,662698412698413 0,876984126984127 -0,936 -1 1 -1 -1 1 0,776363636363636 0,582105263157894 -0,512 0,582539682539683 0,796825396825397 -1 -1 -1 -1 -1 -1 0,830909090909091 0,54421052631579 -0,592 0,718253968253968 0,932539682539683 -1 -1 -1 -1 -1 -1 0,848181818181818 0,547368421052632 -0,768 0,63968253968254 0,853968253968254 -0,952 -1 1 -1 -1 1 
0,683636363636364 0,589473684210526 -0,744 0,503174603174603 0,717460317460317 -1 -1 -1 -1 -1 -1 1 -1 -1 1 0,683636363636364 0,549473684210527 -0,488 0,492857142857143 0,707142857142857 -1 -1 -1 -1 -1 -1 0,711818181818182 0,533684210526316 -0,376 0,562698412698413 0,776984126984127 -1 -1 -1 -1 -1 -1 0,697272727272727 0,569473684210527 -0,656 0,594444444444444 0,808730158730159 -1 -1 -1 -1 -1 -1 0,694545454545455 0,575789473684211 -0,728 0,53015873015873 0,744444444444444 -1 -1 -1 -1 -1 -1 
0,737272727272727 0,567368421052631 -0,592 0,565873015873016 0,78015873015873 -1 -1 -1 -1 -1 -1 -1 1 -1 1 0,78 0,523157894736843 -0,768 0,58968253968254 0,803968253968254 -1 -1 -1 -1 -1 -1 0,71 0,575789473684211 -0,608 0,534126984126984 0,748412698412698 -1 -1 -1 -1 -1 -1 0,741818181818182 0,569473684210527 -0,632 0,61984126984127 0,834126984126984 -1 -1 -1 -1 -1 -1 0,747272727272727 0,55578947368421 -0,672 0,537301587301587 0,751587301587302 -1 -1 -1 -1 -1 -1 
0,823636363636364 0,562105263157895 -0,672 0,653174603174603 0,867460317460317 -1 -1 -1 -1 -1 -1 -1 1 1 -1 0,850909090909091 0,568421052631579 -0,8 0,632539682539683 0,846825396825397 -1 -1 -1 -1 -1 -1 0,787272727272727 0,515789473684211 -0,304 0,635714285714286 0,85 -1 -1 -1 -1 -1 -1 0,833636363636364 0,570526315789474 -0,712 0,691269841269841 0,905555555555556 -1 -1 -1 -1 -1 -1 0,784545454545455 0,552631578947368 -0,44 0,603968253968254 0,818253968253968 -1 -1 -1 -1 -1 -1 
0,805454545454545 0,591578947368422 -0,712 0,668253968253968 0,882539682539683 -1 -1 -1 -1 -1 -1 -1 1 1 -1 0,863636363636364 0,587368421052631 -0,592 0,703968253968254 0,918253968253968 -1 -1 -1 -1 -1 -1 0,749090909090909 0,541052631578947 -0,264 0,603968253968254 0,818253968253968 -1 -1 -1 -1 -1 -1 0,861818181818182 0,56421052631579 -0,744 0,717460317460317 0,931746031746032 -1 -1 -1 -1 -1 -1 0,762727272727273 0,593684210526316 -0,592 0,553174603174603 0,767460317460318 -1 -1 -1 -1 -1 -1 
0,801818181818182 0,566315789473684 -0,848 0,626984126984127 0,841269841269841 -1 -1 -1 -1 -1 -1 1 -1 1 -1 0,865454545454545 0,539999999999999 -0,592 0,682539682539683 0,896825396825397 -1 -1 -1 -1 -1 1 0,764545454545455 0,543157894736842 -0,472 0,598412698412699 0,812698412698413 -1 -1 -1 -1 -1 -1 0,87 0,536842105263158 -0,728 0,742857142857143 0,957142857142857 -1 -1 -1 -1 -1 -1 0,754545454545455 0,577894736842105 -0,92 0,574603174603175 0,788888888888889 -1 -1 -1 -1 -1 -1 
0,801818181818182 0,566315789473684 -0,848 0,626984126984127 0,841269841269841 -1 -1 -1 -1 -1 -1 1 -1 1 -1 0,865454545454545 0,539999999999999 -0,592 0,682539682539683 0,896825396825397 -1 -1 -1 -1 -1 1 0,764545454545455 0,543157894736842 -0,472 0,598412698412699 0,812698412698413 -1 -1 -1 -1 -1 -1 0,87 0,536842105263158 -0,728 0,742857142857143 0,957142857142857 -1 -1 -1 -1 -1 -1 0,754545454545455 0,577894736842105 -0,92 0,574603174603175 0,788888888888889 -1 -1 -1 -1 -1 -1 
0,833636363636364 0,549473684210527 -0,6 0,653174603174603 0,867460317460317 -0,992 -1 1 -1 -1 -1 -1 -1 -1 -1 0,810909090909091 0,592631578947368 -0,512 0,674603174603175 0,888888888888889 -0,996 -1 1 -1 -1 -1 0,774545454545455 0,515789473684211 -0,672 0,585714285714286 0,8 -1 -1 -1 -1 -1 -1 0,874545454545455 0,529473684210526 -0,632 0,731746031746032 0,946031746031746 -1 -1 -1 -1 -1 1 0,773636363636364 0,553684210526316 -0,536 0,584126984126984 0,798412698412698 -0,86 -1 1 -1 -1 -1 
0,721818181818182 0,583157894736842 -0,536 0,573015873015873 0,787301587301587 -1 -1 -1 -1 -1 -1 -1 1 1 -1 0,737272727272727 0,603157894736842 -0,768 0,562698412698413 0,776984126984127 -1 -1 -1 -1 -1 -1 0,737272727272727 0,498947368421052 -0,104 0,614285714285714 0,828571428571429 -1 -1 -1 -1 -1 -1 0,809090909090909 0,549473684210527 -0,496 0,711111111111111 0,925396825396825 -1 -1 -1 -1 -1 -1 0,718181818181818 0,570526315789474 -0,456 0,526984126984127 0,741269841269841 -1 -1 -1 -1 -1 -1 
0,694545454545455 0,582105263157894 -0,552 0,544444444444444 0,758730158730159 -1 -1 -1 -1 -1 -1 1 -1 1 -1 0,736363636363636 0,578947368421053 -0,648 0,538888888888889 0,753174603174603 -1 -1 -1 -1 -1 -1 0,739090909090909 0,505263157894737 0,00800000000000001 0,585714285714286 0,8 -1 -1 -1 -1 -1 -1 0,748181818181818 0,547368421052632 -0,376 0,667460317460317 0,881746031746032 -1 -1 -1 -1 -1 -1 0,701818181818182 0,586315789473685 -0,608 0,524603174603175 0,738888888888889 -1 -1 -1 -1 -1 -1 
0,707272727272727 0,573684210526316 -0,784 0,541269841269841 0,755555555555556 -1 -1 -1 -1 -1 -1 -1 1 -1 -1 0,750909090909091 0,557894736842105 -0,712 0,574603174603175 0,788888888888889 -1 -1 -1 -1 -1 -1 0,718181818181818 0,515789473684211 -0,168 0,594444444444444 0,808730158730159 -1 -1 -1 -1 -1 -1 0,757272727272727 0,54421052631579 -0,688 0,671428571428571 0,885714285714286 -1 -1 -1 -1 -1 -1 0,712727272727273 0,582105263157894 -0,536 0,548412698412698 0,762698412698413 -1 -1 -1 -1 -1 -1 
0,805454545454545 0,591578947368422 -0,712 0,668253968253968 0,882539682539683 -1 -1 -1 -1 -1 -1 1 -1 -1 1 0,863636363636364 0,587368421052631 -0,592 0,703968253968254 0,918253968253968 -1 -1 -1 -1 -1 -1 0,749090909090909 0,541052631578947 -0,264 0,603968253968254 0,818253968253968 -1 -1 -1 -1 -1 -1 0,861818181818182 0,56421052631579 -0,744 0,717460317460317 0,931746031746032 -1 -1 -1 -1 -1 -1 0,762727272727273 0,593684210526316 -0,592 0,553174603174603 0,767460317460318 -1 -1 -1 -1 -1 -1 
0,801818181818182 0,566315789473684 -0,848 0,626984126984127 0,841269841269841 -1 -1 -1 -1 -1 -1 1 -1 1 -1 0,865454545454545 0,539999999999999 -0,592 0,682539682539683 0,896825396825397 -1 -1 -1 -1 -1 1 0,764545454545455 0,543157894736842 -0,472 0,598412698412699 0,812698412698413 -1 -1 -1 -1 -1 -1 0,87 0,536842105263158 -0,728 0,742857142857143 0,957142857142857 -1 -1 -1 -1 -1 -1 0,754545454545455 0,577894736842105 -0,92 0,574603174603175 0,788888888888889 -1 -1 -1 -1 -1 -1 
0,833636363636364 0,549473684210527 -0,6 0,653174603174603 0,867460317460317 -0,992 -1 1 -1 -1 -1 1 -1 -1 1 0,810909090909091 0,592631578947368 -0,512 0,674603174603175 0,888888888888889 -0,996 -1 1 -1 -1 -1 0,774545454545455 0,515789473684211 -0,672 0,585714285714286 0,8 -1 -1 -1 -1 -1 -1 0,874545454545455 0,529473684210526 -0,632 0,731746031746032 0,946031746031746 -1 -1 -1 -1 -1 1 0,773636363636364 0,553684210526316 -0,536 0,584126984126984 0,798412698412698 -0,86 -1 1 -1 -1 -1 
0,721818181818182 0,583157894736842 -0,536 0,573015873015873 0,787301587301587 -1 -1 -1 -1 -1 -1 -1 1 1 -1 0,737272727272727 0,603157894736842 -0,768 0,562698412698413 0,776984126984127 -1 -1 -1 -1 -1 -1 0,737272727272727 0,498947368421052 -0,104 0,614285714285714 0,828571428571429 -1 -1 -1 -1 -1 -1 0,809090909090909 0,549473684210527 -0,496 0,711111111111111 0,925396825396825 -1 -1 -1 -1 -1 -1 0,718181818181818 0,570526315789474 -0,456 0,526984126984127 0,741269841269841 -1 -1 -1 -1 -1 -1 
0,694545454545455 0,582105263157894 -0,552 0,544444444444444 0,758730158730159 -1 -1 -1 -1 -1 -1 -1 1 1 -1 0,736363636363636 0,578947368421053 -0,648 0,538888888888889 0,753174603174603 -1 -1 -1 -1 -1 -1 0,739090909090909 0,505263157894737 0,00800000000000001 0,585714285714286 0,8 -1 -1 -1 -1 -1 -1 0,748181818181818 0,547368421052632 -0,376 0,667460317460317 0,881746031746032 -1 -1 -1 -1 -1 -1 0,701818181818182 0,586315789473685 -0,608 0,524603174603175 0,738888888888889 -1 -1 -1 -1 -1 -1 
0,743636363636364 0,612631578947369 -0,712 0,584126984126984 0,798412698412698 -1 -1 -1 -1 -1 -1 -1 1 -1 1 0,73 0,616842105263158 -0,784 0,56031746031746 0,774603174603175 -1 -1 -1 -1 -1 -1 0,752727272727273 0,574736842105263 -0,848 0,615873015873016 0,83015873015873 -1 -1 1 -1 -1 -1 0,764545454545455 0,569473684210527 -0,264 0,658730158730159 0,873015873015873 -1 -1 -1 -1 -1 -1 0,729090909090909 0,610526315789474 -0,776 0,535714285714286 0,75 -1 -1 -1 -1 -1 -1 
0,733636363636364 0,581052631578948 -0,808 0,56031746031746 0,774603174603175 -1 -1 -1 -1 -1 -1 1 -1 -1 1 0,753636363636364 0,58 -0,776 0,578571428571429 0,792857142857143 -1 -1 -1 -1 -1 -1 0,734545454545455 0,547368421052632 -0,848 0,558730158730159 0,773015873015873 -1 -1 -1 -1 -1 -1 0,739090909090909 0,55578947368421 -0,4 0,657142857142857 0,871428571428571 -1 -1 -1 -1 -1 -1 0,737272727272727 0,570526315789474 -0,672 0,553968253968254 0,768253968253968 -0,984 -1 1 -1 -1 -1 
0,741818181818182 0,578947368421053 -0,576 0,578571428571429 0,792857142857143 -1 -1 -1 -1 -1 -1 1 -1 -1 1 0,748181818181818 0,578947368421053 -0,712 0,582539682539683 0,796825396825397 -1 -1 -1 -1 -1 -1 0,768181818181818 0,538947368421053 -0,552 0,573015873015873 0,787301587301587 -1 -1 -1 -1 -1 -1 0,749090909090909 0,557894736842105 -0,624 0,653174603174603 0,867460317460317 -1 -1 -1 -1 -1 -1 0,743636363636364 0,587368421052631 -0,576 0,558730158730159 0,773015873015873 -1 -1 -1 -1 -1 -1 
0,738181818181818 0,595789473684211 -0,728 0,576984126984127 0,791269841269841 -1 -1 -1 -1 -1 -1 1 -1 -1 1 0,755454545454545 0,570526315789474 -0,608 0,601587301587302 0,815873015873016 -1 -1 -1 -1 -1 -1 0,747272727272727 0,56421052631579 -0,416 0,58015873015873 0,794444444444444 -1 -1 -1 -1 -1 -1 0,758181818181818 0,558947368421053 -0,728 0,665873015873016 0,88015873015873 -1 -1 -1 -1 -1 -1 0,739090909090909 0,612631578947369 -0,808 0,557142857142857 0,771428571428571 -1 -1 -1 -1 -1 -1 
0,716363636363636 0,58421052631579 -0,632 0,605555555555556 0,81984126984127 -1 -1 -1 -1 -1 -1 1 -1 -1 1 0,761818181818182 0,554736842105264 -0,472 0,594444444444444 0,808730158730159 -1 -1 -1 -1 -1 -1 0,717272727272727 0,560000000000001 -0,4 0,551587301587302 0,765873015873016 -1 -1 -1 -1 -1 -1 0,751818181818182 0,542105263157895 -0,552 0,673015873015873 0,887301587301587 -1 -1 -1 -1 -1 -1 0,781818181818182 0,605263157894737 -0,92 0,591269841269841 0,805555555555556 -1 -1 -1 -1 -1 -1 
0,741818181818182 0,448421052631579 -0,448 0,564285714285714 0,778571428571429 -0,984 -1 1 -1 -1 -1 1 -1 -1 1 0,742727272727273 0,432631578947369 -0,336 0,598412698412699 0,812698412698413 -0,952 -1 1 -1 -1 -1 0,743636363636364 0,409473684210526 -0,088 0,605555555555556 0,81984126984127 -0,968 -1 1 -1 -1 1 0,725454545454545 0,493684210526316 -0,552 0,6 0,814285714285714 -0,952 -1 1 -1 -1 -1 0,741818181818182 0,393684210526316 -0,376 0,576984126984127 0,791269841269841 -0,984 -1 1 -1 -1 -1 
0,730909090909091 0,46 -0,44 0,573015873015873 0,787301587301587 -1 -1 -1 -1 -1 -1 1 -1 -1 1 0,717272727272727 0,450526315789473 -0,36 0,575396825396825 0,78968253968254 -1 -1 1 -1 -1 -1 0,751818181818182 0,446315789473684 -0,28 0,581746031746032 0,796031746031746 -0,968 -1 1 -1 -1 1 0,771818181818182 0,488421052631579 -0,592 0,615873015873016 0,83015873015873 -1 -1 1 -1 -1 -1 0,748181818181818 0,429473684210526 -0,672 0,56984126984127 0,784126984126984 -0,888 -1 1 -1 -1 1 
0,751818181818182 0,514736842105263 -0,672 0,603968253968254 0,818253968253968 -0,968 -1 1 -1 -1 -1 1 -1 -1 1 0,725454545454545 0,511578947368421 -0,608 0,56984126984127 0,784126984126984 -1 -1 -1 -1 -1 -1 0,739090909090909 0,511578947368421 -0,608 0,561111111111111 0,775396825396825 -0,996 -1 1 -1 -1 -1 0,793636363636364 0,513684210526315 -0,688 0,61984126984127 0,834126984126984 -0,888 -1 1 -1 -1 1 0,731818181818182 0,494736842105263 -0,632 0,548412698412698 0,762698412698413 -1 -1 -1 -1 -1 1 
0,753636363636364 0,543157894736842 -0,672 0,544444444444444 0,758730158730159 -1 1 -1 -1 -1 -1 1 -1 -1 1 0,767272727272727 0,496842105263158 -0,32 0,585714285714286 0,8 -1 -1 -1 -1 -1 -1 0,739090909090909 0,560000000000001 -0,672 0,571428571428571 0,785714285714286 -1 -1 -1 -1 -1 -1 0,776363636363636 0,549473684210527 -0,6 0,601587301587302 0,815873015873016 -1 -1 -1 -1 -1 -1 0,731818181818182 0,529473684210526 -0,672 0,515873015873016 0,73015873015873 -1 -1 -1 -1 -1 -1 
0,803636363636364 0,503157894736842 -0,608 0,631746031746032 0,846031746031746 -1 -1 -1 -1 -1 -1 1 -1 -1 1 0,819090909090909 0,468421052631579 -0,688 0,646031746031746 0,86031746031746 -1 -1 1 -1 -1 1 0,758181818181818 0,538947368421053 -0,2 0,594444444444444 0,808730158730159 -1 -1 -1 -1 -1 -1 0,823636363636364 0,515789473684211 -0,672 0,65 0,864285714285714 -1 -1 -1 -1 -1 -1 0,807272727272727 0,490526315789474 -0,688 0,658730158730159 0,873015873015873 -1 -1 -1 -1 -1 -1 
0,779090909090909 0,46 -0,632 0,58968253968254 0,803968253968254 -1 1 1 -1 -1 -1 1 -1 -1 1 0,785454545454546 0,490526315789474 -0,304 0,631746031746032 0,846031746031746 -0,904 -1 1 -1 -1 -1 0,744545454545455 0,477894736842105 -0,552 0,584126984126984 0,798412698412698 -1 -1 -1 -1 -1 -1 0,759090909090909 0,486315789473685 -0,32 0,615873015873016 0,83015873015873 -1 -1 -1 -1 -1 -1 0,728181818181818 0,471578947368421 -0,864 0,542857142857143 0,757142857142857 -1 -1 -1 -1 -1 -1 
0,791818181818182 0,510526315789474 -0,552 0,58015873015873 0,794444444444444 -0,836 -1 1 -1 -1 1 1 -1 1 -1 0,786363636363636 0,565263157894737 -0,472 0,631746031746032 0,846031746031746 -0,876 -1 -1 -1 -1 -1 0,751818181818182 0,478947368421053 -0,824 0,581746031746032 0,796031746031746 -1 -1 -1 -1 -1 -1 0,759090909090909 0,524210526315789 -0,28 0,653968253968254 0,868253968253968 -1 -1 1 -1 -1 -1 0,737272727272727 0,512631578947369 -0,44 0,603174603174603 0,817460317460317 -1 -1 -1 -1 -1 -1 
0,783636363636364 0,572631578947368 -0,632 0,601587301587302 0,815873015873016 -1 -1 -1 -1 -1 -1 1 -1 -1 1 0,782727272727273 0,571578947368421 -0,824 0,56031746031746 0,774603174603175 -1 -1 -1 -1 -1 -1 0,773636363636364 0,502105263157895 -0,512 0,614285714285714 0,828571428571429 -0,984 -1 -1 -1 -1 1 0,753636363636364 0,576842105263157 -0,648 0,631746031746032 0,846031746031746 -0,992 -1 -1 -1 -1 -1 0,789090909090909 0,551578947368421 -0,584 0,588888888888889 0,803174603174603 -1 -1 -1 -1 -1 -1 
0,806363636363636 0,54421052631579 -0,752 0,585714285714286 0,8 -0,996 -1 1 -1 -1 -1 1 -1 -1 1 0,803636363636364 0,546315789473684 -0,744 0,603968253968254 0,818253968253968 -1 -1 -1 -1 -1 1 0,774545454545455 0,527368421052632 -0,44 0,596031746031746 0,81031746031746 -1 -1 -1 -1 -1 -1 0,79 0,553684210526316 -0,552 0,646825396825397 0,861111111111111 -1 -1 -1 -1 -1 -1 0,780909090909091 0,536842105263158 -0,632 0,585714285714286 0,8 -1 -1 1 -1 -1 -1 
0,813636363636364 0,534736842105263 -0,688 0,614285714285714 0,828571428571429 -0,992 -1 -1 -1 -1 1 1 -1 -1 1 0,839090909090909 0,531578947368421 -0,664 0,617460317460317 0,831746031746032 -1 1 -1 -1 -1 1 0,775454545454545 0,527368421052632 -0,6 0,601587301587302 0,815873015873016 -1 -1 -1 -1 -1 -1 0,842727272727273 0,533684210526316 -0,712 0,673015873015873 0,887301587301587 -0,716 -1 1 -1 -1 -1 0,724545454545455 0,545263157894736 -0,632 0,541269841269841 0,755555555555556 -1 -1 -1 -1 -1 -1 
0,813636363636364 0,534736842105263 -0,688 0,614285714285714 0,828571428571429 -0,992 -1 -1 -1 -1 1 -1 1 -1 1 0,839090909090909 0,531578947368421 -0,664 0,617460317460317 0,831746031746032 -1 1 -1 -1 -1 1 0,775454545454545 0,527368421052632 -0,6 0,601587301587302 0,815873015873016 -1 -1 -1 -1 -1 -1 0,842727272727273 0,533684210526316 -0,712 0,673015873015873 0,887301587301587 -0,716 -1 1 -1 -1 -1 0,724545454545455 0,545263157894736 -0,632 0,541269841269841 0,755555555555556 -1 -1 -1 -1 -1 -1 
0,84 0,48 -0,768 0,624603174603175 0,838888888888889 -0,984 1 -1 -1 -1 1 -1 1 -1 1 0,812727272727273 0,502105263157895 -0,624 0,626984126984127 0,841269841269841 -1 -1 -1 -1 -1 -1 0,812727272727273 0,503157894736842 -0,848 0,56984126984127 0,784126984126984 -1 -1 1 -1 -1 -1 0,841818181818182 0,474736842105263 -0,624 0,678571428571429 0,892857142857143 -1 -1 1 -1 -1 1 0,789090909090909 0,492631578947368 -0,8 0,612698412698413 0,826984126984127 -1 -1 -1 -1 -1 -1 
0,808181818181818 0,522105263157895 -0,552 0,635714285714286 0,85 -0,888 1 -1 -1 -1 -1 -1 1 1 -1 0,794545454545455 0,534736842105263 -0,608 0,617460317460317 0,831746031746032 -1 -1 -1 -1 -1 -1 0,828181818181818 0,474736842105263 -0,672 0,637301587301587 0,851587301587302 -0,764 -1 1 -1 -1 1 0,802727272727273 0,511578947368421 -0,632 0,673015873015873 0,887301587301587 -0,968 -1 1 -1 -1 -1 0,770909090909091 0,503157894736842 -0,648 0,623015873015873 0,837301587301587 -0,968 -1 -1 -1 -1 -1 
0,801818181818182 0,56421052631579 -0,728 0,596031746031746 0,81031746031746 -1 -1 -1 -1 -1 -1 -1 1 -1 1 0,81 0,542105263157895 -0,864 0,615873015873016 0,83015873015873 -1 -1 -1 -1 -1 -1 0,784545454545455 0,552631578947368 -0,688 0,574603174603175 0,788888888888889 -0,992 -1 -1 -1 -1 -1 0,780909090909091 0,55578947368421 -0,632 0,657142857142857 0,871428571428571 -1 -1 -1 -1 -1 -1 0,786363636363636 0,550526315789473 -0,848 0,614285714285714 0,828571428571429 -1 -1 -1 -1 -1 -1 
0,826363636363636 0,563157894736842 -0,6 0,638888888888889 0,853174603174603 -1 -1 -1 -1 -1 -1 -1 1 1 -1 0,813636363636364 0,562105263157895 -0,592 0,662698412698413 0,876984126984127 -0,984 -1 -1 -1 -1 1 0,783636363636364 0,577894736842105 -0,632 0,587301587301587 0,801587301587302 -1 -1 -1 -1 -1 -1 0,804545454545455 0,568421052631579 -0,552 0,668253968253968 0,882539682539683 -1 -1 -1 -1 -1 -1 0,816363636363636 0,553684210526316 -0,808 0,6 0,814285714285714 -0,984 -1 1 -1 -1 -1 
0,789090909090909 0,533684210526316 -0,648 0,625396825396825 0,83968253968254 -1 -1 1 -1 -1 -1 -1 -1 -1 -1 0,78 0,526315789473684 -0,672 0,582539682539683 0,796825396825397 -1 -1 -1 -1 -1 -1 0,811818181818182 0,505263157894737 -0,592 0,648412698412698 0,862698412698413 -1 -1 -1 -1 -1 -1 0,767272727272727 0,548421052631579 -0,632 0,614285714285714 0,828571428571429 -1 -1 -1 -1 -1 -1 0,821818181818182 0,506315789473685 -0,608 0,642857142857143 0,857142857142857 -0,748 -1 1 -1 -1 1 
0,803636363636364 0,541052631578947 -0,768 0,592857142857143 0,807142857142857 -0,936 -1 1 -1 -1 -1 -1 1 1 -1 0,793636363636364 0,512631578947369 -0,608 0,596825396825397 0,811111111111111 -1 -1 -1 -1 -1 1 0,811818181818182 0,528421052631579 -0,768 0,623015873015873 0,837301587301587 -0,968 -1 1 -1 -1 -1 0,796363636363636 0,543157894736842 -0,64 0,657142857142857 0,871428571428571 -1 -1 -1 -1 -1 -1 0,761818181818182 0,548421052631579 -0,848 0,585714285714286 0,8 -1 -1 -1 -1 -1 -1 
0,832727272727273 0,530526315789473 -0,672 0,651587301587301 0,865873015873016 -1 -1 -1 -1 -1 -1 -1 1 -1 1 0,819090909090909 0,543157894736842 -0,632 0,614285714285714 0,828571428571429 -0,952 -1 1 -1 -1 1 0,815454545454545 0,54421052631579 -0,824 0,644444444444444 0,858730158730159 -0,968 1 -1 -1 -1 -1 0,817272727272727 0,532631578947369 -0,688 0,655555555555556 0,86984126984127 -1 -1 -1 -1 -1 -1 0,781818181818182 0,537894736842106 -0,904 0,582539682539683 0,796825396825397 -1 -1 -1 -1 -1 -1 
0,836363636363636 0,497894736842105 -0,648 0,634126984126984 0,848412698412699 -1 -1 1 -1 -1 1 -1 1 1 -1 0,808181818181818 0,533684210526316 -0,536 0,638888888888889 0,853174603174603 -0,96 -1 1 -1 -1 1 0,82 0,516842105263158 -0,944 0,623015873015873 0,837301587301587 -1 -1 -1 -1 -1 -1 0,827272727272727 0,501052631578948 -0,648 0,674603174603175 0,888888888888889 -0,936 -1 1 -1 -1 -1 0,812727272727273 0,513684210526315 -0,768 0,605555555555556 0,81984126984127 -0,984 -1 1 -1 -1 1 
0,827272727272727 0,425263157894737 -0,672 0,65 0,864285714285714 -0,708 -1 1 -1 -1 1 -1 1 1 -1 0,78 0,52 -0,0640000000000001 0,617460317460317 0,831746031746032 -0,748 -1 1 -1 -1 -1 0,832727272727273 0,48 -0,688 0,664285714285714 0,878571428571429 -0,652 -1 1 -1 -1 1 0,802727272727273 0,450526315789473 -0,648 0,635714285714286 0,85 -0,996 -1 1 -1 -1 -1 0,825454545454545 0,474736842105263 -0,472 0,655555555555556 0,86984126984127 -0,796 -1 1 -1 -1 1 
0,819090909090909 0,433684210526316 -0,688 0,625396825396825 0,83968253968254 -0,684 -1 1 -1 -1 -1 -1 1 1 -1 0,804545454545455 0,469473684210527 -0,36 0,611111111111111 0,825396825396825 -0,464 -1 1 -1 -1 -1 0,787272727272727 0,539999999999999 -0,376 0,605555555555556 0,81984126984127 -1 -1 -1 -1 -1 -1 0,783636363636364 0,453684210526316 -0,376 0,631746031746032 0,846031746031746 -0,992 1 1 -1 -1 -1 0,805454545454545 0,508421052631578 -0,464 0,646825396825397 0,861111111111111 -0,936 -1 1 -1 -1 -1 
0,821818181818182 0,471578947368421 -0,672 0,626984126984127 0,841269841269841 -0,92 -1 1 -1 -1 -1 -1 -1 -1 -1 0,822727272727273 0,490526315789474 -0,632 0,637301587301587 0,851587301587302 -0,836 -1 1 -1 -1 -1 0,792727272727273 0,525263157894737 -0,456 0,648412698412698 0,862698412698413 -0,928 -1 1 -1 -1 -1 0,761818181818182 0,490526315789474 -0,472 0,642857142857143 0,857142857142857 -0,992 -1 -1 -1 -1 -1 0,800909090909091 0,524210526315789 -0,472 0,635714285714286 0,85 -0,86 -1 1 -1 -1 -1 
0,829090909090909 0,517894736842106 -0,688 0,641269841269841 0,855555555555556 -0,984 1 -1 -1 -1 1 1 -1 -1 1 0,828181818181818 0,548421052631579 -0,688 0,646031746031746 0,86031746031746 -0,936 -1 -1 -1 -1 -1 0,777272727272727 0,53578947368421 -0,176 0,63015873015873 0,844444444444444 -0,936 -1 -1 -1 -1 -1 0,780909090909091 0,525263157894737 -0,824 0,598412698412699 0,812698412698413 -1 -1 -1 -1 -1 -1 0,803636363636364 0,546315789473684 -0,664 0,646031746031746 0,86031746031746 -0,968 -1 1 -1 -1 -1 
0,820909090909091 0,551578947368421 -0,8 0,607142857142857 0,821428571428571 -1 1 -1 -1 -1 -1 -1 1 1 -1 0,8 0,557894736842105 -0,648 0,558730158730159 0,773015873015873 -1 -1 -1 -1 -1 -1 0,796363636363636 0,552631578947368 -0,608 0,626984126984127 0,841269841269841 -0,888 -1 1 -1 -1 1 0,813636363636364 0,552631578947368 -0,712 0,653968253968254 0,868253968253968 -1 -1 -1 -1 -1 -1 0,801818181818182 0,566315789473684 -0,688 0,608730158730159 0,823015873015873 -1 -1 -1 -1 -1 1 
0,821818181818182 0,52 -0,744 0,63968253968254 0,853968253968254 -1 -1 1 -1 -1 -1 1 -1 -1 1 0,799090909090909 0,521052631578947 -0,808 0,658730158730159 0,873015873015873 -1 -1 1 -1 -1 -1 0,812727272727273 0,533684210526316 -0,672 0,615873015873016 0,83015873015873 -0,888 -1 -1 -1 -1 1 0,834545454545454 0,525263157894737 -0,768 0,664285714285714 0,878571428571429 -1 -1 -1 -1 -1 -1 0,811818181818182 0,527368421052632 -0,688 0,631746031746032 0,846031746031746 -0,512 -1 1 -1 -1 1 
