0,772727272727273 0,44 -0,608 0,596825396825397 0,811111111111111 -0,876 -1 1 -1 -1 -1 
0,718181818181818 0,469473684210527 -0,56 0,553174603174603 0,767460317460318 -1 -1 1 -1 -1 -1 
0,732727272727273 0,509473684210526 -0,808 0,548412698412698 0,762698412698413 -0,976 -1 1 -1 -1 -1 
0,727272727272727 0,566315789473684 -0,712 0,526984126984127 0,741269841269841 -1 -1 -1 -1 -1 -1 
0,780909090909091 0,566315789473684 -0,688 0,582539682539683 0,796825396825397 -1 -1 1 -1 -1 -1 
0,668181818181818 0,522105263157895 -0,688 0,482539682539682 0,696825396825397 -1 -1 -1 -1 -1 -1 
0,702727272727273 0,526315789473684 -0,808 0,492857142857143 0,707142857142857 -1 -1 -1 -1 -1 -1 
0,758181818181818 0,532631578947369 -0,712 0,53015873015873 0,744444444444444 -1 -1 -1 -1 -1 -1 
0,802727272727273 0,545263157894736 -0,496 0,596825396825397 0,811111111111111 -0,888 -1 1 -1 -1 1 
0,776363636363636 0,611578947368421 -0,576 0,63968253968254 0,853968253968254 -0,968 -1 1 -1 -1 -1 
0,802727272727273 0,545263157894736 -0,496 0,596825396825397 0,811111111111111 -0,888 -1 1 -1 -1 1 
0,776363636363636 0,611578947368421 -0,576 0,63968253968254 0,853968253968254 -0,968 -1 1 -1 -1 -1 
0,809090909090909 0,560000000000001 -0,688 0,58015873015873 0,794444444444444 -1 -1 -1 -1 -1 -1 
0,829090909090909 0,517894736842106 -0,672 0,631746031746032 0,846031746031746 -1 -1 -1 -1 -1 1 
0,822727272727273 0,492631578947368 -0,768 0,607142857142857 0,821428571428571 -0,992 -1 -1 -1 -1 1 
0,769090909090909 0,512631578947369 -0,608 0,596825396825397 0,811111111111111 -1 -1 -1 -1 -1 -1 
0,765454545454546 0,523157894736843 -0,536 0,58015873015873 0,794444444444444 -0,952 -1 1 -1 -1 1 
0,720909090909091 0,526315789473684 -0,672 0,515873015873016 0,73015873015873 -1 1 -1 -1 -1 -1 
0,771818181818182 0,448421052631579 -0,36 0,594444444444444 0,808730158730159 -0,496 -1 1 -1 -1 1 
0,756363636363636 0,470526315789474 -0,688 0,588888888888889 0,803174603174603 -0,948 -1 1 -1 -1 -1 
0,812727272727273 0,545263157894736 -0,592 0,575396825396825 0,78968253968254 -1 1 -1 -1 -1 -1 
0,779090909090909 0,539999999999999 -0,576 0,617460317460317 0,831746031746032 -1 -1 -1 -1 -1 -1 
0,778181818181818 0,548421052631579 -0,432 0,61031746031746 0,824603174603175 -1 -1 1 -1 -1 -1 
0,742727272727273 0,651578947368422 -0,44 0,598412698412699 0,812698412698413 -1 -1 -1 -1 -1 -1 
0,734545454545455 0,691578947368422 -0,728 0,525396825396825 0,73968253968254 -1 -1 -1 -1 -1 -1 
0,750909090909091 0,525263157894737 -0,672 0,601587301587302 0,815873015873016 -1 -1 -1 -1 -1 1 
0,745454545454545 0,565263157894737 -0,6 0,531746031746032 0,746031746031746 -1 -1 -1 -1 -1 -1 
0,765454545454546 0,563157894736842 -0,624 0,571428571428571 0,785714285714286 -1 -1 -1 -1 -1 -1 
0,798181818181818 0,582105263157894 -0,416 0,638888888888889 0,853174603174603 -1 -1 -1 -1 -1 -1 
0,782727272727273 0,596842105263158 -0,712 0,567460317460317 0,781746031746032 -1 -1 -1 -1 -1 -1 
0,861818181818182 0,463157894736842 -0,496 0,694444444444444 0,908730158730159 -0,936 -1 1 -1 -1 1 
0,810909090909091 0,547368421052632 -0,552 0,648412698412698 0,862698412698413 -0,748 -1 1 -1 -1 -1 
0,773636363636364 0,541052631578947 -0,784 0,587301587301587 0,801587301587302 -1 -1 -1 -1 -1 -1 
0,790909090909091 0,44421052631579 -0,688 0,603174603174603 0,817460317460317 -1 -1 1 -1 -1 -1 
0,788181818181818 0,413684210526315 -0,752 0,61984126984127 0,834126984126984 -0,528 -1 1 -1 -1 -1 
0,730909090909091 0,54421052631579 -0,656 0,551587301587302 0,765873015873016 -1 -1 1 -1 -1 -1 
0,714545454545454 0,586315789473685 -0,704 0,58015873015873 0,794444444444444 -0,988 -1 1 -1 -1 -1 
0,699090909090909 0,604210526315789 -0,8 0,526984126984127 0,741269841269841 -1 -1 -1 -1 -1 -1 
0,750909090909091 0,605263157894737 -0,656 0,544444444444444 0,758730158730159 -1 -1 -1 -1 -1 -1 
0,802727272727273 0,583157894736842 -0,672 0,58015873015873 0,794444444444444 -1 -1 1 -1 -1 1 
0,702727272727273 0,472631578947368 -0,584 0,537301587301587 0,751587301587302 -0,98 -1 1 -1 -1 -1 
0,724545454545455 0,481052631578948 -0,528 0,565873015873016 0,78015873015873 -0,904 -1 1 -1 -1 -1 
0,729090909090909 0,574736842105263 -0,624 0,553968253968254 0,768253968253968 -0,812 -1 1 -1 -1 -1 
0,723636363636364 0,549473684210527 -0,768 0,51984126984127 0,734126984126984 -1 -1 -1 -1 -1 -1 
0,772727272727273 0,502105263157895 -0,544 0,608730158730159 0,823015873015873 -1 -1 1 -1 -1 -1 
0,729090909090909 0,574736842105263 -0,624 0,553968253968254 0,768253968253968 -0,812 -1 1 -1 -1 -1 
0,723636363636364 0,549473684210527 -0,768 0,51984126984127 0,734126984126984 -1 -1 -1 -1 -1 -1 
0,772727272727273 0,502105263157895 -0,544 0,608730158730159 0,823015873015873 -1 -1 1 -1 -1 -1 
0,729090909090909 0,56421052631579 -0,6 0,588888888888889 0,803174603174603 -1 -1 1 -1 -1 -1 
0,783636363636364 0,501052631578948 -0,496 0,596031746031746 0,81031746031746 -0,732 -1 1 -1 -1 1 
0,699090909090909 0,628421052631579 -0,712 0,505555555555556 0,71984126984127 -1 -1 -1 -1 -1 -1 
0,754545454545455 0,589473684210526 -0,52 0,592857142857143 0,807142857142857 -1 -1 -1 -1 -1 -1 
0,802727272727273 0,566315789473684 -0,752 0,618253968253968 0,832539682539683 -1 -1 -1 -1 -1 -1 
0,823636363636364 0,537894736842106 -0,64 0,63015873015873 0,844444444444444 -1 -1 -1 -1 -1 1 
0,854545454545455 0,529473684210526 -0,688 0,646031746031746 0,86031746031746 -1 -1 1 -1 -1 1 
0,698181818181818 0,612631578947369 -0,72 0,585714285714286 0,8 -1 -1 -1 -1 -1 -1 
0,694545454545455 0,587368421052631 -0,728 0,546031746031746 0,76031746031746 -1 -1 -1 -1 -1 -1 
0,713636363636364 0,547368421052632 -0,824 0,521428571428571 0,735714285714286 -1 -1 -1 -1 -1 -1 
0,761818181818182 0,496842105263158 -0,808 0,544444444444444 0,758730158730159 -1 -1 -1 -1 -1 -1 
0,757272727272727 0,504210526315789 -0,568 0,657142857142857 0,871428571428571 -1 -1 -1 -1 -1 -1 
0,834545454545454 0,53578947368421 -0,768 0,634126984126984 0,848412698412699 -1 -1 -1 -1 -1 1 
0,842727272727273 0,503157894736842 -0,456 0,657142857142857 0,871428571428571 -0,992 -1 1 -1 -1 1 
0,678181818181818 0,587368421052631 -0,088 0,553174603174603 0,767460317460318 -0,984 -1 1 -1 -1 -1 
0,63 0,598947368421052 -0,2 0,538888888888889 0,753174603174603 -1 -1 -1 -1 -1 -1 
0,661818181818182 0,573684210526316 -0,688 0,492857142857143 0,707142857142857 -1 -1 1 -1 -1 -1 
0,657272727272727 0,675789473684211 -0,2 0,538888888888889 0,753174603174603 -0,968 -1 1 -1 -1 -1 
0,607272727272727 0,64421052631579 -0,44 0,48015873015873 0,694444444444444 -1 -1 -1 -1 -1 -1 
0,690909090909091 0,536842105263158 -0,224 0,511111111111111 0,725396825396825 -1 -1 1 -1 -1 -1 
0,67 0,487368421052631 -0,24 0,538888888888889 0,753174603174603 -0,992 -1 1 -1 -1 -1 
0,657272727272727 0,484210526315789 -0,592 0,517460317460318 0,731746031746032 -1 -1 -1 -1 -1 -1 
0,68 0,652631578947368 -0,664 0,488888888888889 0,703174603174603 -1 -1 -1 -1 -1 -1 
0,701818181818182 0,623157894736843 -0,632 0,523015873015873 0,737301587301587 -1 -1 -1 -1 -1 -1 
0,69 0,628421052631579 -0,576 0,594444444444444 0,808730158730159 -1 -1 -1 -1 -1 -1 
0,69 0,671578947368421 -0,744 0,503174603174603 0,717460317460317 -1 -1 -1 -1 -1 -1 
0,723636363636364 0,657894736842105 -0,744 0,557142857142857 0,771428571428571 -1 -1 -1 -1 -1 -1 
0,700909090909091 0,560000000000001 -0,712 0,5 0,714285714285714 -1 1 -1 -1 -1 -1 
0,741818181818182 0,53578947368421 -0,536 0,525396825396825 0,73968253968254 -1 -1 1 -1 -1 -1 
0,767272727272727 0,533684210526316 -0,496 0,558730158730159 0,773015873015873 -1 -1 -1 -1 -1 -1 
0,717272727272727 0,56421052631579 -0,336 0,596031746031746 0,81031746031746 -1 -1 -1 -1 -1 -1 
0,685454545454546 0,551578947368421 -0,336 0,553968253968254 0,768253968253968 -1 -1 -1 -1 -1 -1 
0,762727272727273 0,495789473684211 -0,512 0,603968253968254 0,818253968253968 -1 -1 1 -1 -1 1 
0,691818181818182 0,451578947368421 0,032 0,553174603174603 0,767460317460318 -0,936 -1 1 -1 -1 -1 
0,649090909090909 0,472631578947368 -0,168 0,546825396825397 0,761111111111111 -0,988 -1 1 -1 -1 -1 
0,650909090909091 0,469473684210527 -0,304 0,514285714285714 0,728571428571429 -0,976 -1 1 -1 -1 -1 
0,678181818181818 0,424210526315789 -0,592 0,464285714285714 0,678571428571429 -0,936 -1 1 -1 -1 -1 
0,678181818181818 0,424210526315789 -0,592 0,464285714285714 0,678571428571429 -0,936 -1 1 -1 -1 -1 
0,745454545454545 0,396842105263158 -0,552 0,548412698412698 0,762698412698413 -1 1 -1 -1 -1 -1 
0,733636363636364 0,478947368421053 -0,592 0,551587301587302 0,765873015873016 -1 -1 -1 -1 -1 -1 
0,789090909090909 0,485263157894737 -0,472 0,568253968253968 0,782539682539683 -0,78 -1 1 -1 -1 1 
0,785454545454546 0,522105263157895 -0,728 0,575396825396825 0,78968253968254 -0,968 -1 1 -1 -1 1 
0,692727272727273 0,571578947368421 -0,64 0,565873015873016 0,78015873015873 -1 -1 -1 -1 -1 -1 
0,716363636363636 0,614736842105263 -0,88 0,553968253968254 0,768253968253968 -1 -1 1 -1 -1 -1 
0,737272727272727 0,603157894736842 -0,736 0,56031746031746 0,774603174603175 -1 -1 -1 -1 -1 -1 
0,79 0,611578947368421 -0,648 0,617460317460317 0,831746031746032 -1 -1 1 -1 -1 -1 
0,739090909090909 0,604210526315789 -0,688 0,561111111111111 0,775396825396825 -1 -1 -1 -1 -1 -1 
0,786363636363636 0,549473684210527 -0,56 0,588888888888889 0,803174603174603 -1 -1 -1 -1 -1 1 
0,695454545454545 0,65578947368421 -0,376 0,548412698412698 0,762698412698413 -1 -1 -1 -1 -1 -1 
0,725454545454545 0,618947368421052 -0,56 0,544444444444444 0,758730158730159 -1 -1 -1 -1 -1 -1 
0,779090909090909 0,54421052631579 -0,824 0,628571428571429 0,842857142857143 -1 -1 -1 -1 -1 -1 
0,776363636363636 0,531578947368421 -0,584 0,587301587301587 0,801587301587302 -1 -1 1 -1 -1 -1 
0,676363636363636 0,685263157894736 -0,728 0,46031746031746 0,674603174603175 -1 -1 -1 -1 -1 -1 
0,712727272727273 0,651578947368422 -0,824 0,481746031746032 0,696031746031746 -1 -1 -1 -1 -1 -1 
0,721818181818182 0,635789473684211 -0,824 0,525396825396825 0,73968253968254 -1 -1 -1 -1 -1 -1 
0,718181818181818 0,618947368421052 -0,712 0,535714285714286 0,75 -1 -1 -1 -1 -1 -1 
0,73 0,596842105263158 -0,712 0,553968253968254 0,768253968253968 -1 -1 -1 -1 -1 -1 
0,739090909090909 0,471578947368421 -0,784 0,578571428571429 0,792857142857143 -0,904 -1 1 -1 -1 -1 
0,720909090909091 0,484210526315789 -0,728 0,514285714285714 0,728571428571429 -1 -1 1 -1 -1 -1 
0,709090909090909 0,494736842105263 -0,472 0,562698412698413 0,776984126984127 -0,952 -1 1 -1 -1 -1 
0,702727272727273 0,487368421052631 -0,632 0,514285714285714 0,728571428571429 -1 -1 -1 -1 -1 -1 
0,709090909090909 0,551578947368421 -0,608 0,537301587301587 0,751587301587302 -0,992 -1 1 -1 -1 -1 
0,719090909090909 0,573684210526316 -0,624 0,567460317460317 0,781746031746032 -0,936 -1 1 -1 -1 -1 
0,717272727272727 0,474736842105263 -0,28 0,555555555555556 0,76984126984127 -1 -1 1 -1 -1 -1 
0,743636363636364 0,457894736842105 -0,552 0,575396825396825 0,78968253968254 -0,748 -1 1 -1 -1 -1 
0,716363636363636 0,429473684210526 -0,592 0,525396825396825 0,73968253968254 -0,984 -1 1 -1 -1 1 
0,691818181818182 0,469473684210527 -0,0479999999999999 0,546031746031746 0,76031746031746 -1 -1 -1 -1 -1 -1 
0,686363636363636 0,662105263157896 -0,688 0,515873015873016 0,73015873015873 -1 -1 -1 -1 -1 -1 
0,712727272727273 0,650526315789473 -0,608 0,512698412698413 0,726984126984127 -1 -1 -1 -1 -1 -1 
0,726363636363636 0,598947368421052 -0,768 0,53015873015873 0,744444444444444 -1 -1 -1 -1 -1 -1 
0,753636363636364 0,571578947368421 -0,744 0,561111111111111 0,775396825396825 -0,952 -1 1 -1 -1 1 
0,736363636363636 0,572631578947368 -0,456 0,551587301587302 0,765873015873016 -1 1 -1 -1 -1 -1 
0,756363636363636 0,493684210526316 -0,456 0,605555555555556 0,81984126984127 -1 -1 -1 -1 -1 -1 
0,757272727272727 0,503157894736842 -0,512 0,612698412698413 0,826984126984127 -1 -1 -1 -1 -1 -1 
0,76 0,514736842105263 -0,512 0,603968253968254 0,818253968253968 -1 -1 -1 -1 -1 -1 
0,77 0,503157894736842 -0,648 0,617460317460317 0,831746031746032 -0,872 -1 -1 -1 -1 1 
0,747272727272727 0,503157894736842 -0,536 0,573015873015873 0,787301587301587 -0,984 -1 -1 -1 -1 1 
0,745454545454545 0,494736842105263 -0,496 0,603174603174603 0,817460317460317 -1 -1 -1 -1 -1 -1 
0,757272727272727 0,421052631578947 -0,552 0,56984126984127 0,784126984126984 -0,812 -1 1 -1 -1 1 
0,758181818181818 0,442105263157895 -0,496 0,574603174603175 0,788888888888889 -1 -1 1 -1 -1 -1 
0,706363636363636 0,52 -0,184 0,58015873015873 0,794444444444444 -0,952 -1 -1 -1 -1 -1 
0,713636363636364 0,492631578947368 -0,688 0,531746031746032 0,746031746031746 -1 -1 -1 -1 -1 -1 
0,693636363636364 0,554736842105264 -0,728 0,514285714285714 0,728571428571429 -0,944 -1 1 -1 -1 -1 
0,695454545454545 0,537894736842106 -0,664 0,56031746031746 0,774603174603175 -0,984 -1 1 -1 -1 -1 
0,653636363636364 0,586315789473685 -0,104 0,553968253968254 0,768253968253968 -1 -1 1 -1 -1 -1 
0,67 0,593684210526316 -0,28 0,531746031746032 0,746031746031746 -0,992 -1 1 -1 -1 -1 
0,715454545454545 0,558947368421053 -0,128 0,575396825396825 0,78968253968254 -0,992 -1 -1 -1 -1 -1 
0,715454545454545 0,558947368421053 -0,128 0,575396825396825 0,78968253968254 -0,992 -1 -1 -1 -1 -1 
0,756363636363636 0,488421052631579 -0,496 0,551587301587302 0,765873015873016 -1 -1 -1 -1 -1 -1 
0,766363636363636 0,475789473684211 -0,168 0,628571428571429 0,842857142857143 -0,888 -1 1 -1 -1 1 
0,728181818181818 0,471578947368421 -0,416 0,548412698412698 0,762698412698413 -0,996 -1 1 -1 -1 -1 
0,707272727272727 0,434736842105263 -0,488 0,531746031746032 0,746031746031746 -0,968 -1 1 -1 -1 -1 
0,739090909090909 0,467368421052631 -0,0640000000000001 0,576984126984127 0,791269841269841 -0,86 -1 1 -1 -1 -1 
0,687272727272727 0,561052631578947 -0,24 0,53968253968254 0,753968253968254 -1 -1 1 -1 -1 -1 
0,703636363636364 0,586315789473685 -0,28 0,553968253968254 0,768253968253968 -1 -1 1 -1 -1 1 
0,692727272727273 0,575789473684211 -0,592 0,5 0,714285714285714 -1 -1 1 -1 -1 -1 
0,749090909090909 0,53578947368421 -0,512 0,591269841269841 0,805555555555556 -1 -1 -1 -1 -1 -1 
0,629090909090909 0,611578947368421 -0,72 0,465873015873016 0,68015873015873 -1 -1 -1 -1 -1 -1 
0,623636363636364 0,628421052631579 -0,624 0,43968253968254 0,653968253968254 -1 -1 -1 -1 -1 -1 
0,648181818181818 0,581052631578948 -0,36 0,485714285714286 0,7 -1 -1 -1 -1 -1 -1 
0,722727272727273 0,489473684210526 -0,672 0,555555555555556 0,76984126984127 -1 -1 -1 -1 -1 -1 
0,773636363636364 0,44421052631579 -0,68 0,588888888888889 0,803174603174603 -0,956 -1 1 -1 -1 -1 
0,742727272727273 0,494736842105263 -0,368 0,585714285714286 0,8 -0,944 -1 1 -1 -1 -1 
0,679090909090909 0,574736842105263 -0,168 0,562698412698413 0,776984126984127 -0,908 -1 1 -1 -1 -1 
0,675454545454545 0,618947368421052 -0,44 0,542857142857143 0,757142857142857 -0,988 -1 -1 -1 -1 -1 
0,671818181818182 0,601052631578948 -0,664 0,496031746031746 0,71031746031746 -1 -1 -1 -1 -1 -1 
0,640909090909091 0,602105263157895 -0,688 0,526984126984127 0,741269841269841 -1 -1 -1 -1 -1 -1 
0,750909090909091 0,491578947368422 -0,68 0,585714285714286 0,8 -0,94 -1 1 -1 -1 -1 
0,714545454545454 0,514736842105263 -0,72 0,574603174603175 0,788888888888889 -0,952 -1 1 -1 -1 -1 
0,763636363636364 0,488421052631579 -0,616 0,578571428571429 0,792857142857143 -0,988 -1 1 -1 -1 -1 
0,71 0,528421052631579 -0,408 0,551587301587302 0,765873015873016 -0,972 -1 1 -1 -1 -1 
0,680909090909091 0,566315789473684 -0,24 0,518253968253968 0,732539682539682 -0,992 -1 1 -1 -1 -1 
0,661818181818182 0,573684210526316 -0,688 0,492857142857143 0,707142857142857 -1 -1 1 -1 -1 -1 
0,761818181818182 0,521052631578947 -0,6 0,592857142857143 0,807142857142857 -1 -1 -1 -1 -1 -1 
0,771818181818182 0,483157894736842 -0,44 0,621428571428571 0,835714285714286 -0,828 -1 1 -1 -1 1 
0,73 0,515789473684211 -0,28 0,578571428571429 0,792857142857143 -0,796 -1 1 -1 -1 1 
0,731818181818182 0,537894736842106 -0,44 0,568253968253968 0,782539682539683 -0,844 -1 1 -1 -1 -1 
0,699090909090909 0,418947368421052 -0,24 0,561111111111111 0,775396825396825 -1 -1 1 -1 -1 1 
0,688181818181818 0,423157894736843 -0,128 0,562698412698413 0,776984126984127 -0,968 -1 1 -1 -1 -1 
0,723636363636364 0,446315789473684 -0,36 0,553174603174603 0,767460317460318 -1 -1 -1 -1 -1 -1 
0,699090909090909 0,510526315789474 -0,104 0,628571428571429 0,842857142857143 -1 -1 1 -1 -1 -1 
0,657272727272727 0,586315789473685 -0,52 0,553968253968254 0,768253968253968 -1 -1 -1 -1 -1 -1 
0,658181818181818 0,561052631578947 -0,536 0,496825396825397 0,711111111111111 -1 -1 -1 -1 -1 -1 
0,686363636363636 0,595789473684211 -0,64 0,538888888888889 0,753174603174603 -0,936 -1 1 -1 -1 -1 
0,67 0,566315789473684 -0,784 0,505555555555556 0,71984126984127 -1 -1 -1 -1 -1 -1 
0,709090909090909 0,55578947368421 -0,712 0,53015873015873 0,744444444444444 -0,952 -1 1 -1 -1 -1 
0,712727272727273 0,541052631578947 -0,168 0,542857142857143 0,757142857142857 -0,968 -1 1 -1 -1 1 
0,731818181818182 0,560000000000001 -0,592 0,514285714285714 0,728571428571429 -0,996 -1 1 -1 -1 1 
0,74 0,527368421052632 -0,264 0,58968253968254 0,803968253968254 -0,996 -1 1 -1 -1 -1 
0,655454545454545 0,571578947368421 -0,336 0,531746031746032 0,746031746031746 -1 -1 1 -1 -1 -1 
0,627272727272727 0,627368421052631 -0,752 0,43968253968254 0,653968253968254 -1 -1 -1 -1 -1 -1 
0,627272727272727 0,628421052631579 -0,552 0,478571428571429 0,692857142857143 -1 -1 -1 -1 -1 -1 
0,615454545454545 0,610526315789474 -0,24 0,53015873015873 0,744444444444444 -1 -1 -1 -1 -1 -1 
0,61 0,621052631578947 -0,512 0,514285714285714 0,728571428571429 -1 -1 -1 -1 -1 -1 
0,618181818181818 0,615789473684211 -0,32 0,487301587301587 0,701587301587302 -0,968 -1 1 -1 -1 -1 
0,628181818181818 0,618947368421052 -0,224 0,468253968253968 0,682539682539683 -0,952 -1 1 -1 -1 -1 
0,630909090909091 0,594736842105263 -0,472 0,458730158730159 0,673015873015873 -0,996 -1 1 -1 -1 -1 
0,618181818181818 0,529473684210526 -0,536 0,438888888888889 0,653174603174603 -0,992 -1 1 -1 -1 -1 
0,626363636363636 0,552631578947368 -0,376 0,458730158730159 0,673015873015873 -1 -1 -1 -1 -1 -1 
0,641818181818182 0,567368421052631 -0,376 0,51984126984127 0,734126984126984 -1 -1 1 -1 -1 -1 
0,612727272727273 0,585263157894737 -0,144 0,485714285714286 0,7 -1 -1 -1 -1 -1 -1 
0,662727272727273 0,593684210526316 -0,184 0,475396825396825 0,68968253968254 -1 -1 -1 -1 -1 -1 
0,711818181818182 0,570526315789474 -0,576 0,548412698412698 0,762698412698413 -1 -1 -1 -1 -1 -1 
0,700909090909091 0,52 -0,376 0,526984126984127 0,741269841269841 -1 -1 -1 -1 -1 -1 
0,651818181818182 0,492631578947368 -0,104 0,574603174603175 0,788888888888889 -1 -1 -1 -1 -1 -1 
0,628181818181818 0,550526315789473 -0,416 0,524603174603175 0,738888888888889 -1 -1 -1 -1 -1 -1 
0,69 0,447368421052632 -0,496 0,488888888888889 0,703174603174603 -0,968 -1 1 -1 -1 1 
0,753636363636364 0,571578947368421 -0,744 0,561111111111111 0,775396825396825 -0,952 -1 1 -1 -1 1 
0,736363636363636 0,572631578947368 -0,456 0,551587301587302 0,765873015873016 -1 1 -1 -1 -1 -1 
0,65 0,585263157894737 -0,264 0,53015873015873 0,744444444444444 -1 -1 -1 -1 -1 -1 
0,6 0,601052631578948 -0,32 0,508730158730159 0,723015873015873 -1 -1 -1 -1 -1 -1 
0,639090909090909 0,601052631578948 -0,44 0,491269841269841 0,705555555555556 -1 -1 -1 -1 -1 -1 
