124150 99999  19860216    24.6  5    20.8  5  1017.2  5  9999.9  0    2.7  5    3.9  5    7.8  999.9    28.2    23.0* 99.99  999.9  001000 
124150 99999  19860217    20.9  5    16.5  5  1008.5  5  9999.9  0    1.3  5    4.3  5    5.8  999.9    23.0*   17.6* 99.99  999.9  001000 
124150 99999  19860218    22.4  6    19.6  6  1004.4  6  9999.9  0    1.0  6    3.9  6    5.8  999.9    24.4*   21.0* 99.99  999.9  011000 
124150 99999  19860219    21.9  4    18.8  4  1009.2  4  9999.9  0    1.2  4    7.8  4    9.7  999.9    24.1*   18.5* 99.99  999.9  001000 
124150 99999  19860220    17.7  5    11.3  5  1012.5  5  9999.9  0    3.5  5    7.4  5   13.6  999.9    20.5*   15.4* 99.99    3.9  001000 
124150 99999  19860221    16.8  4    10.8  4  1013.0  4  9999.9  0    5.0  4    6.3  4    9.7  999.9    23.0*    6.8*  0.00I 999.9  000000 
124150 99999  19860222    18.5  5    13.7  5  1015.2  5  9999.9  0    1.8  5    0.0  5  999.9  999.9    24.1    14.4* 99.99  999.9  001000 
124150 99999  19860223    16.9  7    10.3  7  1015.1  7  9999.9  0    3.1  7    6.1  7    7.8  999.9    21.0*    7.2*  0.00H   3.5  001000 
124150 99999  19860224    14.9  5    10.0  5  1017.7  4  9999.9  0    1.6  5    5.1  5    7.8  999.9    19.2*    3.0   0.00E   3.5  001000 
124150 99999  19860225    14.2  5     5.6  5  1025.8  5  9999.9  0    5.2  5    6.2  5   11.7  999.9    20.3*   -1.8*  0.00H 999.9  001000 
124150 99999  19860226    10.1  6     4.2  6  1035.9  6  9999.9  0    4.0  6    2.6  6    5.8  999.9    21.2*   -0.4*  0.00B 999.9  001000 
124150 99999  19860227     8.2  5     1.5  5  1037.3  5  9999.9  0    1.3  5    0.8  5    1.9  999.9    22.5*   -4.9*  0.00A 999.9  000000 
124150 99999  19860228    13.6  6     6.7  6  1034.8  6  9999.9  0    1.4  6    1.0  6    3.9  999.9    27.5    -4.5*  0.00B 999.9  000000 
124150 99999  19860301    17.5  7    11.8  7  1026.5  7  9999.9  0    1.9  7    6.9  7   13.6  999.9    27.7     3.9*  0.00C 999.9  000000 
124150 99999  19860302    23.8  7    20.2  7  1017.5  7  9999.9  0    2.5  7    5.8  7    9.7  999.9    25.9    19.9*  0.00H   3.5  001000 
124150 99999  19860303    10.3  6     6.7  6  1019.8  6  9999.9  0    1.0  6    1.0  6    1.9  999.9    25.3    -2.6  99.99    4.3  101000 
124150 99999  19860304    24.7  6    18.5  6  1013.7  6  9999.9  0    0.9  6    3.2  6    7.8  999.9    35.6*    9.0   0.00B   4.3  000000 
124150 99999  19860305    37.5  5    32.0  5  1008.0  5  9999.9  0    2.7  5    8.2  5    9.7  999.9    39.7    34.5* 99.99  999.9  010000 
124150 99999  19860306    39.9  6    34.9  6  1009.9  6  9999.9  0    2.2  6    7.4  5   13.6  999.9    44.6    36.3  99.99  999.9  010000 
124150 99999  19860307    37.6  6    35.2  6  1018.2  6  9999.9  0    2.0  6    4.5  6   11.7  999.9    39.4*   34.3   0.00G 999.9  010000 
124150 99999  19860308    34.4  6    32.9  6  1027.5  6  9999.9  0    1.8  6    5.8  6    7.8  999.9    37.2    32.7*  0.00B 999.9  100000 
124150 99999  19860309    35.4  7    34.9  6  1022.9  7  9999.9  0    0.7  7    6.9  7    7.8  999.9    38.1    33.8  99.99  999.9  010000 
124150 99999  19860310    34.3  5    33.0  5  1024.2  5  9999.9  0    0.8  5    2.7  5    5.8  999.9    36.3*   33.1*  0.00B 999.9  000000 
124150 99999  19860311    34.2  5    31.9  5  1024.7  5  9999.9  0    1.9  5    6.6  5    9.7  999.9    36.3*   33.4*  0.00A 999.9  100000 
124150 99999  19860312    35.7  4    33.2  4  1023.8  4  9999.9  0    2.3  4    4.4  4    7.8  999.9    39.7*   32.7*  0.00A 999.9  000000 
124150 99999  19860313    39.5  5    36.2  5  1021.2  5  9999.9  0    1.5  5   11.3  5   13.6  999.9    46.2*   36.5*  0.00A 999.9  000000 
124150 99999  19860314    39.8  6    36.9  6  1028.3  5  9999.9  0    1.1  6    3.9  6    9.7  999.9    46.8*   33.6*  0.00B 999.9  000000 
124150 99999  19860315    37.2  6    35.3  6  1032.8  6  9999.9  0    1.0  6    3.2  6    7.8  999.9    39.4*   34.9*  0.00G 999.9  110000 
124150 99999  19860316    34.6  7    31.6  6  1031.4  7  9999.9  0    1.4  7   10.3  7   13.6  999.9    38.5    32.0*  0.00C 999.9  000000 
124150 99999  19860317    37.7  6    32.5  6  1031.4  6  9999.9  0    2.9  6    8.1  6   13.6  999.9    47.3*   30.2*  0.00B 999.9  000000 
124150 99999  19860318    38.2  5    32.2  5  1027.3  5  9999.9  0    3.9  5    5.4  5    7.8  999.9    48.4    31.8*  0.00A 999.9  000000 
124150 99999  19860319    40.1  7    32.0  7  1026.7  7  9999.9  0    5.3  7    5.3  7    9.7  999.9    50.2    29.8   0.00C 999.9  000000 
124150 99999  19860320    40.3  7    32.0  7  1023.3  7  9999.9  0    4.7  7    7.7  7   12.9  999.9    47.9    34.0   0.00C 999.9  000000 
124150 99999  19860321    40.5  4    33.8  4  1020.7  4  9999.9  0    4.2  4    9.7  4   15.5  999.9    45.5*   37.0*  0.00I 999.9  000000 
124150 99999  19860322    36.7  4    34.3  4  1026.0  4  9999.9  0    2.7  4    5.8  4    7.8  999.9    41.5*   34.2* 99.99  999.9  010000 
124150 99999  19860323    38.2  5    32.3  5  1006.4  5  9999.9  0    6.1  5   12.4  5   19.4  999.9    43.3*   28.8*  0.00G 999.9  010000 
124150 99999  19860324    42.3  6    33.5  5   995.3  6  9999.9  0   10.4  6   12.9  6   17.5  999.9    45.0    36.0*  0.00H 999.9  010000 
124150 99999  19860325    43.4  6    30.8  6   994.5  5  9999.9  0   15.5  6   12.3  6   21.4  999.9    48.0    36.0*  0.00E 999.9  010000 
124150 99999  19860326    41.3  5    30.4  5  1009.2  5  9999.9  0   12.4  5    7.4  5   13.6  999.9    50.4    34.3*  0.00A 999.9  000000 
124150 99999  19860327    44.6  5    31.7  5  1015.2  4  9999.9  0   11.2  5   10.9  5   17.5  999.9    56.3*   35.4*  0.00A 999.9  000000 
124150 99999  19860328    56.4  7    41.1  7  1013.8  6  9999.9  0   13.3  7   10.8  7   17.5  999.9    66.6    46.4*  0.00E 999.9  010000 
124150 99999  19860329    47.8  6    39.4  6  1013.6  6  9999.9  0   11.0  6    4.2  6   11.7  999.9    52.3*   44.1   0.00H 999.9  010000 
124150 99999  19860330    44.8  6    34.9  6  1010.0  6  9999.9  0   15.5  6    9.7  6   13.6  999.9    51.8*   36.3*  0.00H 999.9  010000 
124150 99999  19860331    47.7  5    37.5  5  1003.0  4  9999.9  0   12.4  5   14.8  5   27.2  999.9    58.3*   39.0*  0.00A 999.9  000000 
124150 99999  19870216    34.3  9    32.2  8  1006.9  9  9999.9  0    2.0  9    8.2  9   11.7  999.9    35.8    33.1*  0.12F 999.9  010000 
124150 99999  19870217    32.6  9    28.0  6  1010.8  9  9999.9  0    5.4  8    8.8  9   11.7  999.9    33.3*   32.0*  0.00C 999.9  000000 
124150 99999  19870218    31.6  6    29.4  5  1012.3  6  9999.9  0    2.1  6    4.9  6    7.8  999.9    32.5*   30.9*  0.00A 999.9  001000 
124150 99999  19870219    31.6  8    29.3  8  1014.4  8  9999.9  0    1.8  7    4.6  8    9.7  999.9    32.4    30.7*  0.12E   2.0  001000 
124150 99999  19870220    31.6  7    30.8  7  1017.9  7  9999.9  0    1.1  7    8.6  7   13.6  999.9    32.7*   30.4   0.00E   1.6  011000 
124150 99999  19870221    34.0  5    32.6  4  1012.4  5  9999.9  0    1.5  5    6.2  5    7.8  999.9    36.1    32.5*  0.00E 999.9  010000 
124150 99999  19870222    34.8  7    32.2  7  1013.2  7  9999.9  0    2.8  7    9.4  7   17.5  999.9    36.5*   32.7   0.00H 999.9  011000 
124150 99999  19870223    28.9  7    21.2  7  1019.1  7  9999.9  0   11.5  7   12.9  6   17.5  999.9    33.8*   23.7*  0.00E 999.9  001000 
124150 99999  19870224    27.4  5    18.1  5  1025.8  5  9999.9  0   13.7  5    7.0  5   11.7  999.9    32.7*   20.5*  0.00B   9.4  000000 
124150 99999  19870225    28.9  7    13.4  7  1024.1  7  9999.9  0    9.4  7    0.8  7    3.9  999.9    38.1*   18.3   0.00D 999.9  000000 
124150 99999  19870226    27.2  5    22.1  5  1028.3  5  9999.9  0    3.7  5    4.7  5    9.7  999.9    32.4*   21.6   0.00A 999.9  000000 
124150 99999  19870227    30.9  7    23.6  6  1020.4  7  9999.9  0    4.0  7    9.4  6   15.5  999.9    37.0    23.7   0.00E 999.9  001000 
124150 99999  19870228    33.2  7    31.1  6  1012.6  7  9999.9  0    2.1  7    4.7  7   11.7  999.9    38.7    28.8*  0.28F 999.9  011000 
124150 99999  19870301    24.1  9    14.8  7  1026.7  9  9999.9  0    9.7  9    8.2  9   11.7  999.9    27.9    20.8*  0.01E 999.9  000000 
124150 99999  19870302    16.8  7     9.0  7  1019.7  7  9999.9  0    7.2  6    8.6  7   13.6  999.9    20.7    14.0*  0.00E 999.9  000000 
124150 99999  19870303    15.9  7     8.5  7  1024.1  7  9999.9  0    6.8  7    7.8  7    9.7  999.9    22.5     9.9   0.00E 999.9  001000 
124150 99999  19870304    18.6  8    11.8  8  1025.8  8  9999.9  0    3.4  8    8.7  8   11.7  999.9    22.1    15.6   0.00F   0.4  001000 
124150 99999  19870305    19.5  6    14.2  6  1029.8  6  9999.9  0    2.5  6    1.0  6    3.9  999.9    25.0*   15.8   0.00E   0.8  001000 
124150 99999  19870306    20.7 10    15.1  8  1033.9 10  9999.9  0    3.8 10    6.2 10    9.7  999.9    23.7    17.8   0.00F   0.4  001000 
124150 99999  19870307    18.4  7    13.6  7  1030.7  7  9999.9  0    2.8  7    8.0  7   11.7  999.9    24.4    14.5   0.01F 999.9  001000 
124150 99999  19870308    20.6  8    16.7  7  1031.3  8  9999.9  0    1.8  8    2.8  7    3.9  999.9    27.9    15.6   0.00F   0.8  001000 
124150 99999  19870309    25.0  9    17.5  7  1031.9  9  9999.9  0    5.0  9    7.3  9    9.7  999.9    31.1    17.2   0.00E   0.4  001000 
124150 99999  19870310    26.0  6    16.3  6  1032.9  6  9999.9  0    4.6  6    5.5  6    7.8  999.9    32.4*   19.2   0.00C 999.9  000000 
124150 99999  19870311    23.9  5    15.0  5  1034.8  5  9999.9  0    3.9  5    5.8  5    7.8  999.9    36.9*   17.4*  0.00B 999.9  000000 
124150 99999  19870312    22.5  7    13.0  6  1034.5  7  9999.9  0    4.9  7    4.2  7    7.8  999.9    29.5*   14.7*  0.00B 999.9  000000 
124150 99999  19870313    23.0  6    12.6  5  1029.9  5  9999.9  0    3.0  6    2.9  6    7.8  999.9    33.3*   12.2   0.00I 999.9  000000 
124150 99999  19870314    25.5  8    15.2  8  1028.9  7  9999.9  0    4.1  8    3.6  8    7.8  999.9    34.7    17.2   0.00D 999.9  000000 
124150 99999  19870315    28.2  6    16.5  6  1018.7  6  9999.9  0    4.2  6    2.9  6    5.8  999.9    40.1    15.8   0.00B 999.9  000000 
124150 99999  19870316    35.1  7    26.8  6  1006.0  7  9999.9  0    7.8  7    7.5  7   11.7  999.9    39.2*   31.5*  0.00H 999.9  011000 
124150 99999  19870317    31.4  8    24.7  8  1010.8  8  9999.9  0    6.4  8    7.5  8    9.7  999.9    35.6*   27.7   0.01F   0.4  001000 
124150 99999  19870318    38.1  8    32.0  8  1000.1  8  9999.9  0    8.5  8    9.2  8   11.7  999.9    42.6*   32.9*  0.08E 999.9  011000 
124150 99999  19870319    37.8  9    29.7  8   999.8  9  9999.9  0   10.4  9    9.3  9   13.6  999.9    43.7    32.9   0.02E 999.9  010100 
124150 99999  19870320    34.4  8    29.1  8  1002.3  8  9999.9  0    5.5  8    6.8  8    9.7  999.9    36.9    32.0   0.00E 999.9  001000 
124150 99999  19870321    37.3  7    29.3  6  1012.8  7  9999.9  0    8.2  7   10.0  7   17.5  999.9    42.4    30.9   0.00E 999.9  011000 
124150 99999  19870322    39.5  8    31.6  7  1016.7  8  9999.9  0    7.6  8   10.0  8   13.6  999.9    45.7    31.8   0.00C 999.9  000000 
124150 99999  19870323    41.0  6    32.7  6  1018.5  6  9999.9  0    7.2  6    6.2  6    9.7  999.9    48.7    34.2*  0.00C 999.9  000000 
124150 99999  19870324    41.1  5    39.5  4  1010.1  5  9999.9  0    7.5  5    4.7  5    5.8  999.9    43.7*   38.7* 99.99  999.9  010000 
124150 99999  19870325    45.4  8    43.0  8  1008.7  7  9999.9  0    3.7  8    4.1  8    7.8  999.9    52.9*   39.9   0.04F 999.9  010000 
124150 99999  19870326    44.1  6    41.9  5  1012.6  6  9999.9  0    3.7  6    7.1  6   15.5  999.9    46.8*   39.9*  0.08E 999.9  010000 
124150 99999  19870327    44.7  5    39.9  5  1010.2  5  9999.9  0    5.7  5    7.8  5   15.5  999.9    54.1    35.1*  0.00H 999.9  010000 
124150 99999  19870328    49.7  8    43.4  8   997.8  7  9999.9  0   11.7  8   10.9  8   13.6  999.9    53.8    45.7*  0.01F 999.9  010000 
124150 99999  19870329    42.6  6    35.7  6  1005.5  6  9999.9  0   11.4  6   10.4  6   13.6  999.9    47.5    37.8*  0.00E 999.9  010000 
124150 99999  19870330    37.4  9    31.9  8  1021.2  9  9999.9  0    7.2  9    9.9  9   11.7  999.9    43.7    34.0   0.00D 999.9  000000 
124150 99999  19870331    38.6  6    32.4  6  1025.2  6  9999.9  0    4.1  6    6.5  6    9.7  999.9    48.2*   30.9*  0.00H 999.9  010000 
124150 99999  19880216    37.0  4    31.0  4  1023.3  4  9999.9  0    4.2  4    9.7  4   11.7  999.9    45.5*   30.9*  0.00I 999.9  000000 
124150 99999  19880217    37.5  7    30.4  7  1014.3  7  9999.9  0    6.4  7   14.2  7   17.5  999.9    41.9    32.9   0.01F 999.9  011000 
124150 99999  19880218    34.9  8    32.6  7  1014.2  7  9999.9  0    4.0  8   11.2  8   13.6  999.9    37.2    33.4   0.10F 999.9  011000 
124150 99999  19880219    35.1  6    33.5  6  1010.2  6  9999.9  0    4.3  6    9.1  6   11.7  999.9    36.5*   32.9*  0.16E 999.9  011000 
124150 99999  19880220    28.7  7    22.5  7  1025.1  7  9999.9  0    7.4  7    5.8  7    7.8  999.9    31.1*   25.7*  0.01F 999.9  001000 
124150 99999  19880221    30.3  6    23.3  6  1030.0  6  9999.9  0    7.7  6    6.5  6   15.5  999.9    35.6*   22.6   0.00H 999.9  010000 
124150 99999  19880222    38.1  6    34.4  6  1021.5  6  9999.9  0    5.6  6   13.3  6   17.5  999.9    41.7    36.3*  0.01E 999.9  010000 
124150 99999  19880223    36.1  7    33.1  7  1008.0  7  9999.9  0    4.8  7    8.3  7   15.5  999.9    39.4    32.7*  0.12F 999.9  010000 
124150 99999  19880224    35.4  7    30.3  7  1002.3  7  9999.9  0    5.4  6    6.4  7    9.7  999.9    40.6    31.3   0.02F 999.9  000000 
124150 99999  19880225    31.8  7    31.3  7  1002.1  6  9999.9  0    0.9  7    6.8  6    9.7  999.9    32.5    30.7   0.35F   1.2  001000 
124150 99999  19880226    33.1  7    32.1  7  1009.3  7  9999.9  0    0.9  7    3.1  7    5.8  999.9    34.7*   32.0   0.04E 999.9  101000 
124150 99999  19880227    33.6  5    32.5  5  1014.9  5  9999.9  0    1.4  5    8.5  5    9.7  999.9    33.8*   33.1   0.01E   2.8  010000 
124150 99999  19880228    33.0  6    29.3  6  1003.6  6  9999.9  0    5.0  6   12.6  6   17.5  999.9    34.3*   31.8   0.00H   1.6  011000 
124150 99999  19880229    33.4  5    28.1  5   989.0  5  9999.9  0    5.3  5   14.4  5   15.5  999.9    36.5*   30.2   0.01E   2.4  001000 
124150 99999  19880301    32.1  6    29.5  6   989.6  6  9999.9  0    4.7  6   12.0  6   15.5  999.9    33.6*   31.3*  0.02E 999.9  011000 
124150 99999  19880302    28.1  6    24.6  6  1005.1  6  9999.9  0    2.4  6   11.7  6   15.5  999.9    28.9*   27.3   0.00B   0.4  001000 
124150 99999  19880303    31.3  8    26.1  6  1011.4  8  9999.9  0    4.9  8    7.3  8   11.7  999.9    36.5    25.7   0.02F   1.6  001000 
124150 99999  19880304    33.7  6    26.4  6  1005.9  6  9999.9  0    6.8  6    6.2  6    7.8  999.9    39.6*   30.2   0.00B 999.9  000000 
124150 99999  19880305    34.7  8    29.3  8  1006.1  8  9999.9  0    4.9  8    6.6  8    7.8  999.9    39.7    30.9   0.00E 999.9  011000 
124150 99999  19880306    34.3  7    25.5  7  1009.9  7  9999.9  0    8.9  7   10.3  7   17.5  999.9    37.9*   31.3   0.00C 999.9  000000 
124150 99999  19880307    36.0  7    30.1  7  1002.3  7  9999.9  0    9.2  7    7.5  7   11.7  999.9    40.1*   31.3   0.00C 999.9  010000 
124150 99999  19880308    32.0  7    29.8  7  1012.0  7  9999.9  0    3.1  7   14.4  7   17.5  999.9    33.1*   30.9*  0.04E   0.4  001000 
124150 99999  19880309    30.4  8    26.4  6  1023.7  8  9999.9  0    4.9  8   11.9  8   15.5  999.9    33.3*   28.6   0.02E   3.9  001000 
124150 99999  19880310    31.1  5    23.0  4  1026.0  5  9999.9  0    5.7  5    5.4  5    7.8  999.9    35.8*   24.8*  0.00A   2.4  000000 
124150 99999  19880311    35.2  9    32.7  7  1016.2  9  9999.9  0    6.4  9   10.8  9   15.5  999.9    36.3*   33.1*  0.01E 999.9  011000 
124150 99999  19880312    34.2  7    30.4  7  1003.5  7  9999.9  0    6.5  7   16.6  7   23.3  999.9    36.7*   29.3*  0.08E 999.9  011100 
124150 99999  19880313    32.1  6    24.6  6  1005.7  6  9999.9  0    9.8  6   12.9  6   15.5  999.9    35.1    28.8*  0.00H 999.9  001000 
124150 99999  19880314    31.9  8    24.8  8  1005.7  8  9999.9  0    8.0  8   11.2  8   13.6  999.9    36.7    27.9   0.04E   0.8  001000 
124150 99999  19880315    35.1  9    28.2  8  1008.8  9  9999.9  0    9.0  9   11.0  9   15.5  999.9    38.8*   29.1   0.00E 999.9  011000 
124150 99999  19880316    43.1  7    38.5  6   992.1  7  9999.9  0   10.3  7   10.3  7   13.6  999.9    46.9*   36.0   0.04E 999.9  010000 
124150 99999  19880317    38.5  7    33.7  7   995.6  7  9999.9  0    8.9  7   15.5  6   19.4  999.9    41.4*   33.3*  0.08F 999.9  011000 
124150 99999  19880318    34.4  6    24.2  5  1010.8  6  9999.9  0    8.3  6   12.3  6   15.5  999.9    38.1*   30.6*  0.00A 999.9  011000 
124150 99999  19880319    33.6  6    22.5  6  1023.8  6  9999.9  0    5.6  6    7.4  6   11.7  999.9    41.9*   29.8*  0.00B 999.9  000000 
124150 99999  19880320    34.7  7    28.0  7  1015.9  7  9999.9  0    5.1  7    5.5  7    7.8  999.9    39.2    29.5   0.02E 999.9  010000 
124150 99999  19880321    34.1  8    31.7  8  1012.7  8  9999.9  0    2.5  8    6.1  8    7.8  999.9    39.0    31.5*  0.16E   0.4  011000 
124150 99999  19880322    32.0  7    29.3  7  1012.8  7  9999.9  0    1.7  7    8.0  7    9.7  999.9    33.8*   29.3   0.00C 999.9  001000 
124150 99999  19880323    37.9  7    36.0  7  1013.1  7  9999.9  0    1.3  7    2.8  7    3.9  999.9    45.9    32.5*  0.02E 999.9  101000 
124150 99999  19880324    41.4  7    37.3  7  1011.9  7  9999.9  0    3.6  7    6.7  7   13.6  999.9    50.0*   32.4   0.02E 999.9  110000 
124150 99999  19880325    44.1  5    36.6  5  1003.8  5  9999.9  0   11.2  5    8.5  5   11.7  999.9    49.1*   39.7*  0.01A 999.9  010000 
124150 99999  19880326    43.1  7    37.9  7  1005.9  7  9999.9  0    9.6  7   10.3  7   15.5  999.9    50.9    38.5*  0.16E 999.9  010000 
124150 99999  19880327    41.4  6    35.5  6  1009.5  6  9999.9  0    9.3  6    8.4  6   11.7  999.9    46.4*   35.8   0.20E 999.9  010000 
124150 99999  19880328    38.8  8    35.9  8  1015.8  8  9999.9  0    5.0  8    8.5  8   13.6  999.9    41.5    34.2   0.14F 999.9  010000 
124150 99999  19880329    39.9  7    34.6  7  1018.2  7  9999.9  0    4.9  7    5.3  7    9.7  999.9    50.9*   31.5   0.00C 999.9  000000 
124150 99999  19880330    45.8  7    36.3  6  1009.3  7  9999.9  0    4.1  7    8.0  7   13.6  999.9    54.3*   32.5   0.00B 999.9  100000 
124150 99999  19880331    46.2  6    38.5  6  1006.9  6  9999.9  0    5.1  6    7.4  6    9.7  999.9    54.7    41.2   0.00H 999.9  010000 

































































































































































































































































































































































































































































































































































































































































































































































































































































































































































