0,527272727272727 0,431578947368421 -0,264 0,407142857142857 0,621428571428571 -1 -1 -1 1 -1 -1 
0,467272727272727 0,441052631578947 -0,416 0,388888888888889 0,603174603174603 -0,996 -1 -1 1 -1 -1 
0,493636363636364 0,411578947368421 -0,288 0,41031746031746 0,624603174603175 -1 -1 -1 -1 -1 -1 
0,525454545454545 0,487368421052631 -0,656 0,38968253968254 0,603968253968254 -1 -1 -1 1 -1 -1 
0,512727272727273 0,533684210526316 -0,736 0,338888888888889 0,553174603174603 -1 -1 -1 1 -1 -1 
0,522727272727273 0,532631578947369 0,04 0,408730158730159 0,623015873015873 -1 -1 -1 -1 -1 -1 
0,541818181818182 0,543157894736842 -0,04 0,424603174603175 0,638888888888889 -1 -1 -1 -1 -1 -1 
0,532727272727273 0,488421052631579 -0,184 0,425396825396825 0,63968253968254 -1 -1 -1 -1 -1 -1 
0,490909090909091 0,525263157894737 0,0640000000000001 0,375396825396825 0,58968253968254 -1 -1 1 1 -1 -1 
0,412727272727273 0,623157894736843 -0,16 0,337301587301587 0,551587301587302 -1 -1 -1 -1 -1 -1 
0,540909090909091 0,577894736842105 -0,584 0,41031746031746 0,624603174603175 -1 -1 1 -1 -1 -1 
0,546363636363636 0,532631578947369 -0,712 0,371428571428571 0,585714285714286 -1 -1 1 -1 -1 -1 
0,555454545454545 0,556842105263158 -0,8 0,417460317460317 0,631746031746032 -1 -1 -1 -1 -1 -1 
0,568181818181818 0,430526315789473 0,112 0,448412698412698 0,662698412698413 -0,996 -1 1 -1 -1 -1 
0,581818181818182 0,481052631578948 0,176 0,446825396825397 0,661111111111111 -1 -1 1 1 -1 -1 
0,472727272727273 0,484210526315789 0,032 0,367460317460317 0,581746031746032 -1 -1 -1 1 -1 -1 
0,468181818181818 0,629473684210526 -0,456 0,357142857142857 0,571428571428571 38,996 -1 -1 1 -1 -1 
0,433636363636364 0,654736842105264 -0,688 0,292857142857143 0,507142857142857 -0,992 -1 -1 1 -1 -1 
0,44 0,465263157894737 -0,64 0,246825396825397 0,461111111111111 -1 -1 -1 1 -1 -1 
0,556363636363636 0,429473684210526 -0,128 0,373015873015873 0,587301587301587 -1 -1 1 1 -1 -1 
0,633636363636364 0,427368421052632 0,00800000000000001 0,512698412698413 0,726984126984127 -0,952 -1 1 -1 -1 -1 
0,651818181818182 0,434736842105263 0,264 0,511111111111111 0,725396825396825 -0,984 -1 1 -1 -1 -1 
0,678181818181818 0,416842105263158 0,272 0,561111111111111 0,775396825396825 -0,9 -1 1 -1 -1 -1 
0,610909090909091 0,508421052631578 -0,312 0,453174603174603 0,667460317460317 -0,94 -1 1 -1 -1 -1 
0,521818181818182 0,661052631578947 -0,776 0,394444444444444 0,608730158730159 -1 -1 -1 -1 -1 -1 
0,496363636363636 0,661052631578947 0,208 0,317460317460317 0,531746031746032 -0,98 -1 -1 1 -1 -1 
0,505454545454545 0,627368421052631 0,296 0,375396825396825 0,58968253968254 -0,992 -1 1 1 1 -1 
0,348181818181818 0,806315789473683 -0,72 0,201587301587302 0,415873015873016 -0,976 -1 -1 1 -1 -1 
0,314545454545455 0,796842105263158 -0,912 0,182539682539683 0,396825396825397 -1 -1 -1 -1 -1 -1 
0,392727272727273 0,751578947368422 -0,408 0,231746031746032 0,446031746031746 -1 -1 -1 -1 -1 -1 
0,551818181818182 0,765263157894737 -0,728 0,362698412698413 0,576984126984127 -1 -1 -1 -1 -1 -1 
0,604545454545455 0,653684210526315 -0,64 0,438888888888889 0,653174603174603 -1 -1 -1 -1 -1 -1 
0,606363636363636 0,657894736842105 -0,472 0,46984126984127 0,684126984126984 -0,992 -1 1 -1 -1 -1 
0,587272727272727 0,71157894736842 -0,368 0,451587301587302 0,665873015873016 -1 -1 -1 -1 -1 -1 
0,555454545454545 0,702105263157895 -0,328 0,41984126984127 0,634126984126984 -1 -1 -1 -1 -1 -1 
0,578181818181818 0,483157894736842 0,032 0,438888888888889 0,653174603174603 -0,96 -1 1 1 1 -1 
0,624545454545455 0,524210526315789 -0,0640000000000001 0,451587301587302 0,665873015873016 -0,976 -1 1 -1 -1 -1 
0,609090909090909 0,571578947368421 -0,592 0,43015873015873 0,644444444444444 -1 -1 -1 -1 -1 -1 
0,534545454545455 0,572631578947368 -0,792 0,376984126984127 0,591269841269841 -1 1 -1 -1 -1 -1 
0,52 0,633684210526316 -1 0,355555555555556 0,56984126984127 -1 1 -1 -1 -1 -1 
0,56 0,769473684210525 -0,672 0,41984126984127 0,634126984126984 -1 1 -1 -1 -1 -1 
0,548181818181818 0,796842105263158 -0,264 0,411111111111111 0,625396825396825 -1 1 1 -1 -1 -1 
0,547272727272727 0,775789473684211 -0,688 0,392857142857143 0,607142857142857 -1 1 -1 -1 -1 -1 
0,524545454545455 0,774736842105262 -0,712 0,378571428571429 0,592857142857143 -1 -1 1 1 -1 -1 
0,558181818181818 0,782105263157894 -0,808 0,415873015873016 0,63015873015873 -1 1 -1 1 -1 -1 
0,429090909090909 0,489473684210526 -0,128 0,353174603174603 0,567460317460317 -0,992 -1 -1 1 -1 -1 
0,431818181818182 0,578947368421053 -0,304 0,278571428571429 0,492857142857143 -1 -1 -1 1 -1 -1 
0,546363636363636 0,577894736842105 -0,168 0,391269841269841 0,605555555555556 -0,932 -1 -1 1 -1 -1 
0,552727272727273 0,585263157894737 -0,44 0,396031746031746 0,61031746031746 -0,936 -1 -1 1 -1 -1 
0,500909090909091 0,52 -0,28 0,38015873015873 0,594444444444444 -0,98 -1 -1 1 -1 -1 
0,57 0,34421052631579 -0,536 0,432539682539683 0,646825396825397 -0,904 -1 1 1 -1 -1 
0,548181818181818 0,403157894736842 -0,00800000000000001 0,41984126984127 0,634126984126984 -0,904 -1 1 1 -1 -1 
0,568181818181818 0,388421052631579 0,0880000000000001 0,43968253968254 0,653968253968254 -0,984 -1 1 1 1 -1 
0,56 0,341052631578947 -0,488 0,435714285714286 0,65 -1 -1 -1 -1 -1 -1 
0,57 0,268421052631579 -0,416 0,434126984126984 0,648412698412698 -0,86 -1 1 1 -1 -1 
0,522727272727273 0,483157894736842 -0,4 0,38968253968254 0,603968253968254 -1 -1 -1 -1 -1 -1 
0,513636363636364 0,525263157894737 -0,264 0,411111111111111 0,625396825396825 -1 -1 -1 -1 -1 -1 
0,550909090909091 0,515789473684211 -0,672 0,403968253968254 0,618253968253968 -1 1 1 -1 -1 -1 
0,578181818181818 0,538947368421053 -0,864 0,43015873015873 0,644444444444444 -1 -1 1 -1 -1 -1 
0,570909090909091 0,56421052631579 -0,648 0,432539682539683 0,646825396825397 -0,936 1 1 -1 -1 -1 
0,57 0,298947368421052 0,0880000000000001 0,471428571428571 0,685714285714286 -0,992 -1 1 -1 -1 -1 
0,551818181818182 0,291578947368422 -0,00800000000000001 0,444444444444444 0,658730158730159 -0,976 -1 1 -1 -1 -1 
0,531818181818182 0,371578947368421 -0,16 0,41984126984127 0,634126984126984 -0,968 -1 1 1 -1 -1 
0,512727272727273 0,615789473684211 -0,32 0,376984126984127 0,591269841269841 -0,984 -1 -1 1 -1 -1 
0,436363636363636 0,735789473684211 -0,592 0,31984126984127 0,534126984126984 -0,996 -1 -1 1 -1 -1 
0,467272727272727 0,58 -0,128 0,348412698412698 0,562698412698413 -1 -1 -1 1 -1 -1 
0,497272727272727 0,614736842105263 -0,00800000000000001 0,374603174603175 0,588888888888889 -1 -1 -1 -1 -1 -1 
0,51 0,595789473684211 -0,536 0,401587301587302 0,615873015873016 -0,98 -1 -1 1 -1 -1 
0,543636363636364 0,432631578947369 0,32 0,396031746031746 0,61031746031746 -1 -1 1 -1 -1 -1 
0,603636363636364 0,327368421052632 0,208 0,473015873015873 0,687301587301587 -0,952 -1 1 -1 -1 -1 
0,501818181818182 0,477894736842105 -0,496 0,38968253968254 0,603968253968254 -1 -1 -1 -1 -1 -1 
0,586363636363636 0,449473684210527 -0,304 0,432539682539683 0,646825396825397 -0,992 -1 1 -1 -1 -1 
0,613636363636364 0,481052631578948 -0,104 0,48968253968254 0,703968253968254 -0,992 -1 1 -1 -1 -1 
0,600909090909091 0,547368421052632 -0,32 0,455555555555556 0,66984126984127 -1 -1 -1 -1 -1 -1 
0,629090909090909 0,484210526315789 -0,4 0,503174603174603 0,717460317460317 -1 -1 1 -1 -1 -1 
0,514545454545455 0,645263157894736 -0,824 0,351587301587302 0,565873015873016 -1 -1 -1 -1 -1 -1 
0,487272727272727 0,649473684210527 -0,872 0,342857142857143 0,557142857142857 -1 1 -1 -1 -1 -1 
0,56 0,44421052631579 -0,024 0,317460317460317 0,531746031746032 -0,936 1 1 -1 -1 -1 
0,591818181818182 0,445263157894736 -0,088 0,46031746031746 0,674603174603175 -0,996 -1 1 -1 -1 -1 
0,606363636363636 0,326315789473684 0,2 0,461111111111111 0,675396825396825 -0,936 -1 1 -1 -1 -1 
0,562727272727273 0,616842105263158 -0,424 0,403174603174603 0,617460317460317 -0,984 -1 1 -1 -1 -1 
0,507272727272727 0,676842105263157 -0,792 0,371428571428571 0,585714285714286 -1 -1 -1 -1 -1 -1 
0,566363636363636 0,632631578947367 0,168 0,387301587301587 0,601587301587302 -1 -1 1 -1 -1 -1 
0,545454545454545 0,713684210526315 -0,304 0,428571428571429 0,642857142857143 -1 -1 -1 -1 -1 -1 
0,585454545454546 0,635789473684211 -0,024 0,425396825396825 0,63968253968254 -1 -1 1 -1 -1 -1 
0,503636363636364 0,615789473684211 -0,264 0,391269841269841 0,605555555555556 -1 -1 -1 -1 -1 -1 
0,507272727272727 0,613684210526315 -0,344 0,379365079365079 0,593650793650794 -1 -1 -1 -1 -1 -1 
0,510909090909091 0,612631578947369 -0,432 0,365873015873016 0,58015873015873 -1 -1 -1 -1 -1 -1 
0,54 0,631578947368421 -0,712 0,375396825396825 0,58968253968254 -1 -1 -1 -1 -1 -1 
0,57 0,613684210526315 -0,48 0,414285714285714 0,628571428571429 -0,968 -1 1 -1 -1 -1 
0,569090909090909 0,517894736842106 -0,104 0,43968253968254 0,653968253968254 -0,96 -1 1 1 -1 -1 
0,577272727272727 0,475789473684211 -0,272 0,435714285714286 0,65 -0,936 -1 1 1 -1 -1 
0,477272727272727 0,632631578947367 -0,536 0,378571428571429 0,592857142857143 -0,996 -1 -1 1 -1 -1 
0,484545454545455 0,684210526315789 -0,48 0,353968253968254 0,568253968253968 -1 -1 1 -1 -1 -1 
0,585454545454546 0,594736842105263 0,0640000000000001 0,462698412698413 0,676984126984127 -0,996 -1 1 -1 -1 -1 
