0,720909090909091 0,581052631578948 -0,864 0,555555555555556 0,76984126984127 -1 -1 -1 -1 -1 -1 
0,766363636363636 0,539999999999999 -0,28 0,617460317460317 0,831746031746032 -1 -1 1 -1 -1 -1 
0,761818181818182 0,563157894736842 -0,456 0,601587301587302 0,815873015873016 -1 -1 -1 -1 -1 -1 
0,802727272727273 0,530526315789473 -0,784 0,596825396825397 0,811111111111111 -0,92 -1 -1 -1 -1 -1 
0,820909090909091 0,516842105263158 -0,744 0,631746031746032 0,846031746031746 -1 -1 1 -1 -1 -1 
0,823636363636364 0,496842105263158 -0,264 0,674603174603175 0,888888888888889 -0,652 -1 1 -1 -1 1 
0,791818181818182 0,502105263157895 -0,6 0,624603174603175 0,838888888888889 -1 -1 -1 -1 -1 -1 
0,816363636363636 0,496842105263158 -0,648 0,623015873015873 0,837301587301587 -0,828 -1 1 -1 -1 1 
0,757272727272727 0,557894736842105 -0,488 0,614285714285714 0,828571428571429 -0,968 -1 -1 -1 -1 -1 
0,808181818181818 0,527368421052632 -0,248 0,635714285714286 0,85 -1 -1 1 -1 -1 -1 
0,753636363636364 0,556842105263158 -0,688 0,621428571428571 0,835714285714286 -1 -1 1 -1 -1 -1 
0,750909090909091 0,583157894736842 -0,664 0,576984126984127 0,791269841269841 -1 -1 -1 -1 -1 -1 
0,771818181818182 0,58421052631579 -0,648 0,576984126984127 0,791269841269841 -1 -1 -1 -1 -1 -1 
0,786363636363636 0,562105263157895 -0,688 0,598412698412699 0,812698412698413 -1 -1 -1 -1 -1 -1 
0,808181818181818 0,537894736842106 -0,648 0,646031746031746 0,86031746031746 -1 -1 1 -1 -1 1 
0,791818181818182 0,515789473684211 -0,592 0,623015873015873 0,837301587301587 -0,86 -1 1 -1 -1 -1 
0,767272727272727 0,536842105263158 -0,744 0,542857142857143 0,757142857142857 -1 -1 -1 -1 -1 1 
0,796363636363636 0,55578947368421 -0,8 0,603968253968254 0,818253968253968 -0,888 -1 1 -1 -1 -1 
0,823636363636364 0,491578947368422 -0,624 0,614285714285714 0,828571428571429 -0,876 1 1 -1 -1 1 
0,753636363636364 0,530526315789473 -0,688 0,601587301587302 0,815873015873016 -0,92 -1 -1 -1 -1 -1 
0,802727272727273 0,58421052631579 -0,672 0,637301587301587 0,851587301587302 -1 -1 1 -1 -1 -1 
0,719090909090909 0,6 -0,664 0,555555555555556 0,76984126984127 -1 -1 -1 -1 -1 -1 
0,721818181818182 0,587368421052631 -0,672 0,558730158730159 0,773015873015873 -1 -1 -1 -1 -1 -1 
0,762727272727273 0,586315789473685 -0,664 0,568253968253968 0,782539682539683 -1 -1 -1 -1 -1 -1 
0,765454545454546 0,595789473684211 -0,608 0,6 0,814285714285714 -1 -1 -1 -1 -1 -1 
0,823636363636364 0,53578947368421 -0,544 0,662698412698413 0,876984126984127 -1 -1 -1 -1 -1 -1 
0,815454545454545 0,510526315789474 -0,616 0,612698412698413 0,826984126984127 -0,876 -1 1 -1 -1 1 
0,832727272727273 0,532631578947369 -0,816 0,612698412698413 0,826984126984127 -1 1 1 -1 -1 -1 
0,842727272727273 0,514736842105263 -0,728 0,628571428571429 0,842857142857143 -0,988 -1 1 -1 -1 -1 
0,857272727272727 0,503157894736842 -0,696 0,665873015873016 0,88015873015873 -0,968 -1 1 -1 -1 1 
0,842727272727273 0,514736842105263 -0,728 0,628571428571429 0,842857142857143 -0,988 -1 1 -1 -1 -1 
0,857272727272727 0,503157894736842 -0,696 0,665873015873016 0,88015873015873 -0,968 -1 1 -1 -1 1 
0,824545454545455 0,496842105263158 -0,448 0,65 0,864285714285714 -0,992 -1 1 -1 -1 1 
0,797272727272727 0,565263157894737 -0,608 0,603968253968254 0,818253968253968 -0,328 -1 1 -1 -1 1 
0,756363636363636 0,609473684210526 -0,792 0,553174603174603 0,767460317460318 -0,988 -1 1 -1 -1 -1 
0,839090909090909 0,541052631578947 -0,504 0,667460317460317 0,881746031746032 -1 -1 -1 -1 -1 -1 
0,861818181818182 0,560000000000001 -0,56 0,674603174603175 0,888888888888889 -0,988 -1 1 -1 -1 -1 
0,88 0,548421052631579 -0,592 0,696825396825397 0,911111111111111 -0,976 1 1 -1 -1 -1 
0,868181818181818 0,486315789473685 -0,68 0,662698412698413 0,876984126984127 -1 1 -1 -1 -1 1 
0,848181818181818 0,496842105263158 -0,816 0,661111111111111 0,875396825396825 -1 -1 -1 -1 -1 -1 
0,73 0,58 -0,56 0,588888888888889 0,803174603174603 -1 -1 -1 -1 -1 -1 
0,700909090909091 0,614736842105263 -0,576 0,575396825396825 0,78968253968254 -1 -1 -1 -1 -1 -1 
0,709090909090909 0,666315789473684 -0,784 0,532539682539683 0,746825396825397 -1 -1 -1 -1 -1 -1 
0,728181818181818 0,656842105263159 -0,712 0,562698412698413 0,776984126984127 -1 -1 -1 -1 -1 -1 
0,698181818181818 0,603157894736842 -0,672 0,524603174603175 0,738888888888889 -1 -1 -1 -1 -1 -1 
0,756363636363636 0,546315789473684 0,024 0,611111111111111 0,825396825396825 -0,904 -1 1 -1 -1 -1 
0,769090909090909 0,554736842105264 -0,24 0,587301587301587 0,801587301587302 -1 -1 1 -1 -1 -1 
0,794545454545455 0,529473684210526 -0,736 0,615873015873016 0,83015873015873 -1 -1 -1 -1 -1 -1 
0,817272727272727 0,491578947368422 -0,28 0,66984126984127 0,884126984126984 -0,984 -1 1 -1 -1 -1 
0,794545454545455 0,517894736842106 0,176 0,665873015873016 0,88015873015873 -0,988 -1 1 -1 -1 -1 
0,832727272727273 0,458947368421053 -0,536 0,684126984126984 0,898412698412698 -0,984 -1 1 -1 -1 -1 
0,779090909090909 0,557894736842105 -0,704 0,63968253968254 0,853968253968254 -1 -1 1 -1 -1 -1 
0,721818181818182 0,563157894736842 -0,784 0,565873015873016 0,78015873015873 -1 -1 -1 -1 -1 -1 
0,776363636363636 0,507368421052632 -0,48 0,551587301587302 0,765873015873016 -1 -1 -1 -1 -1 -1 
0,827272727272727 0,445263157894736 -0,688 0,638888888888889 0,853174603174603 -0,992 -1 1 -1 -1 1 
0,800909090909091 0,528421052631579 -0,184 0,641269841269841 0,855555555555556 -0,984 -1 1 -1 -1 -1 
0,728181818181818 0,593684210526316 -0,632 0,565873015873016 0,78015873015873 -1 -1 -1 -1 -1 -1 
0,687272727272727 0,58421052631579 -0,688 0,51031746031746 0,724603174603175 -1 -1 -1 -1 -1 -1 
0,742727272727273 0,536842105263158 -0,336 0,562698412698413 0,776984126984127 -1 -1 -1 -1 -1 -1 
0,792727272727273 0,511578947368421 -0,632 0,626984126984127 0,841269841269841 -1 -1 -1 -1 -1 -1 
0,73 0,592631578947368 -0,536 0,571428571428571 0,785714285714286 -0,904 -1 1 -1 -1 -1 
0,699090909090909 0,665263157894737 -0,472 0,553968253968254 0,768253968253968 -1 -1 1 -1 -1 -1 
0,661818181818182 0,721052631578947 -0,672 0,465873015873016 0,68015873015873 -1 -1 -1 -1 -1 -1 
0,693636363636364 0,701052631578946 -0,6 0,498412698412698 0,712698412698413 -1 -1 -1 -1 -1 -1 
0,674545454545455 0,616842105263158 -0,592 0,464285714285714 0,678571428571429 -1 1 -1 -1 -1 -1 
0,623636363636364 0,592631578947368 -0,472 0,496825396825397 0,711111111111111 -1 -1 -1 -1 -1 -1 
0,632727272727273 0,611578947368421 -0,552 0,553968253968254 0,768253968253968 -1 -1 -1 -1 -1 -1 
0,662727272727273 0,594736842105263 -0,36 0,537301587301587 0,751587301587302 -1 -1 1 -1 -1 -1 
0,623636363636364 0,586315789473685 -0,416 0,532539682539683 0,746825396825397 -1 -1 -1 -1 -1 -1 
0,642727272727273 0,610526315789474 -0,592 0,524603174603175 0,738888888888889 -1 -1 1 -1 -1 -1 
0,800909090909091 0,561052631578947 -0,648 0,611111111111111 0,825396825396825 -1 -1 1 -1 -1 1 
0,807272727272727 0,594736842105263 -0,472 0,66031746031746 0,874603174603175 -0,988 -1 1 -1 -1 -1 
0,729090909090909 0,625263157894738 -0,672 0,585714285714286 0,8 -1 -1 -1 -1 -1 -1 
0,737272727272727 0,560000000000001 -0,4 0,538888888888889 0,753174603174603 -1 -1 -1 -1 -1 -1 
0,785454545454546 0,5 -0,488 0,611111111111111 0,825396825396825 -1 -1 -1 -1 -1 -1 
0,719090909090909 0,632631578947367 -0,848 0,537301587301587 0,751587301587302 -1 -1 -1 -1 -1 -1 
0,723636363636364 0,646315789473685 -0,848 0,53015873015873 0,744444444444444 -1 -1 -1 -1 -1 -1 
0,735454545454545 0,635789473684211 -0,688 0,551587301587302 0,765873015873016 -1 -1 -1 -1 -1 -1 
0,759090909090909 0,630526315789475 -0,768 0,546825396825397 0,761111111111111 -1 -1 -1 -1 -1 -1 
0,800909090909091 0,649473684210527 -0,44 0,644444444444444 0,858730158730159 -1 -1 1 -1 -1 -1 
0,800909090909091 0,649473684210527 -0,44 0,644444444444444 0,858730158730159 -1 -1 1 -1 -1 -1 
0,783636363636364 0,610526315789474 -0,608 0,611111111111111 0,825396825396825 -0,984 -1 1 -1 -1 -1 
0,722727272727273 0,538947368421053 -0,512 0,574603174603175 0,788888888888889 -1 -1 1 -1 -1 -1 
0,738181818181818 0,568421052631579 -0,768 0,51031746031746 0,724603174603175 -1 1 -1 -1 -1 -1 
0,784545454545455 0,576842105263157 -0,632 0,623015873015873 0,837301587301587 -1 -1 -1 -1 -1 -1 
0,779090909090909 0,473684210526316 -0,888 0,598412698412699 0,812698412698413 -1 -1 1 -1 -1 1 
0,79 0,466315789473684 -0,744 0,623015873015873 0,837301587301587 -1 -1 1 -1 -1 -1 
0,747272727272727 0,504210526315789 -0,0640000000000001 0,587301587301587 0,801587301587302 -0,984 -1 1 -1 -1 -1 
0,696363636363636 0,558947368421053 -0,144 0,567460317460317 0,781746031746032 -1 -1 1 -1 -1 -1 
0,728181818181818 0,472631578947368 -0,688 0,526984126984127 0,741269841269841 -1 -1 1 -1 -1 -1 
0,782727272727273 0,53578947368421 -0,744 0,582539682539683 0,796825396825397 -0,86 -1 1 -1 -1 -1 
0,839090909090909 0,490526315789474 -0,848 0,628571428571429 0,842857142857143 -0,92 1 1 -1 -1 1 
0,829090909090909 0,533684210526316 -0,472 0,655555555555556 0,86984126984127 -0,764 -1 1 -1 -1 -1 
0,781818181818182 0,608421052631578 -0,752 0,628571428571429 0,842857142857143 -1 -1 -1 -1 -1 -1 
0,757272727272727 0,593684210526316 -0,624 0,588888888888889 0,803174603174603 -1 -1 -1 -1 -1 -1 
0,764545454545455 0,541052631578947 -0,744 0,514285714285714 0,728571428571429 -1 1 -1 -1 -1 -1 
0,808181818181818 0,553684210526316 -0,744 0,646825396825397 0,861111111111111 -1 -1 -1 -1 -1 -1 
0,782727272727273 0,553684210526316 -0,848 0,592857142857143 0,807142857142857 -1 1 -1 -1 -1 -1 
0,795454545454545 0,527368421052632 -0,64 0,596031746031746 0,81031746031746 -1 1 1 -1 -1 1 
0,805454545454545 0,532631578947369 -0,56 0,626984126984127 0,841269841269841 -0,936 1 1 -1 -1 -1 
0,688181818181818 0,537894736842106 0,136 0,553968253968254 0,768253968253968 -0,984 -1 1 -1 -1 -1 
0,690909090909091 0,56421052631579 -0,512 0,553174603174603 0,767460317460318 -1 -1 -1 -1 -1 -1 
0,744545454545455 0,470526315789474 -0,592 0,518253968253968 0,732539682539682 -1 -1 -1 -1 -1 -1 
0,764545454545455 0,471578947368421 -0,496 0,596031746031746 0,81031746031746 -0,944 -1 1 -1 -1 -1 
0,655454545454545 0,603157894736842 -0,32 0,515873015873016 0,73015873015873 -1 -1 -1 -1 -1 -1 
0,712727272727273 0,469473684210527 -0,184 0,568253968253968 0,782539682539683 -0,984 -1 1 -1 -1 -1 
0,733636363636364 0,529473684210526 -0,288 0,576984126984127 0,791269841269841 -0,984 -1 1 -1 -1 -1 
0,720909090909091 0,516842105263158 -0,688 0,528571428571429 0,742857142857143 -1 -1 -1 -1 -1 -1 
0,803636363636364 0,453684210526316 -0,784 0,587301587301587 0,801587301587302 -0,668 -1 1 -1 -1 1 
0,793636363636364 0,524210526315789 -0,56 0,646825396825397 0,861111111111111 -0,984 -1 1 -1 -1 -1 
0,753636363636364 0,553684210526316 -0,688 0,53968253968254 0,753968253968254 -1 1 -1 -1 -1 -1 
0,771818181818182 0,485263157894737 -0,632 0,58015873015873 0,794444444444444 -1 -1 -1 -1 -1 -1 
0,789090909090909 0,36421052631579 -0,44 0,605555555555556 0,81984126984127 -0,668 -1 1 -1 -1 -1 
0,717272727272727 0,431578947368421 -0,088 0,596825396825397 0,811111111111111 -0,764 -1 1 -1 -1 -1 
0,749090909090909 0,531578947368421 -0,576 0,596031746031746 0,81031746031746 -1 -1 -1 -1 -1 -1 
0,785454545454546 0,585263157894737 -0,4 0,653174603174603 0,867460317460317 -1 -1 -1 -1 -1 -1 
0,708181818181818 0,547368421052632 -0,416 0,55 0,764285714285714 -1 -1 -1 -1 -1 -1 
0,737272727272727 0,46421052631579 -0,128 0,596031746031746 0,81031746031746 -0,92 -1 1 -1 -1 -1 
0,71 0,501052631578948 -0,536 0,553968253968254 0,768253968253968 -0,952 -1 -1 -1 -1 -1 
0,769090909090909 0,427368421052632 -0,496 0,568253968253968 0,782539682539683 -1 -1 1 -1 -1 -1 
0,792727272727273 0,558947368421053 -0,552 0,603968253968254 0,818253968253968 -0,844 -1 1 -1 -1 -1 
0,695454545454545 0,58421052631579 -0,648 0,531746031746032 0,746031746031746 -1 -1 -1 -1 -1 -1 
0,745454545454545 0,568421052631579 -0,656 0,575396825396825 0,78968253968254 -0,992 -1 1 -1 -1 -1 
0,757272727272727 0,489473684210526 -0,36 0,548412698412698 0,762698412698413 -0,828 -1 1 -1 -1 1 
0,723636363636364 0,466315789473684 -0,088 0,578571428571429 0,792857142857143 -0,964 -1 1 -1 -1 -1 
0,69 0,494736842105263 -0,56 0,514285714285714 0,728571428571429 -0,936 -1 1 -1 -1 -1 
0,682727272727273 0,552631578947368 -0,32 0,515873015873016 0,73015873015873 -1 -1 -1 -1 -1 -1 
0,698181818181818 0,532631578947369 -0,592 0,562698412698413 0,776984126984127 -1 -1 -1 -1 -1 -1 
0,739090909090909 0,471578947368421 -0,552 0,505555555555556 0,71984126984127 -0,984 -1 1 -1 -1 -1 
0,801818181818182 0,463157894736842 -0,736 0,608730158730159 0,823015873015873 -0,984 -1 -1 -1 -1 -1 
0,796363636363636 0,449473684210527 -0,664 0,615873015873016 0,83015873015873 -0,872 -1 1 -1 -1 -1 
0,75 0,467368421052631 -0,32 0,592857142857143 0,807142857142857 -1 -1 -1 -1 -1 -1 
0,758181818181818 0,445263157894736 -0,776 0,537301587301587 0,751587301587302 -0,952 -1 1 -1 -1 -1 
0,749090909090909 0,426315789473684 -0,416 0,576984126984127 0,791269841269841 -1 1 -1 -1 -1 -1 
0,751818181818182 0,377894736842105 -0,584 0,588888888888889 0,803174603174603 -0,796 -1 1 -1 -1 -1 
0,740909090909091 0,386315789473685 -0,536 0,564285714285714 0,778571428571429 -0,772 -1 1 -1 -1 -1 
0,724545454545455 0,470526315789474 -0,552 0,562698412698413 0,776984126984127 -0,968 -1 1 -1 -1 -1 
0,733636363636364 0,408421052631578 0,032 0,582539682539683 0,796825396825397 -1 -1 1 -1 -1 -1 
0,725454545454545 0,391578947368422 -0,264 0,585714285714286 0,8 -0,984 -1 1 -1 -1 -1 
0,713636363636364 0,414736842105263 -0,36 0,58015873015873 0,794444444444444 -1 -1 -1 -1 -1 -1 
0,765454545454546 0,595789473684211 -0,496 0,612698412698413 0,826984126984127 -1 -1 -1 -1 -1 -1 
0,758181818181818 0,571578947368421 -0,00800000000000001 0,625396825396825 0,83968253968254 -1 -1 -1 -1 -1 -1 
0,718181818181818 0,486315789473685 0,208 0,578571428571429 0,792857142857143 -0,992 -1 1 -1 -1 -1 
0,688181818181818 0,537894736842106 0,136 0,553968253968254 0,768253968253968 -0,984 -1 1 -1 -1 -1 
0,690909090909091 0,56421052631579 -0,512 0,553174603174603 0,767460317460318 -1 -1 -1 -1 -1 -1 
0,716363636363636 0,589473684210526 -0,664 0,544444444444444 0,758730158730159 -1 -1 -1 -1 -1 -1 
0,720909090909091 0,608421052631578 -0,608 0,512698412698413 0,726984126984127 -1 1 -1 -1 -1 -1 
0,732727272727273 0,575789473684211 -0,424 0,573015873015873 0,787301587301587 -1 -1 -1 -1 -1 -1 
0,749090909090909 0,539999999999999 -0,496 0,56984126984127 0,784126984126984 -1 -1 -1 -1 -1 -1 
0,756363636363636 0,478947368421053 -0,416 0,573015873015873 0,787301587301587 -1 -1 1 -1 -1 -1 
0,803636363636364 0,448421052631579 -0,808 0,65 0,864285714285714 -0,992 -1 1 -1 -1 -1 
0,805454545454545 0,310526315789474 -0,536 0,625396825396825 0,83968253968254 -0,652 -1 1 -1 -1 -1 
0,727272727272727 0,289473684210526 -0,36 0,567460317460317 0,781746031746032 -0,78 -1 1 -1 -1 -1 
0,647272727272727 0,317894736842106 -0,36 0,507142857142857 0,721428571428571 -0,844 -1 -1 -1 -1 -1 
0,676363636363636 0,321052631578947 -0,336 0,557142857142857 0,771428571428571 -0,984 -1 1 -1 -1 -1 
0,779090909090909 0,617894736842106 -0,856 0,591269841269841 0,805555555555556 -1 -1 -1 -1 -1 -1 
0,770909090909091 0,66 -0,784 0,568253968253968 0,782539682539683 -1 -1 -1 -1 -1 -1 
0,763636363636364 0,636842105263158 -0,72 0,553968253968254 0,768253968253968 -1 -1 -1 -1 -1 -1 
0,749090909090909 0,577894736842105 -0,68 0,557142857142857 0,771428571428571 -1 1 -1 -1 -1 -1 
0,685454545454546 0,541052631578947 -0,648 0,555555555555556 0,76984126984127 -1 -1 -1 -1 -1 -1 
0,775454545454545 0,491578947368422 -0,712 0,591269841269841 0,805555555555556 -0,976 -1 1 -1 -1 -1 
0,766363636363636 0,454736842105264 -0,848 0,58015873015873 0,794444444444444 -0,976 1 1 -1 -1 -1 
0,752727272727273 0,416842105263158 -0,352 0,585714285714286 0,8 -0,952 -1 1 -1 -1 1 
0,745454545454545 0,414736842105263 -0,0720000000000001 0,574603174603175 0,788888888888889 -0,98 -1 1 -1 -1 -1 
0,754545454545455 0,503157894736842 -0,2 0,581746031746032 0,796031746031746 -0,856 -1 1 -1 -1 -1 
0,670909090909091 0,36 0,376 0,542857142857143 0,757142857142857 -0,984 -1 1 -1 -1 -1 
0,711818181818182 0,362105263157894 0,376 0,568253968253968 0,782539682539683 -0,904 -1 1 -1 -1 -1 
0,687272727272727 0,465263157894737 0,192 0,585714285714286 0,8 -0,972 -1 1 -1 -1 -1 
0,720909090909091 0,470526315789474 -0,472 0,573015873015873 0,787301587301587 -0,972 -1 1 -1 -1 -1 
0,740909090909091 0,46 -0,512 0,571428571428571 0,785714285714286 -0,992 -1 1 -1 -1 -1 
0,653636363636364 0,646315789473685 -0,72 0,498412698412698 0,712698412698413 -1 -1 -1 -1 -1 -1 
0,665454545454546 0,614736842105263 -0,808 0,462698412698413 0,676984126984127 -1 -1 -1 -1 -1 -1 
0,736363636363636 0,52 -0,432 0,492857142857143 0,707142857142857 -1 -1 1 -1 -1 -1 
0,736363636363636 0,512631578947369 -0,36 0,573015873015873 0,787301587301587 -0,736 -1 1 -1 -1 1 
0,709090909090909 0,538947368421053 -0,472 0,555555555555556 0,76984126984127 -0,988 -1 1 -1 -1 -1 
0,679090909090909 0,504210526315789 -0,32 0,56984126984127 0,784126984126984 -1 -1 1 -1 -1 -1 
0,67 0,522105263157895 -0,16 0,574603174603175 0,788888888888889 -1 -1 1 -1 -1 -1 
0,657272727272727 0,582105263157894 -0,352 0,553968253968254 0,768253968253968 -0,952 -1 1 -1 -1 -1 
0,623636363636364 0,658947368421052 -0,408 0,482539682539682 0,696825396825397 -1 -1 1 -1 -1 -1 
0,708181818181818 0,650526315789473 -0,272 0,564285714285714 0,778571428571429 -1 -1 1 -1 -1 -1 
0,760909090909091 0,46421052631579 -0,184 0,591269841269841 0,805555555555556 -0,448 -1 1 -1 -1 -1 
0,766363636363636 0,474736842105263 -0,144 0,603968253968254 0,818253968253968 -0,86 -1 1 -1 -1 -1 
0,775454545454545 0,478947368421053 -0,28 0,633333333333333 0,847619047619048 -0,94 -1 1 -1 -1 -1 
0,783636363636364 0,483157894736842 -0,408 0,665873015873016 0,88015873015873 -1 -1 -1 -1 -1 -1 
0,791818181818182 0,506315789473685 -0,36 0,658730158730159 0,873015873015873 -1 -1 1 -1 -1 -1 
0,799090909090909 0,524210526315789 -0,608 0,605555555555556 0,81984126984127 -1 -1 -1 -1 -1 -1 
0,829090909090909 0,496842105263158 -0,592 0,638888888888889 0,853174603174603 -1 -1 1 -1 -1 1 
0,773636363636364 0,563157894736842 -0,304 0,638888888888889 0,853174603174603 -0,92 -1 -1 -1 -1 -1 
0,741818181818182 0,625263157894738 -0,888 0,574603174603175 0,788888888888889 -1 -1 -1 -1 -1 -1 
0,758181818181818 0,610526315789474 -0,456 0,624603174603175 0,838888888888889 -1 -1 -1 -1 -1 -1 
0,724545454545455 0,503157894736842 -0,376 0,53968253968254 0,753968253968254 -1 -1 1 -1 -1 -1 
0,678181818181818 0,541052631578947 -0,288 0,526984126984127 0,741269841269841 -1 -1 1 -1 -1 -1 
0,723636363636364 0,55578947368421 -0,2 0,581746031746032 0,796031746031746 -1 -1 1 -1 1 1 
0,702727272727273 0,582105263157894 -0,224 0,582539682539683 0,796825396825397 -0,992 -1 -1 -1 -1 -1 
0,705454545454545 0,545263157894736 -0,288 0,587301587301587 0,801587301587302 -1 -1 1 -1 -1 -1 
0,745454545454545 0,5 -0,288 0,58968253968254 0,803968253968254 -1 -1 1 -1 -1 -1 
0,717272727272727 0,55578947368421 0,04 0,573015873015873 0,787301587301587 -1 -1 1 -1 -1 -1 
0,704545454545455 0,630526315789475 -0,328 0,551587301587302 0,765873015873016 -1 -1 -1 -1 -1 -1 
0,690909090909091 0,562105263157895 -0,56 0,528571428571429 0,742857142857143 -1 -1 -1 -1 -1 -1 
0,682727272727273 0,532631578947369 -0,304 0,558730158730159 0,773015873015873 -1 -1 1 -1 -1 -1 
