124150 99999  19861101    50.7  4    44.6  4  1010.0  4  9999.9  0    6.2  4    8.3  4    9.7  999.9    53.6    48.7*  0.00A 999.9  000000 
124150 99999  19861102    48.0  9    43.0  7  1010.6  9  9999.9  0    9.0  9    9.9  9   15.5  999.9    53.8*   37.9*  0.00A 999.9  010000 
124150 99999  19861103    36.3  8    32.4  7  1027.7  8  9999.9  0    7.8  8    7.0  8    9.7  999.9    44.8    33.3   0.00C 999.9  000000 
124150 99999  19861104    38.5  7    34.0  7  1028.1  6  9999.9  0    4.9  7    7.1  6   11.7  999.9    44.2*   30.7   0.00H 999.9  010000 
124150 99999  19861105    43.7  7    39.0  7  1023.3  7  9999.9  0    4.1  7   11.4  7   13.6  999.9    47.3    41.0   0.00G 999.9  010000 
124150 99999  19861106    45.7  6    38.7  5  1017.7  6  9999.9  0    6.3  5   19.1  6   25.3  999.9    48.9*   43.0  99.99  999.9  010000 
124150 99999  19861107    41.6  6    36.7  6  1025.2  6  9999.9  0    6.8  6   11.0  6   15.5  999.9    46.4    39.7   0.00A 999.9  000000 
124150 99999  19861108    42.4  6    35.1  6  1016.4  6  9999.9  0    5.0  6    5.5  6   17.5  999.9    50.0*   36.5   0.00B 999.9  000000 
124150 99999  19861109    42.1  7    34.9  7  1024.2  6  9999.9  0    7.6  7   10.0  7   15.5  999.9    48.0    35.4*  0.00B 999.9  000000 
124150 99999  19861110    40.1  7    32.8  5  1022.7  7  9999.9  0    4.1  7    3.9  7    9.7  999.9    51.6*   28.0   0.00B 999.9  000000 
124150 99999  19861111    46.0  6    38.8  5  1024.3  6  9999.9  0    6.3  6    7.8  6   13.6  999.9    51.4*   36.5   0.00B 999.9  000000 
124150 99999  19861112    44.8  6    38.8  6  1025.5  6  9999.9  0    4.5  6    5.5  6    9.7  999.9    55.6    41.0   0.00C 999.9  000000 
124150 99999  19861113    41.1  8    38.9  8  1027.6  8  9999.9  0    1.0  8    3.6  8    5.8  999.9    51.6    33.6   0.00D 999.9  100000 
124150 99999  19861114    43.5  8    37.4  6  1019.9  8  9999.9  0    3.0  8    8.5  8   13.6  999.9    47.8*   36.5*  0.00B 999.9  000000 
124150 99999  19861115    32.2  7    31.3  7  1022.4  6  9999.9  0    0.4  7    0.0  7  999.9  999.9    47.7    27.5   0.00C 999.9  100000 
124150 99999  19861116    42.8  7    40.9  7  1025.8  5  9999.9  0    1.9  7    1.9  7    7.8  999.9    53.2    32.0*  0.00H 999.9  110000 
124150 99999  19861117    47.8  7    43.7  7  1023.6  7  9999.9  0    3.2  7    4.4  7   11.7  999.9    58.5    41.0   0.00G 999.9  110000 
124150 99999  19861118    46.5  6    41.8  6  1025.3  6  9999.9  0    4.5  6    6.5  6    9.7  999.9    51.6*   38.7*  0.00G 999.9  010000 
124150 99999  19861119    44.2  7    37.7  6  1020.5  7  9999.9  0   10.7  7    8.0  7   11.7  999.9    50.7*   38.5*  0.00B 999.9  010000 
124150 99999  19861120    48.0  7    39.4  7  1014.8  7  9999.9  0   11.5  7    8.9  7   13.6  999.9    50.9    45.7   0.00G 999.9  010000 
124150 99999  19861121    42.1  6    37.9  6  1018.9  6  9999.9  0    5.6  6    6.2  6    9.7  999.9    46.2*   37.8  99.99  999.9  010000 
124150 99999  19861122    41.2  8    36.2  7  1009.0  8  9999.9  0    9.3  8   11.9  8   13.6  999.9    43.3    39.4   0.00H 999.9  010000 
124150 99999  19861123    44.2  7    39.9  6  1004.2  7  9999.9  0    5.9  7    8.0  7   11.7  999.9    47.1*   41.7   0.02B 999.9  010000 
124150 99999  19861124    40.9  6    38.1  6  1015.8  6  9999.9  0    6.2  6    4.2  6    7.8  999.9    48.2    37.2*  0.00H 999.9  010000 
124150 99999  19861125    44.4  7    39.8  7  1021.6  7  9999.9  0    9.1  7    7.2  7   11.7  999.9    53.6    35.6   0.00C 999.9  000000 
124150 99999  19861126    37.9  6    35.6  6  1022.8  5  9999.9  0    3.2  6    2.3  6    7.8  999.9    48.4*   32.0   0.00B 999.9  100000 
124150 99999  19861127    45.3  7    39.9  6  1031.2  7  9999.9  0    5.9  7   11.7  7   13.6  999.9    46.4*   38.5   0.00H 999.9  010000 
124150 99999  19861128    37.9  6    35.4  6  1039.7  6  9999.9  0    2.6  6    4.2  6    7.8  999.9    41.5*   31.6*  0.00B 999.9  000000 
124150 99999  19861129    26.8  6    26.0  6  1035.8  6  9999.9  0    0.5  6    0.0  6  999.9  999.9    31.5*   23.5   0.00B 999.9  100000 
124150 99999  19861130    26.6  8    25.7  6  1033.1  8  9999.9  0    0.9  7    0.8  7    1.9  999.9    37.2*   22.3   0.00B 999.9  100000 
124150 99999  19861201    30.8  5    27.6  5  1027.6  5  9999.9  0    2.4  5    1.2  5    3.9  999.9    37.9*   28.0*  0.00B 999.9  000000 
124150 99999  19861202    38.8  7    33.8  7  1025.5  7  9999.9  0    5.3  7   11.7  7   15.5  999.9    44.4    25.9   0.01E 999.9  010000 
124150 99999  19861203    45.0  9    39.3  9  1028.0  9  9999.9  0   13.2  9    7.5  8   15.5  999.9    55.4    35.6   0.00D 999.9  000000 
124150 99999  19861204    50.5  7    33.5  6  1025.6  7  9999.9  0   12.4  7   12.2  7   17.5  999.9    55.4*   37.9   0.00B 999.9  000000 
124150 99999  19861205    49.7  7    39.3  7  1024.8  7  9999.9  0   12.4  7    8.3  7   13.6  999.9    59.9*   36.0*  0.00C 999.9  000000 
124150 99999  19861206    43.3  6    37.8  5  1018.0  6  9999.9  0    9.1  6    8.4  6   13.6  999.9    49.8*   32.9   0.00H 999.9  010000 
124150 99999  19861207    34.4  8    34.1  8  1027.6  7  9999.9  0    1.1  8    6.8  8   13.6  999.9    38.1*   29.1   0.00B 999.9  100000 
124150 99999  19861208    37.8  8    33.5  7  1025.8  8  9999.9  0    5.0  8    7.8  8    9.7  999.9    45.7    30.6   0.00D 999.9  000000 
124150 99999  19861209    35.2  9    30.1  7  1022.6  9  9999.9  0    3.9  9   10.6  9   19.4  999.9    39.6*   33.1*  0.00H 999.9  010000 
124150 99999  19861210    34.7  9    32.8  8  1032.3  9  9999.9  0    1.4  9    0.9  9    1.9  999.9    39.9    29.1   0.00B 999.9  000000 
124150 99999  19871101    40.0  6    31.9  6  1020.8  6  9999.9  0    2.8  6    2.9  6    5.8  999.9    51.1*   30.4   0.00H 999.9  010000 
124150 99999  19871102    43.9  8    42.5  7  1021.6  8  9999.9  0    1.1  8    3.9  8    5.8  999.9    47.3*   41.7   0.08E 999.9  110000 
124150 99999  19871103    43.0  7    38.7  7  1032.2  7  9999.9  0    4.0  7    5.3  7    5.8  999.9    44.8    41.9   0.00E 999.9  010000 
124150 99999  19871104    42.5  5    38.5  5  1037.0  5  9999.9  0    4.2  5    6.2  5    7.8  999.9    44.2*   39.7*  0.00A 999.9  000000 
124150 99999  19871105    42.1  6    37.9  6  1036.3  6  9999.9  0    3.0  6    6.8  6   13.6  999.9    44.6*   36.7   0.00H 999.9  010000 
124150 99999  19871106    44.8  6    41.6  6  1029.8  6  9999.9  0    3.9  6   11.7  6   13.6  999.9    45.3    44.2*  0.02F 999.9  010000 
124150 99999  19871107    43.7  7    40.0  7  1025.3  7  9999.9  0    4.0  7    8.3  7    9.7  999.9    44.4*   43.2*  0.01E 999.9  010000 
124150 99999  19871108    40.7  8    35.4  8  1017.9  8  9999.9  0    3.3  8    8.3  8   13.6  999.9    42.8    34.7*  0.00E 999.9  010000 
124150 99999  19871109    41.1  6    38.5  6  1016.9  6  9999.9  0    3.4  6    5.2  6    9.7  999.9    44.1*   38.3*  0.00B 999.9  000000 
124150 99999  19871110    38.9  4    37.2  4  1014.5  4  9999.9  0    1.9  4    6.3  4    7.8  999.9    41.7*   35.4*  0.00A 999.9  000000 
124150 99999  19871111    38.7  7    37.1  7  1012.0  7  9999.9  0    1.8  7    4.2  6    7.8  999.9    44.1*   35.4   0.04C 999.9  010000 
124150 99999  19871112    47.2  7    37.8  6  1004.1  5  9999.9  0   10.5  7   11.1  7   21.4  999.9    54.9    41.9*  0.00E 999.9  000000 
124150 99999  19871113    44.3  7    36.9  7  1000.2  7  9999.9  0   13.1  7   10.8  7   15.5  999.9    50.9    39.4   0.00F 999.9  010000 
124150 99999  19871114    46.3  7    36.6  7  1001.8  6  9999.9  0   10.7  7   15.0  7   19.4  999.9    48.7*   43.9   0.02E 999.9  010000 
124150 99999  19871115    40.6  8    34.7  8  1016.0  8  9999.9  0    9.9  8    7.5  8   13.6  999.9    48.0    34.0*  0.00E 999.9  000000 
124150 99999  19871116    40.5  6    33.0  6  1013.9  6  9999.9  0   12.4  6    8.4  6   11.7  999.9    47.5*   32.7   0.00C 999.9  010000 
124150 99999  19871117    47.3  7    42.1  7  1016.3  7  9999.9  0    9.8  7   12.8  7   15.5  999.9    48.9*   45.3   0.01C 999.9  010000 
124150 99999  19871118    46.3  8    43.5  8  1025.2  8  9999.9  0    5.7  8   13.8  8   15.5  999.9    48.4    45.7   0.06F 999.9  010000 
124150 99999  19871119    45.7  7    44.1  7  1020.0  7  9999.9  0    3.2  6    7.5  7    9.7  999.9    47.5*   43.3*  0.55E 999.9  010000 
124150 99999  19871120    43.1  6    39.6  6  1005.8  6  9999.9  0    6.2  6   11.7  6   15.5  999.9    46.9    41.5*  0.08E 999.9  010000 
124150 99999  19871121    41.2  8    39.5  8  1011.5  8  9999.9  0    4.7  8    6.6  8    7.8  999.9    42.6    39.2*  0.06F 999.9  010000 
124150 99999  19871122    38.8  6    34.6  6  1007.0  6  9999.9  0    6.3  6    5.8  6    9.7  999.9    43.9    34.5*  0.00B 999.9  000000 
124150 99999  19871123    35.2  9    32.8  9  1005.1  9  9999.9  0    2.0  9    7.3  9   11.7  999.9    37.9    31.8   0.00E 999.9  000000 
124150 99999  19871124    34.0  7    33.0  7  1006.8  7  9999.9  0    1.3  7    9.2  7   11.7  999.9    38.5*   31.5   0.00H 999.9  011000 
124150 99999  19871125    46.5  8    41.8  8   997.3  8  9999.9  0    8.4  8   10.2  8   15.5  999.9    52.7    36.5   0.00D 999.9  000000 
124150 99999  19871126    36.6  5    35.6  5  1005.5  5  9999.9  0    2.1  5    3.5  5    5.8  999.9    39.2*   34.0*  0.00H 999.9  110000 
124150 99999  19871127    37.3  7    37.1  7  1008.2  7  9999.9  0    0.7  7   11.4  7   15.5  999.9    40.1*   33.8   0.04E 999.9  110000 
124150 99999  19871128    38.3  7    36.6  7  1017.2  7  9999.9  0    4.3  7   13.9  7   17.5  999.9    39.2    37.6*  0.13F 999.9  010000 
124150 99999  19871129    37.1  8    33.3  8  1025.0  8  9999.9  0    4.7  8    5.3  8    9.7  999.9    41.2    31.8*  0.00D 999.9  000000 
124150 99999  19871130    31.7  5    30.3  5  1030.2  5  9999.9  0    1.3  5    1.6  5    3.9  999.9    35.6*   27.7   0.00B 999.9  000000 
124150 99999  19871201    35.2  7    32.6  7  1033.2  7  9999.9  0    1.6  6    3.9  6    5.8  999.9    36.3*   34.0   0.00B 999.9  000000 
124150 99999  19871202    33.9  4    30.2  4  1036.0  4  9999.9  0    4.7  4    4.4  4    5.8  999.9    36.1    33.4*  0.00B 999.9  000000 
124150 99999  19871203    32.1  5    27.4  5  1036.3  5  9999.9  0    5.2  5    7.0  5    9.7  999.9    34.0*   30.2*  0.00A 999.9  000000 
124150 99999  19871204    31.7  6    27.5  6  1029.4  6  9999.9  0    4.0  6   10.0  6   11.7  999.9    36.0*   28.9*  0.00B 999.9  000000 
124150 99999  19871205    30.7  7    26.8  7  1019.3  7  9999.9  0    4.5  7    3.9  7   13.6  999.9    35.6*   23.9*  0.00C 999.9  000000 
124150 99999  19871206    26.3  7    25.1  7  1011.1  7  9999.9  0    0.5  7    1.4  7    3.9  999.9    30.9*   22.8   0.00C 999.9  100000 
124150 99999  19871207    31.1  5    29.1  4  1011.8  4  9999.9  0    1.5  5   10.9  5   13.6  999.9    32.4*   30.0*  0.00B 999.9  011000 
124150 99999  19871208    20.9  8    16.4  8  1025.0  8  9999.9  0    3.7  8   10.0  8   13.6  999.9    24.8    15.4*  0.00D   0.4  000000 
124150 99999  19871209    21.8  6    17.3  6  1024.4  6  9999.9  0    3.2  6    8.4  6   11.7  999.9    25.3*   18.0*  0.00B 999.9  000000 
124150 99999  19871210    31.1  6    21.8  5  1013.7  6  9999.9  0    7.9  6   15.2  6   19.4  999.9    36.1    18.0   0.00C   0.4  000000 
124150 99999  19881101    40.6  8    34.1  8  1018.9  8  9999.9  0    7.8  8   13.4  8   19.4  999.9    46.2*   31.6   0.00E 999.9  010000 
124150 99999  19881102    42.1  8    35.8  8  1015.1  8  9999.9  0    5.3  8   11.7  8   17.5  999.9    46.6    34.9*  0.12F 999.9  010000 
124150 99999  19881103    32.9  8    28.0  8  1030.5  8  9999.9  0    7.1  8    6.3  8    7.8  999.9    35.1*   28.8*  0.02F 999.9  011000 
124150 99999  19881104    31.4  8    28.3  8  1038.2  8  9999.9  0    5.0  8    3.3  7    3.9  999.9    36.7    27.0   0.00D 999.9  000000 
124150 99999  19881105    27.6  8    24.0  8  1030.3  8  9999.9  0    1.8  8    5.3  8    9.7  999.9    35.8    21.9   0.00D 999.9  000000 
124150 99999  19881106    29.2  7    23.0  7  1023.7  7  9999.9  0    2.9  7    5.8  7    9.7  999.9    39.7    19.2   0.00D 999.9  100000 
124150 99999  19881107    39.0  8    34.8  7  1022.3  8  9999.9  0    3.0  8    9.7  8   13.6  999.9    41.2    33.3   0.01E 999.9  010000 
124150 99999  19881108    34.7  6    31.8  6  1028.5  6  9999.9  0    3.3  6    4.5  6    5.8  999.9    38.3*   26.8*  0.00C 999.9  000000 
124150 99999  19881109    29.7  8    24.4  8  1030.0  8  9999.9  0    3.1  8    8.5  8   11.7  999.9    37.6    22.5   0.00D 999.9  000000 
124150 99999  19881110    33.4  8    25.1  8  1027.8  8  9999.9  0    3.9  8   10.0  8   13.6  999.9    42.3    26.2   0.00D 999.9  000000 
124150 99999  19881111    32.0  8    25.8  8  1028.2  8  9999.9  0    2.0  8    1.7  8    7.8  999.9    47.1    22.5   0.00D 999.9  100000 
124150 99999  19881112    39.7  8    35.2  8  1026.2  8  9999.9  0    2.3  8    1.9  8    5.8  999.9    47.7    29.7   0.00E 999.9  010000 
124150 99999  19881113    42.7  8    39.8  8  1017.1  8  9999.9  0    3.8  8    7.8  8   15.5  999.9    49.8    39.0   0.20E 999.9  010000 
124150 99999  19881114    41.3  7    38.9  6  1018.1  6  9999.9  0    6.0  7   12.2  7   15.5  999.9    44.2    37.0*  0.20F 999.9  010000 
124150 99999  19881115    34.7  8    32.7  8  1025.1  8  9999.9  0    4.7  8   10.3  7   15.5  999.9    36.9    30.2*  0.00D 999.9  000000 
124150 99999  19881116    38.6  6    38.1  6  1029.1  6  9999.9  0    1.0  6    2.3  6    3.9  999.9    41.4*   34.7*  0.00E 999.9  010000 
124150 99999  19881117    42.0  8    39.0  8  1025.1  8  9999.9  0    3.1  8    6.8  8   11.7  999.9    49.1    34.7*  0.00E 999.9  000000 
124150 99999  19881118    40.2  8    38.2  8  1012.5  8  9999.9  0    3.7  8    7.3  8   13.6  999.9    49.8    29.8   0.00E 999.9  010000 
124150 99999  19881119    36.8  6    32.8  6  1013.6  6  9999.9  0    7.0  6   10.4  6   17.5  999.9    46.0*   30.6*  0.30F 999.9  010000 
124150 99999  19881120    30.6  8    29.2  8  1010.8  8  9999.9  0    2.5  8    5.3  8    7.8  999.9    34.7    28.6*  0.16F   1.2  001000 
124150 99999  19881121    26.2  6    23.4  5  1012.0  6  9999.9  0    2.9  6    8.1  6    9.7  999.9    28.2*   22.6*  0.08E   2.8  001000 
124150 99999  19881122    19.9  8    16.2  8  1023.5  8  9999.9  0    4.5  8    7.5  8    9.7  999.9    25.9     7.7*  0.00F   2.8  001000 
124150 99999  19881123    17.9  7    12.8  7  1025.2  7  9999.9  0    4.7  7    3.1  7    7.8  999.9    32.7*    3.4   0.00D   2.8  000000 
124150 99999  19881124    36.6  8    33.9  8  1021.2  8  9999.9  0    3.5  8   12.4  8   15.5  999.9    39.2*   31.8   0.01F   1.6  010000 
124150 99999  19881125    42.6  8    41.1  8  1015.3  8  9999.9  0    2.3  8   14.1  8   17.5  999.9    44.2    36.7   0.08F 999.9  010000 
124150 99999  19881126    43.4  8    41.0  8  1016.8  8  9999.9  0    4.2  8   12.1  8   13.6  999.9    45.1    41.7   0.02F 999.9  010000 
124150 99999  19881127    39.7  7    35.5  7  1020.8  7  9999.9  0    8.0  7   11.7  7   15.5  999.9    43.7    35.2*  0.02E 999.9  010000 
124150 99999  19881128    36.9  8    32.3  8  1018.8  8  9999.9  0    8.5  8   10.2  8   21.4  999.9    41.2    30.7   0.00E 999.9  010000 
124150 99999  19881129    40.7  8    33.9  8   999.6  8  9999.9  0   10.1  8   25.5  8   29.1  999.9    47.5    34.0*  0.04F 999.9  010000 
124150 99999  19881130    28.8  8    19.9  8  1012.2  8  9999.9  0   10.1  8   10.0  8   19.4  999.9    32.0*   26.4   0.00D 999.9  000000 
124150 99999  19881201    25.3  8    22.2  8  1011.1  8  9999.9  0    3.1  8   13.8  8   15.5  999.9    26.2*   24.1   0.06F   0.8  001000 
124150 99999  19881202    26.8  8    21.2  7  1009.7  8  9999.9  0    6.5  8   11.9  8   13.6  999.9    28.0*   25.2   0.00F   1.2  010000 
124150 99999  19881203    26.9  7    23.9  7  1011.6  6  9999.9  0    2.2  7    8.9  7   11.7  999.9    29.1*   25.3   0.03F   1.2  011000 
124150 99999  19881204    36.0  8    31.8  8  1003.9  8  9999.9  0    4.4  8    8.3  8   17.5  999.9    40.5    27.3   0.01E   1.2  011000 
124150 99999  19881205    41.0  7    34.4  7   995.2  6  9999.9  0    8.9  7   16.9  7   23.3  999.9    43.7    37.0   0.16F 999.9  010000 
124150 99999  19881206    37.5  8    33.7  8   999.0  8  9999.9  0    7.0  8   15.3  7   19.4  999.9    39.6    34.5   0.12F 999.9  010000 
124150 99999  19881207    34.8  7    32.6  7  1011.9  7  9999.9  0    3.8  7   11.1  7   15.5  999.9    37.8*   32.2*  0.04E 999.9  011000 
124150 99999  19881208    32.8  8    30.1  8  1025.3  8  9999.9  0    5.0  8    8.5  8   13.6  999.9    36.3*   30.7   0.02F   0.4  011000 
124150 99999  19881209    38.5  7    35.0  7  1020.3  7  9999.9  0    5.9  7   13.3  7   15.5  999.9    40.6    32.5   0.16F 999.9  010000 
124150 99999  19881210    40.0  8    36.3  8  1019.2  8  9999.9  0    5.9  8   11.2  8   15.5  999.9    45.3*   36.1   0.02F 999.9  010000 








































































































































































































































































































































































































































































































































































































































































































































































































































































