0,623636363636364 0,438947368421053 -0,288 0,442857142857143 0,657142857142857 -1 -1 1 -1 -1 -1 
0,665454545454546 0,437894736842106 -0,248 0,532539682539683 0,746825396825397 -1 -1 -1 -1 -1 -1 
0,717272727272727 0,492631578947368 -0,816 0,534126984126984 0,748412698412698 -1 -1 -1 -1 -1 -1 
0,733636363636364 0,518947368421052 -0,768 0,534126984126984 0,748412698412698 -1 -1 -1 -1 -1 -1 
0,746363636363636 0,527368421052632 -0,248 0,56031746031746 0,774603174603175 -1 -1 -1 -1 -1 -1 
0,716363636363636 0,536842105263158 -0,416 0,568253968253968 0,782539682539683 -0,936 -1 1 -1 -1 -1 
0,699090909090909 0,589473684210526 -0,48 0,53968253968254 0,753968253968254 -1 -1 1 -1 -1 -1 
0,700909090909091 0,602105263157895 -0,872 0,473015873015873 0,687301587301587 -1 -1 -1 -1 -1 -1 
0,770909090909091 0,539999999999999 -0,64 0,598412698412699 0,812698412698413 -1 -1 1 -1 -1 -1 
0,705454545454545 0,560000000000001 -0,568 0,558730158730159 0,773015873015873 -0,936 -1 -1 -1 -1 -1 
0,625454545454545 0,675789473684211 -0,0640000000000001 0,484126984126984 0,698412698412698 -1 -1 -1 -1 -1 -1 
0,651818181818182 0,574736842105263 -0,2 0,603174603174603 0,817460317460317 -1 -1 -1 -1 -1 -1 
0,707272727272727 0,539999999999999 -0,552 0,541269841269841 0,755555555555556 -1 -1 -1 -1 -1 -1 
0,716363636363636 0,510526315789474 -0,72 0,541269841269841 0,755555555555556 -1 -1 -1 -1 -1 -1 
0,733636363636364 0,463157894736842 -0,472 0,56031746031746 0,774603174603175 -1 -1 1 -1 -1 -1 
0,624545454545455 0,502105263157895 -0,576 0,46031746031746 0,674603174603175 -1 -1 -1 -1 -1 -1 
0,664545454545454 0,476842105263157 -0,272 0,535714285714286 0,75 -1 -1 -1 -1 -1 -1 
0,680909090909091 0,445263157894736 -0,288 0,607142857142857 0,821428571428571 -1 -1 -1 -1 -1 -1 
0,722727272727273 0,433684210526316 -0,536 0,548412698412698 0,762698412698413 -0,984 -1 1 -1 -1 -1 
0,689090909090909 0,48 -0,504 0,51984126984127 0,734126984126984 -1 -1 1 -1 -1 -1 
0,653636363636364 0,725263157894738 -0,672 0,462698412698413 0,676984126984127 -1 -1 -1 -1 -1 -1 
0,701818181818182 0,648421052631578 -0,648 0,53015873015873 0,744444444444444 -1 -1 -1 -1 -1 -1 
0,701818181818182 0,603157894736842 -0,592 0,538888888888889 0,753174603174603 -1 -1 -1 -1 -1 -1 
0,687272727272727 0,575789473684211 -0,728 0,51031746031746 0,724603174603175 -1 -1 -1 -1 -1 -1 
0,682727272727273 0,545263157894736 -0,648 0,496031746031746 0,71031746031746 -1 -1 -1 -1 -1 -1 
0,739090909090909 0,558947368421053 -0,688 0,567460317460317 0,781746031746032 -1 -1 -1 -1 -1 -1 
0,729090909090909 0,510526315789474 -0,36 0,584126984126984 0,798412698412698 -0,92 -1 1 -1 -1 -1 
0,694545454545455 0,511578947368421 -0,552 0,496031746031746 0,71031746031746 -1 -1 -1 -1 -1 -1 
0,692727272727273 0,492631578947368 -0,104 0,56984126984127 0,784126984126984 -0,984 -1 1 -1 -1 -1 
0,667272727272727 0,609473684210526 -0,608 0,53968253968254 0,753968253968254 -1 -1 -1 -1 -1 -1 
0,645454545454546 0,465263157894737 -0,288 0,512698412698413 0,726984126984127 -0,992 -1 -1 -1 -1 -1 
0,664545454545454 0,568421052631579 -0,552 0,501587301587302 0,715873015873016 -1 -1 1 -1 -1 -1 
0,710909090909091 0,545263157894736 -0,264 0,501587301587302 0,715873015873016 -1 -1 -1 -1 -1 -1 
0,721818181818182 0,568421052631579 -0,44 0,601587301587302 0,815873015873016 -1 -1 -1 -1 -1 -1 
0,712727272727273 0,514736842105263 -0,24 0,524603174603175 0,738888888888889 -1 -1 -1 -1 -1 -1 
0,540909090909091 0,591578947368422 -0,632 0,417460317460317 0,631746031746032 -1 -1 -1 -1 -1 -1 
0,581818181818182 0,542105263157895 -0,808 0,41031746031746 0,624603174603175 -1 -1 -1 -1 -1 -1 
0,612727272727273 0,563157894736842 -0,808 0,426984126984127 0,641269841269841 -1 -1 -1 -1 -1 -1 
0,63 0,590526315789474 -0,768 0,45 0,664285714285714 -1 -1 -1 -1 -1 -1 
0,658181818181818 0,561052631578947 -0,744 0,505555555555556 0,71984126984127 -1 -1 -1 -1 -1 -1 
0,708181818181818 0,604210526315789 -0,592 0,565873015873016 0,78015873015873 -1 -1 -1 -1 -1 -1 
0,670909090909091 0,58421052631579 -0,4 0,535714285714286 0,75 -1 -1 -1 -1 -1 -1 
0,694545454545455 0,567368421052631 -0,632 0,565873015873016 0,78015873015873 -1 -1 1 -1 -1 -1 
0,727272727272727 0,456842105263158 -0,648 0,56031746031746 0,774603174603175 -1 -1 1 -1 -1 -1 
0,69 0,442105263157895 -0,608 0,53015873015873 0,744444444444444 -0,992 1 1 -1 -1 -1 
0,614545454545455 0,533684210526316 -0,664 0,476984126984127 0,691269841269841 -1 -1 -1 -1 -1 -1 
0,630909090909091 0,554736842105264 -0,648 0,438888888888889 0,653174603174603 -1 -1 1 -1 -1 -1 
0,686363636363636 0,595789473684211 -0,608 0,53968253968254 0,753968253968254 -1 -1 -1 -1 -1 -1 
0,693636363636364 0,582105263157894 -0,632 0,507142857142857 0,721428571428571 -1 1 -1 -1 -1 -1 
0,68 0,532631578947369 -0,432 0,51031746031746 0,724603174603175 -1 -1 -1 -1 -1 -1 
0,693636363636364 0,582105263157894 -0,632 0,507142857142857 0,721428571428571 -1 1 -1 -1 -1 -1 
0,68 0,532631578947369 -0,432 0,51031746031746 0,724603174603175 -1 -1 -1 -1 -1 -1 
0,682727272727273 0,48 -0,248 0,534126984126984 0,748412698412698 -1 -1 -1 -1 -1 -1 
0,684545454545455 0,432631578947369 -0,0640000000000001 0,557936507936508 0,772222222222222 -1 -1 -1 -1 -1 -1 
0,686363636363636 0,4 -0,04 0,584126984126984 0,798412698412698 -1 -1 -1 -1 -1 -1 
0,711818181818182 0,471578947368421 -0,536 0,548412698412698 0,762698412698413 -1 -1 -1 -1 -1 -1 
0,714545454545454 0,424210526315789 -0,512 0,538888888888889 0,753174603174603 -1 -1 -1 -1 -1 1 
0,732727272727273 0,44 -0,472 0,518253968253968 0,732539682539682 -0,92 -1 1 -1 -1 1 
0,675454545454545 0,418947368421052 -0,136 0,538888888888889 0,753174603174603 -1 -1 1 -1 -1 -1 
0,642727272727273 0,426315789473684 0,0880000000000001 0,532539682539683 0,746825396825397 -1 -1 -1 -1 -1 -1 
0,673636363636364 0,528421052631579 -0,72 0,512698412698413 0,726984126984127 -0,988 -1 -1 -1 -1 -1 
0,709090909090909 0,529473684210526 -0,76 0,541269841269841 0,755555555555556 -0,936 -1 1 -1 -1 1 
0,707272727272727 0,545263157894736 -0,744 0,514285714285714 0,728571428571429 -0,992 -1 1 -1 -1 -1 
0,730909090909091 0,545263157894736 -0,776 0,56984126984127 0,784126984126984 -0,976 -1 1 -1 -1 -1 
0,740909090909091 0,538947368421053 -0,712 0,562698412698413 0,776984126984127 -0,956 -1 1 -1 -1 -1 
0,722727272727273 0,610526315789474 -0,464 0,538888888888889 0,753174603174603 -0,872 -1 1 -1 -1 1 
0,697272727272727 0,615789473684211 -0,648 0,528571428571429 0,742857142857143 -1 1 -1 -1 -1 -1 
0,696363636363636 0,591578947368422 -0,736 0,5 0,714285714285714 -1 -1 -1 -1 -1 -1 
0,663636363636364 0,562105263157895 -0,536 0,564285714285714 0,778571428571429 -1 -1 -1 -1 -1 -1 
0,628181818181818 0,58421052631579 -0,56 0,485714285714286 0,7 -1 -1 -1 -1 -1 -1 
0,72 0,332631578947369 -0,368 0,596031746031746 0,81031746031746 -1 -1 1 -1 -1 -1 
0,699090909090909 0,266315789473684 -0,16 0,607142857142857 0,821428571428571 -1 -1 -1 -1 -1 -1 
0,734545454545455 0,281052631578948 -0,408 0,573015873015873 0,787301587301587 -0,936 -1 1 -1 -1 1 
0,671818181818182 0,323157894736843 -0,168 0,532539682539683 0,746825396825397 -1 -1 1 -1 -1 -1 
0,650909090909091 0,390526315789474 -0,568 0,5 0,714285714285714 -1 -1 -1 -1 -1 -1 
0,494545454545455 0,716842105263157 -0,672 0,376984126984127 0,591269841269841 -1 -1 -1 -1 -1 -1 
0,517272727272727 0,693684210526317 -0,584 0,384126984126984 0,598412698412699 -1 -1 -1 -1 -1 -1 
0,54 0,669473684210525 -0,592 0,412698412698413 0,626984126984127 -1 -1 -1 -1 -1 -1 
0,517272727272727 0,64421052631579 -0,496 0,415873015873016 0,63015873015873 -1 -1 -1 -1 -1 -1 
0,58 0,603157894736842 -0,232 0,535714285714286 0,75 -1 -1 1 -1 -1 -1 
0,657272727272727 0,478947368421053 -0,696 0,508730158730159 0,723015873015873 -0,764 -1 1 -1 -1 -1 
0,586363636363636 0,604210526315789 -0,352 0,458730158730159 0,673015873015873 -0,968 -1 1 -1 -1 -1 
0,615454545454545 0,656842105263159 -0,512 0,465873015873016 0,68015873015873 -1 -1 -1 -1 -1 -1 
0,640909090909091 0,593684210526316 -0,728 0,457142857142857 0,671428571428571 -1 -1 -1 -1 -1 -1 
0,667272727272727 0,497894736842105 -0,656 0,515873015873016 0,73015873015873 -1 -1 -1 -1 -1 -1 
0,601818181818182 0,522105263157895 -0,672 0,518253968253968 0,732539682539682 -1 -1 -1 -1 -1 -1 
0,67 0,532631578947369 -0,448 0,492857142857143 0,707142857142857 -1 -1 1 -1 -1 -1 
0,639090909090909 0,587368421052631 -0,216 0,487301587301587 0,701587301587302 -0,968 -1 1 -1 -1 -1 
0,646363636363636 0,614736842105263 -0,736 0,438888888888889 0,653174603174603 -1 -1 -1 -1 -1 -1 
0,670909090909091 0,562105263157895 -0,72 0,558730158730159 0,773015873015873 -1 -1 -1 -1 -1 -1 
0,628181818181818 0,52 -0,0640000000000001 0,514285714285714 0,728571428571429 -1 -1 1 -1 -1 -1 
0,666363636363636 0,538947368421053 -0,104 0,553968253968254 0,768253968253968 -1 -1 1 -1 -1 -1 
0,658181818181818 0,608421052631578 -0,304 0,528571428571429 0,742857142857143 -1 -1 -1 -1 -1 -1 
0,674545454545455 0,636842105263158 -0,744 0,496031746031746 0,71031746031746 -1 -1 -1 -1 -1 -1 
0,639090909090909 0,64421052631579 -0,536 0,48015873015873 0,694444444444444 -1 -1 -1 -1 -1 -1 
0,683636363636364 0,570526315789474 -0,632 0,507142857142857 0,721428571428571 -1 -1 -1 -1 -1 -1 
0,601818181818182 0,589473684210526 -0,456 0,503968253968254 0,718253968253968 -0,992 -1 1 -1 -1 -1 
0,566363636363636 0,558947368421053 -0,56 0,426984126984127 0,641269841269841 -1 -1 -1 -1 -1 -1 
0,500909090909091 0,58421052631579 -0,472 0,421428571428571 0,635714285714286 -1 -1 -1 -1 -1 -1 
0,568181818181818 0,560000000000001 -0,688 0,41031746031746 0,624603174603175 -1 -1 -1 -1 -1 -1 
0,568181818181818 0,560000000000001 -0,688 0,41031746031746 0,624603174603175 -1 -1 -1 -1 -1 -1 
0,596363636363636 0,528421052631579 -0,648 0,441269841269841 0,655555555555556 -1 -1 -1 -1 -1 -1 
0,594545454545455 0,504210526315789 -0,552 0,453174603174603 0,667460317460317 -1 -1 -1 -1 -1 -1 
0,619090909090909 0,492631578947368 -0,536 0,46984126984127 0,684126984126984 -1 -1 -1 -1 -1 -1 
0,687272727272727 0,511578947368421 -0,632 0,576984126984127 0,791269841269841 -0,992 -1 1 -1 -1 -1 
0,611818181818182 0,372631578947368 -0,32 0,453174603174603 0,667460317460317 -0,796 -1 1 -1 -1 -1 
0,572727272727273 0,426315789473684 -0,128 0,446825396825397 0,661111111111111 -0,996 -1 1 -1 -1 -1 
0,623636363636364 0,377894736842105 -0,552 0,418253968253968 0,632539682539683 -1 -1 -1 -1 -1 -1 
0,649090909090909 0,353684210526316 -0,456 0,507142857142857 0,721428571428571 -0,92 1 1 -1 -1 -1 
0,682727272727273 0,371578947368421 -0,576 0,501587301587302 0,715873015873016 -0,876 -1 1 -1 -1 -1 
0,642727272727273 0,404210526315789 -0,576 0,492857142857143 0,707142857142857 -0,844 -1 1 -1 -1 -1 
0,627272727272727 0,470526315789474 -0,768 0,503174603174603 0,717460317460317 -1 -1 -1 -1 -1 -1 
0,649090909090909 0,469473684210527 -0,28 0,43015873015873 0,644444444444444 -0,996 1 1 -1 -1 -1 
0,650909090909091 0,45578947368421 -0,4 0,534126984126984 0,748412698412698 -1 -1 1 -1 -1 -1 
0,618181818181818 0,553684210526316 -0,632 0,458730158730159 0,673015873015873 -0,992 -1 -1 -1 -1 -1 
0,680909090909091 0,574736842105263 -0,648 0,508730158730159 0,723015873015873 -1 -1 -1 -1 -1 -1 
0,696363636363636 0,502105263157895 -0,688 0,501587301587302 0,715873015873016 -1 -1 -1 -1 -1 -1 
0,675454545454545 0,506315789473685 -0,648 0,491269841269841 0,705555555555556 -1 -1 -1 -1 -1 1 
0,686363636363636 0,547368421052632 -0,536 0,584126984126984 0,798412698412698 -1 -1 -1 -1 -1 -1 
0,696363636363636 0,531578947368421 -0,552 0,531746031746032 0,746031746031746 -1 -1 -1 -1 -1 -1 
0,718181818181818 0,487368421052631 -0,784 0,555555555555556 0,76984126984127 -0,996 -1 1 -1 -1 -1 
0,696363636363636 0,561052631578947 -0,224 0,542857142857143 0,757142857142857 -1 -1 1 -1 -1 -1 
0,649090909090909 0,560000000000001 -0,248 0,514285714285714 0,728571428571429 -1 -1 1 -1 -1 -1 
0,636363636363636 0,560000000000001 -0,328 0,526984126984127 0,741269841269841 -1 -1 -1 -1 -1 -1 
0,551818181818182 0,570526315789474 -0,224 0,455555555555556 0,66984126984127 -1 -1 -1 -1 -1 -1 
0,574545454545455 0,511578947368421 -0,176 0,455555555555556 0,66984126984127 -1 -1 1 -1 -1 -1 
0,490909090909091 0,65578947368421 -0,304 0,415873015873016 0,63015873015873 -1 -1 -1 1 -1 -1 
0,502727272727273 0,623157894736843 -0,632 0,355555555555556 0,56984126984127 -1 -1 -1 -1 -1 -1 
0,51 0,562105263157895 -0,376 0,424603174603175 0,638888888888889 -1 -1 -1 -1 -1 -1 
0,567272727272727 0,505263157894737 -0,2 0,424603174603175 0,638888888888889 -1 -1 -1 -1 -1 -1 
0,502727272727273 0,543157894736842 -0,608 0,387301587301587 0,601587301587302 -1 -1 -1 -1 -1 -1 
0,533636363636364 0,578947368421053 -0,712 0,412698412698413 0,626984126984127 -1 -1 -1 -1 -1 -1 
0,525454545454545 0,621052631578947 -0,352 0,403174603174603 0,617460317460317 -1 -1 -1 -1 -1 -1 
0,573636363636364 0,590526315789474 -0,096 0,464285714285714 0,678571428571429 -1 -1 -1 -1 -1 -1 
0,620909090909091 0,534736842105263 -0,408 0,481746031746032 0,696031746031746 -1 -1 -1 -1 -1 -1 
0,574545454545455 0,413684210526315 -0,512 0,392857142857143 0,607142857142857 -0,968 -1 1 -1 -1 -1 
0,621818181818182 0,523157894736843 -0,56 0,48968253968254 0,703968253968254 -1 -1 -1 -1 -1 -1 
0,584545454545454 0,534736842105263 -0,632 0,458730158730159 0,673015873015873 -1 -1 -1 -1 -1 -1 
0,597272727272727 0,503157894736842 -0,552 0,468253968253968 0,682539682539683 -1 -1 -1 -1 -1 -1 
0,641818181818182 0,450526315789473 -0,304 0,501587301587302 0,715873015873016 -0,984 -1 1 -1 -1 -1 
0,695454545454545 0,427368421052632 -0,576 0,534126984126984 0,748412698412698 -0,78 -1 1 -1 -1 1 
0,688181818181818 0,486315789473685 -0,784 0,531746031746032 0,746031746031746 -0,876 -1 1 -1 -1 1 
0,693636363636364 0,527368421052632 -0,496 0,537301587301587 0,751587301587302 -0,952 -1 1 -1 -1 -1 
0,643636363636364 0,515789473684211 -0,224 0,494444444444444 0,708730158730159 -0,996 -1 1 -1 -1 -1 
0,578181818181818 0,58421052631579 0,44 0,484126984126984 0,698412698412698 -0,984 -1 1 -1 -1 -1 
0,615454545454545 0,548421052631579 -0,472 0,424603174603175 0,638888888888889 -0,992 -1 1 -1 -1 -1 
0,696363636363636 0,456842105263158 -0,304 0,525396825396825 0,73968253968254 -0,992 -1 1 -1 -1 -1 
0,706363636363636 0,438947368421053 -0,376 0,56031746031746 0,774603174603175 -1 -1 -1 -1 -1 -1 
0,680909090909091 0,438947368421053 -0,576 0,524603174603175 0,738888888888889 -1 -1 -1 -1 -1 -1 
0,656363636363636 0,402105263157895 -0,592 0,488888888888889 0,703174603174603 -1 -1 -1 -1 -1 -1 
0,706363636363636 0,438947368421053 -0,376 0,56031746031746 0,774603174603175 -1 -1 -1 -1 -1 -1 
0,680909090909091 0,438947368421053 -0,576 0,524603174603175 0,738888888888889 -1 -1 -1 -1 -1 -1 
0,656363636363636 0,402105263157895 -0,592 0,488888888888889 0,703174603174603 -1 -1 -1 -1 -1 -1 
0,678181818181818 0,522105263157895 -0,456 0,526984126984127 0,741269841269841 -1 -1 -1 -1 -1 -1 
0,66 0,553684210526316 -0,456 0,511111111111111 0,725396825396825 -0,996 -1 1 -1 -1 -1 
0,584545454545454 0,417894736842106 -0,28 0,431746031746032 0,646031746031746 -0,844 -1 1 1 -1 -1 
0,570909090909091 0,485263157894737 -0,552 0,425396825396825 0,63968253968254 -0,968 -1 1 1 -1 -1 
0,539090909090909 0,561052631578947 -0,44 0,407142857142857 0,621428571428571 -0,984 -1 -1 1 -1 -1 
0,520909090909091 0,556842105263158 -0,608 0,375396825396825 0,58968253968254 -1 -1 -1 -1 -1 -1 
0,582727272727273 0,553684210526316 -0,6 0,414285714285714 0,628571428571429 -1 -1 -1 -1 -1 -1 
0,576363636363636 0,453684210526316 -0,712 0,415873015873016 0,63015873015873 -1 -1 -1 -1 -1 -1 
0,557272727272727 0,508421052631578 -0,672 0,424603174603175 0,638888888888889 -1 -1 -1 -1 -1 -1 
0,588181818181818 0,602105263157895 -0,608 0,465873015873016 0,68015873015873 -1 -1 -1 -1 -1 -1 
0,555454545454545 0,62 -0,776 0,418253968253968 0,632539682539683 -1 -1 -1 -1 -1 -1 
0,584545454545454 0,552631578947368 -0,608 0,45 0,664285714285714 -1 -1 -1 -1 -1 -1 
0,620909090909091 0,506315789473685 0,44 0,531746031746032 0,746031746031746 -0,992 -1 1 -1 -1 -1 
0,535454545454545 0,570526315789474 0,28 0,484126984126984 0,698412698412698 -1 -1 1 -1 -1 -1 
0,510909090909091 0,608421052631578 -0,304 0,425396825396825 0,63968253968254 -1 -1 -1 -1 -1 -1 
0,568181818181818 0,484210526315789 -0,512 0,45 0,664285714285714 -1 -1 -1 -1 -1 -1 
0,617272727272727 0,448421052631579 -0,536 0,471428571428571 0,685714285714286 -0,996 -1 1 -1 -1 -1 
0,574545454545455 0,547368421052632 -0,376 0,415873015873016 0,63015873015873 -1 -1 1 -1 -1 -1 
0,613636363636364 0,526315789473684 -0,648 0,481746031746032 0,696031746031746 -1 -1 1 -1 -1 -1 
0,602727272727273 0,489473684210526 -0,608 0,426984126984127 0,641269841269841 -1 1 -1 -1 -1 -1 
0,617272727272727 0,505263157894737 -0,648 0,471428571428571 0,685714285714286 -1 -1 -1 -1 -1 -1 
0,62 0,426315789473684 -0,472 0,481746031746032 0,696031746031746 -1 -1 1 -1 -1 -1 
0,635454545454545 0,412631578947369 -0,4 0,488888888888889 0,703174603174603 -0,996 -1 1 -1 -1 -1 
0,638181818181818 0,503157894736842 -0,176 0,503174603174603 0,717460317460317 -1 -1 1 -1 1 -1 
0,550909090909091 0,593684210526316 -0,312 0,446825396825397 0,661111111111111 -1 -1 1 1 -1 -1 
0,503636363636364 0,558947368421053 -0,672 0,38968253968254 0,603968253968254 -1 -1 -1 -1 -1 -1 
0,507272727272727 0,495789473684211 -0,44 0,381746031746032 0,596031746031746 -1 -1 -1 -1 -1 -1 
0,599090909090909 0,498947368421052 -0,552 0,481746031746032 0,696031746031746 -1 -1 -1 -1 -1 -1 
0,58 0,525263157894737 -0,464 0,435714285714286 0,65 -1 -1 -1 -1 -1 -1 
0,557272727272727 0,575789473684211 -0,648 0,446031746031746 0,66031746031746 -1 -1 -1 -1 -1 -1 
0,562727272727273 0,554736842105264 -0,608 0,396825396825397 0,611111111111111 -1 -1 -1 -1 -1 -1 
0,68 0,492631578947368 0,00800000000000001 0,532539682539683 0,746825396825397 -0,952 -1 1 -1 -1 -1 
0,603636363636364 0,392631578947368 -0,248 0,521428571428571 0,735714285714286 -1 -1 -1 -1 -1 -1 
0,582727272727273 0,514736842105263 -0,144 0,462698412698413 0,676984126984127 -1 -1 1 -1 -1 -1 
0,585454545454546 0,476842105263157 -0,168 0,435714285714286 0,65 -0,996 -1 1 -1 -1 -1 
0,547272727272727 0,482105263157894 0,032 0,496031746031746 0,71031746031746 -1 -1 -1 -1 -1 -1 
0,537272727272727 0,472631578947368 -0,576 0,408730158730159 0,623015873015873 -1 -1 -1 -1 -1 -1 
0,656363636363636 0,48 0,344 0,553174603174603 0,767460317460318 -1 -1 -1 -1 -1 -1 
0,629090909090909 0,496842105263158 0,0880000000000001 0,503968253968254 0,718253968253968 -0,984 -1 1 -1 -1 -1 
0,55 0,617894736842106 -0,44 0,411111111111111 0,625396825396825 -1 -1 -1 -1 -1 -1 
0,642727272727273 0,54421052631579 -0,184 0,434126984126984 0,648412698412698 -0,968 -1 1 -1 -1 -1 
0,655454545454545 0,478947368421053 0,4 0,524603174603175 0,738888888888889 -0,984 -1 1 -1 -1 -1 
0,619090909090909 0,594736842105263 -0,608 0,474603174603175 0,688888888888889 -1 1 -1 -1 -1 -1 
0,609090909090909 0,591578947368422 -0,592 0,437301587301587 0,651587301587301 -1 -1 -1 -1 -1 -1 
0,622727272727273 0,610526315789474 -0,672 0,451587301587302 0,665873015873016 -1 -1 -1 -1 -1 -1 
0,603636363636364 0,62 -0,824 0,457142857142857 0,671428571428571 -1 -1 -1 -1 -1 -1 
0,611818181818182 0,576842105263157 -0,728 0,462698412698413 0,676984126984127 -1 -1 -1 -1 -1 -1 
