124150 99999  19860616    69.2  5    59.0  5  1019.8  4  9999.9  0    8.7  5    3.9  5    7.8  999.9    79.5    55.6*  0.00A 999.9  000000 
124150 99999  19860617    68.7  7    60.3  7  1016.4  7  9999.9  0    6.2  7    3.6  7    7.8  999.9    81.5    56.1   0.00C 999.9  000000 
124150 99999  19860618    73.8  4    64.3  4  9999.9  0  9999.9  0  999.9  0    2.9  4    3.9  999.9    83.1*   61.5*  0.00I 999.9  000000 
124150 99999  19860619    70.5  6    63.9  6  1018.4  6  9999.9  0    3.5  6    8.1  6   25.3  999.9    76.1*   64.9*  0.00B 999.9  000000 
124150 99999  19860620    76.1  6    59.1  6  1016.0  6  9999.9  0    5.0  6    6.1  6   11.0  999.9    71.8*   62.2*  0.00B 999.9  000000 
124150 99999  19860621    63.6  7    55.6  7  1015.5  6  9999.9  0    6.7  7    4.2  7    7.8  999.9    67.1    59.4*  0.00D 999.9  000000 
124150 99999  19860622    57.9  4    51.0  4  1016.4  4  9999.9  0   10.9  4    1.9  4    3.9  999.9    63.9*   53.8*  0.00A 999.9  000000 
124150 99999  19860623    57.8  7    46.2  7  1017.1  6  9999.9  0   14.5  6    1.9  7    5.8  999.9    67.5*   47.8   0.00C 999.9  000000 
124150 99999  19860624    57.6  7    45.8  7  1018.4  7  9999.9  0   17.8  7    1.4  7    3.9  999.9    70.5*   41.0   0.00C 999.9  000000 
124150 99999  19860625    57.7  5    46.9  5  1022.8  5  9999.9  0    9.9  5    3.5  5    9.7  999.9    68.9*   42.6   0.00A 999.9  000000 
124150 99999  19860626    66.3  6    50.7  6  1023.7  6  9999.9  0   12.4  6    7.1  6    9.7  999.9    74.1*   50.9   0.00B 999.9  000000 
124150 99999  19860627    68.2  7    56.1  7  1023.0  7  9999.9  0    9.8  7    6.7  7    7.8  999.9    79.7*   57.6   0.00C 999.9  000000 
124150 99999  19860628    71.0  7    52.8  7  1018.8  7  9999.9  0   14.2  7    5.6  7    9.7  999.9    81.1    55.0   0.00C 999.9  000000 
124150 99999  19860629    63.4  4    52.6  4  1016.5  4  9999.9  0   14.0  4    6.3  4    7.8  999.9    68.9*   57.2*  0.00I 999.9  000000 
124150 99999  19860630    63.9  5    55.0  5  1019.9  5  9999.9  0   11.2  5    4.7  5    7.8  999.9    72.0*   54.3*  0.00A 999.9  000000 
124150 99999  19860701    68.2  6    54.3  6  1021.7  6  9999.9  0   11.4  6    4.5  6    5.8  999.9    80.1*   53.1   0.00B 999.9  000000 
124150 99999  19860702    72.6  7    58.1  6  1020.5  7  9999.9  0   10.7  7    1.1  7    1.9  999.9    84.6    53.4   0.00H 999.9  010000 
124150 99999  19860703    72.0  5    56.0  5  1018.1  5  9999.9  0    7.0  5    4.7  5    7.8  999.9    86.4*   59.5*  0.00H 999.9  010010 
124150 99999  19860704    68.8  7    58.4  7  1017.9  7  9999.9  0    5.9  7    3.6  7   13.6  999.9    86.4    55.2   0.00H 999.9  010010 
124150 99999  19860705    73.9  8    61.9  8  1014.8  8  9999.9  0    4.7  8    2.2  7    3.9  999.9    83.1    62.2   0.00C 999.9  010000 
124150 99999  19860706    71.9  7    60.0  7  1004.8  7  9999.9  0    8.5  6    8.3  7   13.6  999.9    80.2    60.4*  0.00E 999.9  010010 
124150 99999  19860707    58.8  5    57.2  5  1009.1  5  9999.9  0    4.3  5    4.7  5    7.8  999.9    61.2*   55.8* 99.99  999.9  010000 
124150 99999  19860708    56.4  5    49.9  5  1014.7  5  9999.9  0    5.7  5    7.8  5    9.7  999.9    59.9*   53.1   0.00I 999.9  000000 
124150 99999  19860709    57.3  7    48.3  7  1015.5  7  9999.9  0    6.2  7    8.3  7   13.6  999.9    64.9*   50.5   0.00B 999.9  000000 
124150 99999  19860710    54.5  7    48.2  7  1015.4  7  9999.9  0    5.6  7    9.7  7   15.5  999.9    60.8*   52.2*  0.00H 999.9  010000 
124150 99999  19860711    55.9  7    47.7  7  1015.5  7  9999.9  0    7.1  7   11.7  7   15.5  999.9    61.0*   51.8   0.01E 999.9  010010 
124150 99999  19860712    56.9  6    44.3  6  1016.8  6  9999.9  0   10.4  6   10.4  6   13.6  999.9    62.6    48.2   0.00C 999.9  000000 
124150 99999  19860713    55.5  5    44.7  5  1017.4  5  9999.9  0   11.2  5    8.9  5   13.6  999.9    60.3*   52.0   0.00A 999.9  000000 
124150 99999  19860714    55.7  4    46.0  4  1020.2  4  9999.9  0    9.3  4    6.8  4    9.7  999.9    62.2*   51.1*  0.00A 999.9  000000 
124150 99999  19860715    60.8  6    48.4  6  1023.0  6  9999.9  0    7.9  6    4.5  6    9.7  999.9    73.4*   47.8   0.00B 999.9  000000 
124150 99999  19860716    66.9  7    54.2  7  1024.4  7  9999.9  0    7.2  6    1.7  7    3.9  999.9    78.1*   57.2   0.00C 999.9  000000 
124150 99999  19860717    73.6  4    55.0  4  1019.0  4  9999.9  0    8.2  4    1.0  4    1.9  999.9    82.0*   54.3*  0.00A 999.9  000000 
124150 99999  19860718    62.1  6    58.7  6  1017.9  6  9999.9  0    3.9  6    6.5  6   13.6  999.9    67.5*   57.2*  0.00H 999.9  010000 
124150 99999  19860719    56.8  7    54.1  7  1022.3  7  9999.9  0    5.2  7    5.0  7    7.8  999.9    59.2*   53.1* 99.99  999.9  010000 
124150 99999  19860720    54.4  8    51.2  8  1023.0  8  9999.9  0    6.0  8    2.4  8    3.9  999.9    58.8    50.2* 99.99  999.9  010000 
124150 99999  19860721    59.1  8    48.5  7  1018.7  7  9999.9  0    7.8  8    1.5  8    3.9  999.9    71.6    43.5   0.00D 999.9  000000 
124150 99999  19860722    62.8  6    53.6  6  1014.7  6  9999.9  0    6.2  6    2.9  6    5.8  999.9    75.6*   54.3   0.00B 999.9  000000 
124150 99999  19860723    71.9  6    54.4  6  1008.4  6  9999.9  0    5.6  6    9.4  6   13.6  999.9    82.2*   55.8   0.00B 999.9  000010 
124150 99999  19860724    60.1  8    51.6  8  1008.6  8  9999.9  0    9.0  8    7.0  8   11.7  999.9    67.5    52.9*  0.00I 999.9  000000 
124150 99999  19860725    59.6  8    48.3  8  1012.6  8  9999.9  0    8.1  8   11.9  8   15.5  999.9    67.8    51.6   0.12E 999.9  010000 
124150 99999  19860726    60.3  7    54.8  7  1013.5  7  9999.9  0    5.1  7    6.9  7   15.5  999.9    68.9    55.9*  0.16F 999.9  010010 
124150 99999  19860727    61.9  7    53.9  6  1019.9  7  9999.9  0    8.7  7    1.7  7    3.9  999.9    72.0*   52.3   0.00A 999.9  000000 
124150 99999  19860728    64.1  7    53.3  7  1023.2  7  9999.9  0    9.6  7    0.8  7    3.9  999.9    78.6*   48.7   0.00C 999.9  000000 
124150 99999  19860729    69.8  8    56.0  8  1017.6  8  9999.9  0    7.7  8   10.0  7   48.6  999.9    81.9*   53.2   0.00C 999.9  000000 
124150 99999  19860730    69.6  7    56.9  7  1015.0  7  9999.9  0    8.0  7    5.0  7    9.7  999.9    78.6    60.4*  0.00D 999.9  000010 
124150 99999  19860731    71.1  8    56.5  8  1013.2  8  9999.9  0    5.5  8    3.9  8    7.8  999.9    86.4    52.7   0.00D 999.9  000000 
124150 99999  19860801    66.7  8    61.2  8  1018.6  7  9999.9  0    6.9  8    4.4  8   11.7  999.9    72.0    62.1*  0.04C 999.9  010000 
124150 99999  19860802    68.1  7    59.3  7  1022.8  7  9999.9  0    4.1  7    3.6  7    7.8  999.9    79.7    53.8   0.00C 999.9  100000 
124150 99999  19860803    73.5  7    61.3  6  1020.5  7  9999.9  0    4.2  7    3.3  7    7.8  999.9    87.1    55.4*  0.00C 999.9  100000 
124150 99999  19860804    76.1  8    61.2  8  1013.7  8  9999.9  0    4.7  8    6.1  8    9.7  999.9    91.4    60.1   0.00D 999.9  000000 
124150 99999  19860805    67.0  7    62.0  7  1017.7  7  9999.9  0    4.6  7    7.5  7   11.7  999.9    70.7*   57.2*  0.00H 999.9  010000 
124150 99999  19860806    62.1  7    51.9  7  1025.3  7  9999.9  0    5.2  7    1.9  7    3.9  999.9    73.8*   49.3   0.00C 999.9  100000 
124150 99999  19860807    65.9  7    54.7  7  1016.9  7  9999.9  0    6.1  7    2.2  7    7.8  999.9    82.6    48.7   0.00C 999.9  000000 
124150 99999  19860808    68.3  6    56.5  6  1014.7  6  9999.9  0    6.6  6    5.2  6    9.7  999.9    79.7*   55.6*  0.00H 999.9  010000 
124150 99999  19860809    68.0  6    58.3  6  1018.3  6  9999.9  0    4.8  6    3.2  6    7.8  999.9    77.0*   58.6   0.00H 999.9  010000 
124150 99999  19860810    68.8  7    57.5  7  1019.4  7  9999.9  0    5.1  7    2.8  7    5.8  999.9    81.0*   57.0   0.00H 999.9  010000 
124150 99999  19860811    62.8  7    60.4  7  1018.0  6  9999.9  0    1.8  7    3.6  7    5.8  999.9    68.2    60.1*  0.08E 999.9  010010 
124150 99999  19860812    62.4  8    60.3  7  1013.8  8  9999.9  0    1.8  8    4.6  8    7.8  999.9    66.6*   55.6*  0.43E 999.9  110010 
124150 99999  19860813    63.5  7    58.9  6  1013.0  7  9999.9  0    3.6  7    4.7  7    9.7  999.9    70.7*   57.6* 99.99  999.9  010000 
124150 99999  19860814    62.9  5    56.6  5  1018.6  5  9999.9  0    5.1  5    1.9  5    3.9  999.9    71.6*   54.5* 99.99  999.9  010000 
124150 99999  19860815    65.4  7    56.2  7  1017.3  7  9999.9  0    4.0  7    3.3  7    5.8  999.9    77.0*   51.8   0.00C 999.9  000000 
124150 99999  19870616    52.3  5    48.0  5  1005.8  5  9999.9  0    7.0  5   13.2  5   15.5  999.9    56.3*   49.3*  0.04A 999.9  010000 
124150 99999  19870617    53.5  7    44.0  7  1014.3  7  9999.9  0    8.9  7   13.6  6   21.4  999.9    60.4*   49.5   0.00E 999.9  010010 
124150 99999  19870618    49.1  6    45.0  6  1010.6  6  9999.9  0   10.4  6    6.5  6   15.5  999.9    55.9*   44.2   0.04E 999.9  010000 
124150 99999  19870619    54.6  6    46.6  6  1009.1  6  9999.9  0   10.4  6    5.2  6   11.7  999.9    66.0    47.5*  0.00B 999.9  000000 
124150 99999  19870620    58.6  8    51.2  8  1008.1  8  9999.9  0    8.2  8    5.3  8    9.7  999.9    69.8    45.1   0.00D 999.9  000000 
124150 99999  19870621    60.4  6    54.3  6  1012.4  6  9999.9  0    6.7  6    5.2  6   11.7  999.9    68.5*   54.1*  0.00B 999.9  010000 
124150 99999  19870622    55.0  6    52.2  6  1020.7  6  9999.9  0    6.0  6    7.4  6    9.7  999.9    58.8*   29.1   1.85E 999.9  010000 
124150 99999  19870623    59.8  6    52.1  6  1019.0  6  9999.9  0    7.9  6    6.8  6    9.7  999.9    67.1    50.9   0.00E 999.9  010000 
124150 99999  19870624    58.4  6    51.6  6  1015.8  6  9999.9  0    5.3  6    6.2  6    9.7  999.9    64.2*   54.5*  0.00B 999.9  010000 
124150 99999  19870625    55.8  5    50.5  5  1015.9  5  9999.9  0    6.5  5   10.5  5   13.6  999.9    61.2*   52.3   0.04E 999.9  010000 
124150 99999  19870626    60.3  6    53.2  6  1015.5  6  9999.9  0    6.2  6    4.2  6    5.8  999.9    72.3*   48.9   0.00B 999.9  000000 
124150 99999  19870627    64.2  8    57.7  8  1019.3  7  9999.9  0    4.7  8    6.1  8    9.7  999.9    71.8    59.7   0.08F 999.9  010000 
124150 99999  19870628    64.9  7    58.8  7  1022.2  7  9999.9  0    9.3  7    7.4  6   13.6  999.9    75.0    55.6   0.00E 999.9  010000 
124150 99999  19870629    70.0  5    62.9  5  1026.2  5  9999.9  0    6.7  5    2.7  5    3.9  999.9    80.2*   61.7*  0.01A 999.9  000000 
124150 99999  19870630    72.6  6    65.3  6  1021.8  6  9999.9  0    5.4  6    3.6  6    9.7  999.9    84.7*   62.1   0.00C 999.9  000000 
124150 99999  19870701    73.2  7    66.9  7  1016.0  7  9999.9  0    5.5  7    4.4  7    9.7  999.9    82.6*   65.8   0.00C 999.9  000010 
124150 99999  19870702    66.5  7    56.1  7  1022.8  7  9999.9  0   10.7  7    3.9  7    5.8  999.9    71.4*   59.7   0.04E 999.9  010000 
124150 99999  19870703    64.9  6    57.1  6  1023.9  6  9999.9  0    5.4  6    1.6  6    3.9  999.9    74.3*   53.2*  0.00B 999.9  000000 
124150 99999  19870704    65.2  7    55.4  7  1023.0  7  9999.9  0    6.9  7    4.4  7    7.8  999.9    72.3    55.2   0.00C 999.9  000000 
124150 99999  19870705    59.3  7    49.8  7  1025.8  6  9999.9  0   15.1  7    3.6  7    5.8  999.9    69.6    50.7   0.00C 999.9  000000 
124150 99999  19870706    63.2  8    51.3  8  1025.3  8  9999.9  0   10.1  8    3.6  8    7.8  999.9    74.8    47.8   0.00D 999.9  000000 
124150 99999  19870707    68.7  9    54.8  8  1017.8  9  9999.9  0   10.2  9    5.6  9   11.7  999.9    81.1    51.1   0.00D 999.9  000000 
124150 99999  19870708    66.8  8    60.9  8  1012.8  8  9999.9  0    7.4  8    4.6  8    7.8  999.9    81.5    57.6   0.04E 999.9  010010 
124150 99999  19870709    59.4  5    56.9  5  1015.2  5  9999.9  0    4.7  5    6.6  5    7.8  999.9    63.3*   53.8*  0.43E 999.9  010000 
124150 99999  19870710    58.0  8    46.2  8  1020.5  8  9999.9  0   10.1  8   10.0  8   13.6  999.9    66.0    52.5*  0.00D 999.9  000000 
124150 99999  19870711    63.0  6    52.9  6  1017.4  6  9999.9  0   10.4  6    8.7  6   13.6  999.9    76.1*   48.7*  0.00B 999.9  000000 
124150 99999  19870712    67.9  6    57.2  6  1012.2  6  9999.9  0    9.3  6    7.1  6   13.6  999.9    80.8    58.6   0.04E 999.9  000000 
124150 99999  19870713    60.9  7    51.1  7  1017.9  7  9999.9  0   10.7  7    8.3  7   13.6  999.9    68.2*   53.4   0.00C 999.9  000000 
124150 99999  19870714    57.4  6    48.5  6  1022.3  6  9999.9  0   10.4  6    3.2  6    5.8  999.9    70.7*   46.4   0.00B 999.9  000000 
124150 99999  19870715    62.8  8    52.5  8  1019.0  8  9999.9  0   10.1  8    5.8  8    9.7  999.9    75.4    48.6   0.00D 999.9  000000 
124150 99999  19870716    65.6  6    58.7  6  1013.1  6  9999.9  0    4.8  6    5.2  6    7.8  999.9    79.0*   55.4   0.00B 999.9  000000 
124150 99999  19870717    69.6  6    62.9  6  1003.1  6  9999.9  0    5.3  6    3.9  6   15.5  999.9    84.9    61.5*  0.01E 999.9  000010 
124150 99999  19870718    66.9  7    61.0  7  1006.9  7  9999.9  0    8.9  7    5.8  7    9.7  999.9    71.1*   61.7   0.00C 999.9  000000 
124150 99999  19870719    65.4  6    58.9  6  1010.4  6  9999.9  0    8.7  6    6.5  6   11.7  999.9    70.7*   62.4*  0.00C 999.9  000010 
124150 99999  19870720    65.5  7    58.6  7  1011.8  7  9999.9  0    4.9  7    2.8  7    5.8  999.9    73.8    59.4   0.48F 999.9  010000 
124150 99999  19870721    58.5  5    55.4  5  1014.2  5  9999.9  0    6.5  5    4.3  5    5.8  999.9    62.8*   54.1*  0.00B 999.9  010000 
124150 99999  19870722    64.7  7    56.9  7  1016.5  7  9999.9  0    5.0  7    2.5  7    3.9  999.9    76.3    53.1*  0.12E 999.9  000000 
124150 99999  19870723    66.0  6    61.1  6  1017.0  6  9999.9  0    4.0  6    2.6  6    3.9  999.9    79.5    54.0   0.16E 999.9  000010 
124150 99999  19870724    71.9  7    57.7  7  1014.5  7  9999.9  0    6.6  7    6.9  7   11.7  999.9    82.9*   59.4   0.00C 999.9  000000 
124150 99999  19870725    62.1  7    55.5  7  1012.0  7  9999.9  0    5.9  7    7.5  7   11.7  999.9    67.6*   57.0*  0.01E 999.9  010000 
124150 99999  19870726    55.9  8    45.4  8  1013.0  8  9999.9  0   11.7  8   10.2  8   13.6  999.9    64.8    50.0*  0.00F 999.9  010000 
124150 99999  19870727    55.6  5    45.4  5  1010.3  5  9999.9  0   12.4  5   11.7  5   17.5  999.9    61.7*   48.6*  0.00B 999.9  000000 
124150 99999  19870728    55.6  8    50.1  8  1010.4  7  9999.9  0    9.9  8    9.5  8   13.6  999.9    59.9    53.2*  0.08F 999.9  010000 
124150 99999  19870729    56.0  6    50.8  6  1014.9  6  9999.9  0    5.2  6    5.8  6    7.8  999.9    63.7*   49.5   0.00E 999.9  010000 
124150 99999  19870730    68.3  5    55.5  4  1010.9  5  9999.9  0    9.7  5    3.5  5    5.8  999.9    76.1*   54.9*  0.00H 999.9  010000 
124150 99999  19870731    59.5  7    54.2  7  1012.0  7  9999.9  0    7.3  7    9.4  7   17.5  999.9    63.0*   55.6*  0.16E 999.9  010000 
124150 99999  19870801    59.6  8    54.7  8  1009.0  8  9999.9  0    8.5  8    7.5  7   13.6  999.9    66.4    54.9*  0.32F 999.9  010000 
124150 99999  19870802    56.5  7    49.0  7  1009.3  7  9999.9  0   10.5  7    9.4  7   11.7  999.9    62.2*   50.9*  0.16F 999.9  010000 
124150 99999  19870803    57.2  4    50.4  4  1010.8  4  9999.9  0    7.5  4    5.8  4    7.8  999.9    68.4*   48.9   0.00E 999.9  000000 
124150 99999  19870804    57.4  8    49.2  8  1010.9  8  9999.9  0    9.0  8    8.5  8   15.5  999.9    65.7    50.9*  0.09F 999.9  010000 
124150 99999  19870805    53.3  7    46.4  7  1012.6  6  9999.9  0    9.8  7    9.7  7   13.6  999.9    61.5    46.8*  0.12F 999.9  010000 
124150 99999  19870806    51.4  8    45.2  7  1012.2  8  9999.9  0   11.7  8   11.4  8   15.5  999.9    57.6    47.3   0.08E 999.9  010000 
124150 99999  19870807    54.0  8    43.2  8  1014.0  8  9999.9  0   13.2  8    3.6  8    5.8  999.9    66.0    40.8   0.00D 999.9  000000 
124150 99999  19870808    58.4  8    48.0  8  1016.1  8  9999.9  0    9.7  8    6.1  8   11.7  999.9    71.8    45.1   0.00E 999.9  000000 
124150 99999  19870809    61.0  8    50.6  8  1013.5  8  9999.9  0    7.8  8    4.9  8    9.7  999.9    75.6    47.5   0.04E 999.9  010000 
124150 99999  19870810    56.5  7    52.5  7  1013.1  6  9999.9  0    4.6  7    7.1  6   11.7  999.9    63.0*   50.5   0.35F 999.9  010000 
124150 99999  19870811    56.7  7    49.0  7  1018.0  7  9999.9  0    7.6  7   10.3  7   15.5  999.9    63.9    51.6*  0.00E 999.9  000000 
124150 99999  19870812    54.5  6    47.1  6  1018.6  5  9999.9  0    7.7  6    5.8  6    9.7  999.9    64.6*   44.6   0.01B 999.9  000000 
124150 99999  19870813    58.1  8    47.0  7  1018.4  7  9999.9  0    5.0  8    3.9  8    5.8  999.9    68.5    47.8   0.00D 999.9  000000 
124150 99999  19870814    60.4  7    54.3  7  1012.2  7  9999.9  0    5.3  7    5.5  7   11.7  999.9    70.0*   50.5   0.00E 999.9  010000 
124150 99999  19870815    61.3  6    54.4  6  1010.9  6  9999.9  0    7.4  6   10.4  6   17.5  999.9    65.7*   56.1   0.12E 999.9  000010 
124150 99999  19880616    59.3  7    46.8  7  1014.1  7  9999.9  0   17.8  7    4.4  7    5.8  999.9    68.5    47.8   0.00C 999.9  000000 
124150 99999  19880617    59.6  8    43.7  8  1013.5  7  9999.9  0   18.6  8    5.6  8    7.8  999.9    69.4    43.7   0.00D 999.9  000000 
124150 99999  19880618    62.1  7    48.3  7  1015.3  7  9999.9  0   15.1  7    5.8  7    9.7  999.9    72.0*   49.8   0.00C 999.9  000000 
124150 99999  19880619    58.6  7    54.0  7  1017.5  7  9999.9  0    6.2  7    5.5  7    9.7  999.9    63.1*   53.4   0.04C 999.9  000010 
124150 99999  19880620    59.0  8    51.8  8  1016.7  8  9999.9  0    5.3  8    8.6  7   11.7  999.9    66.2*   51.3   0.00D 999.9  010010 
124150 99999  19880621    59.8  7    50.5  7  1015.8  7  9999.9  0    6.2  7   11.4  7   15.5  999.9    66.9*   53.4   0.12E 999.9  000000 
124150 99999  19880622    62.0  6    53.4  5  1015.6  6  9999.9  0   12.0  6   10.1  5   15.5  999.9    73.8    54.7*  0.00E 999.9  010000 
124150 99999  19880623    56.0  6    48.3  6  1018.9  6  9999.9  0    6.0  6    9.3  5   13.6  999.9    64.4    51.4*  0.02E 999.9  000000 
124150 99999  19880624    55.0  7    52.7  7  1017.2  7  9999.9  0    3.1  7    8.3  7   11.7  999.9    56.8*   50.0   0.01E 999.9  010000 
124150 99999  19880625    59.2  8    57.1  8  1014.8  8  9999.9  0    2.5  8    5.3  8    7.8  999.9    62.8    53.2   0.00F 999.9  010000 
124150 99999  19880626    62.2  6    58.0  6  1013.3  6  9999.9  0    4.0  6    2.6  6    5.8  999.9    68.4*   57.9*  0.51E 999.9  100000 
124150 99999  19880627    65.8  8    58.5  7  1012.7  8  9999.9  0    4.6  8    3.6  8    7.8  999.9    73.6    55.2   0.75F 999.9  010010 
124150 99999  19880628    68.1  5    58.7  5  1011.2  4  9999.9  0    3.9  5    2.3  5    3.9  999.9    80.2*   55.6*  0.00E 999.9  000000 
124150 99999  19880629    69.4  7    61.6  7  1010.0  7  9999.9  0    3.2  7    5.0  7    9.7  999.9    81.7    58.5*  0.00E 999.9  000010 
124150 99999  19880630    71.2  8    61.1  7  1013.8  8  9999.9  0    4.2  8    2.9  8    3.9  999.9    82.4    57.2   0.01E 999.9  000000 
124150 99999  19880701    72.7  8    62.5  8  1006.5  8  9999.9  0    6.7  8    6.6  8   11.7  999.9    82.8    60.3   0.00E 999.9  010000 
124150 99999  19880702    62.2  8    55.8  8  1004.1  8  9999.9  0   12.3  8    7.3  8   11.7  999.9    66.6    55.9*  0.14F 999.9  010000 
124150 99999  19880703    65.0  8    54.8  8  1005.2  8  9999.9  0   19.4  8    6.1  8    9.7  999.9    79.7    51.4   0.16E 999.9  010010 
124150 99999  19880704    64.2  8    53.8  8  1010.4  8  9999.9  0   12.4  8    1.5  8    3.9  999.9    75.2    47.7   0.00D 999.9  000000 
124150 99999  19880705    71.4  8    60.4  8  1008.9  8  9999.9  0    7.8  8    6.1  8   11.7  999.9    87.3    50.7   0.00E 999.9  110000 
124150 99999  19880706    65.5  8    56.6  8  1016.7  8  9999.9  0   12.4  8    6.7  7   11.7  999.9    70.7    57.9*  0.06F 999.9  010000 
124150 99999  19880707    66.0  7    55.7  7  1019.1  7  9999.9  0   10.7  7    3.6  7    7.8  999.9    77.5    50.2   0.00D 999.9  000000 
124150 99999  19880708    65.2  8    54.3  8  1017.6  8  9999.9  0   10.9  8    5.6  8    9.7  999.9    77.9    50.5   0.00E 999.9  000000 
124150 99999  19880709    64.9  8    54.3  8  1017.3  8  9999.9  0   10.9  8    6.1  8   11.7  999.9    75.4    56.8*  0.00F 999.9  010010 
124150 99999  19880710    60.7  8    50.9  8  1022.8  8  9999.9  0    9.3  8    6.6  8   11.7  999.9    69.6    50.9   0.04E 999.9  000000 
124150 99999  19880711    66.2  8    53.2  8  1019.3  8  9999.9  0    8.2  8    4.6  8    9.7  999.9    80.2    47.1   0.00D 999.9  000000 
124150 99999  19880712    62.1  7    58.2  7  1017.6  7  9999.9  0   10.5  7    6.1  7    9.7  999.9    68.9    54.0*  0.44F 999.9  010000 
124150 99999  19880713    62.2  8    52.8  8  1015.6  8  9999.9  0    8.5  8    2.4  8    3.9  999.9    73.9    48.4   0.00D 999.9  000000 
124150 99999  19880714    60.9  8    57.3  8  1010.6  8  9999.9  0    9.4  8    4.4  8    7.8  999.9    69.1    56.3   0.29F 999.9  010000 
124150 99999  19880715    59.9  8    52.7  8  1013.7  8  9999.9  0   11.7  8    4.4  8    5.8  999.9    69.1    48.4   0.04E 999.9  010000 
124150 99999  19880716    59.6  8    53.6  8  1013.7  8  9999.9  0   10.9  8    5.1  8   11.7  999.9    69.6    53.4*  0.10F 999.9  010000 
124150 99999  19880717    58.5  8    52.0  8  1014.1  8  9999.9  0   12.4  8    7.3  8   13.6  999.9    66.7    48.7   0.00E 999.9  000000 
124150 99999  19880718    60.6  8    53.8  8  1013.8  8  9999.9  0    9.2  8    4.9  8    9.7  999.9    69.6    49.6   0.01E 999.9  000010 
124150 99999  19880719    58.7  9    52.7  8  1015.4  9  9999.9  0    6.2  9    9.1  9   13.6  999.9    64.6    52.9   0.16F 999.9  010000 
124150 99999  19880720    63.9  8    52.7  8  1017.6  8  9999.9  0    7.8  8    4.1  8    7.8  999.9    74.3    52.7   0.00D 999.9  000000 
124150 99999  19880721    67.8  8    58.8  8  1017.6  8  9999.9  0    5.6  8    5.3  8    9.7  999.9    77.7    59.0   0.00F 999.9  010000 
124150 99999  19880722    71.9  8    61.5  8  1016.4  8  9999.9  0    5.1  8    4.1  8    5.8  999.9    84.4    58.5   0.00D 999.9  000000 
124150 99999  19880723    77.7  8    62.4  8  1014.7  8  9999.9  0   10.1  8    6.1  8    9.7  999.9    89.8    62.2   0.00D 999.9  000000 
124150 99999  19880724    80.1  8    64.6  8  1011.3  8  9999.9  0    6.9  8    7.3  8   17.5  999.9    95.0    64.4   0.00D 999.9  010010 
124150 99999  19880725    66.5  8    54.9  8  1022.6  8  9999.9  0    9.3  8    8.5  8   17.5  999.9    75.0    59.7   2.01E 999.9  010010 
124150 99999  19880726    71.0  7    54.7  7  1020.7  6  9999.9  0   12.4  7    1.4  7    3.9  999.9    83.3*   54.0*  0.00B 999.9  000000 
124150 99999  19880727    63.5  8    58.2  8  1018.4  8  9999.9  0    6.7  8    4.9  8    7.8  999.9    69.3    58.1   0.31E 999.9  010000 
124150 99999  19880728    63.1  8    51.3  8  1020.1  8  9999.9  0    9.3  8    7.5  8   11.7  999.9    72.0    54.0   0.79E 999.9  000000 
124150 99999  19880729    64.1  7    54.3  7  1013.0  7  9999.9  0    7.3  7    7.5  7   15.5  999.9    83.5    49.6   0.04E 999.9  010000 
124150 99999  19880730    61.1  8    50.3  7  1019.3  8  9999.9  0    9.9  8    7.5  8   11.7  999.9    72.0    47.1*  0.16E 999.9  000000 
124150 99999  19880731    64.4  8    50.3  8  1021.9  7  9999.9  0   15.4  8    4.6  8    9.7  999.9    76.5    50.7   0.00D 999.9  000000 
124150 99999  19880801    68.8  7    53.8  7  1019.5  7  9999.9  0   10.7  7    2.8  7    5.8  999.9    80.2    51.8   0.00C 999.9  000000 
124150 99999  19880802    68.4  7    57.0  7  1012.5  7  9999.9  0    7.1  7    8.6  7   15.5  999.9    78.3    55.4   0.00C 999.9  000000 
124150 99999  19880803    54.7  9    52.9  8  1012.9  9  9999.9  0    5.2  9    7.6  9   11.7  999.9    59.4    49.6*  0.24E 999.9  010000 
124150 99999  19880804    58.7  8    49.1  8  1017.7  8  9999.9  0    9.8  8    6.6  8    9.7  999.9    69.1    47.3   0.00D 999.9  000000 
124150 99999  19880805    62.3  7    50.9  7  1017.0  7  9999.9  0    8.0  7    8.3  7   13.6  999.9    70.9    53.8*  0.00C 999.9  000000 
124150 99999  19880806    62.8  9    53.9  8  1020.8  8  9999.9  0    8.3  9    8.6  9   13.6  999.9    68.2    56.1*  0.00E 999.9  000000 
124150 99999  19880807    69.1  8    57.9  8  1019.2  8  9999.9  0    6.1  8    7.8  8   11.7  999.9    78.1    61.3   0.00D 999.9  000000 
124150 99999  19880808    64.2  8    55.8  8  1017.6  8  9999.9  0    6.3  8    2.7  8    3.9  999.9    75.0    51.8   0.00D 999.9  000000 
124150 99999  19880809    66.4  8    54.7  8  1015.3  8  9999.9  0    7.1  8    2.7  8    3.9  999.9    80.4    48.9   0.00D 999.9  000000 
124150 99999  19880810    67.1  8    57.8  8  1014.1  7  9999.9  0    6.4  8    4.9  8    7.8  999.9    83.1    53.4   0.00D 999.9  000000 
124150 99999  19880811    73.3  7    60.0  7  1011.5  7  9999.9  0    3.6  7    4.4  7   11.7  999.9    86.9    59.0   0.00E 999.9  010000 
124150 99999  19880812    70.2  8    63.4  8  1013.2  8  9999.9  0    4.9  8    3.9  8    5.8  999.9    83.7    59.7   0.47E 999.9  000010 
124150 99999  19880813    69.8  8    56.5  8  1014.8  8  9999.9  0   10.1  8   10.9  8   27.2  999.9    78.8    61.5*  0.00D 999.9  000000 
124150 99999  19880814    68.0  8    53.3  8  1017.9  8  9999.9  0   13.2  8    2.4  8    3.9  999.9    83.5    50.9   0.00D 999.9  000000 
124150 99999  19880815    71.9  9    60.5  8  1013.1  9  9999.9  0    9.0  9    4.5  9   13.6  999.9    87.8    56.3   0.00D 999.9  000000 

































































































































































































































































































































































































































































































































































































































































































































































































































































































































































































































































































































































































































































































































