0,539090909090909 0,433684210526316 -0,536 0,364285714285714 0,578571428571429 -1 1 1 -1 -1 -1 1 -1 1 -1 
0,473636363636364 0,473684210526316 -0,464 0,357142857142857 0,571428571428571 -1 -1 -1 -1 -1 -1 1 -1 -1 1 
0,452727272727273 0,445263157894736 -0,496 0,353968253968254 0,568253968253968 -1 -1 -1 -1 -1 -1 -1 1 -1 1 
0,490909090909091 0,475789473684211 -0,848 0,353968253968254 0,568253968253968 -1 -1 -1 1 -1 -1 1 -1 -1 1 
0,487272727272727 0,485263157894737 -0,4 0,358730158730159 0,573015873015873 -1 -1 -1 1 -1 -1 -1 1 1 -1 
0,510909090909091 0,610526315789474 -0,0640000000000001 0,36984126984127 0,584126984126984 -1 -1 -1 -1 -1 -1 -1 1 -1 1 
0,520909090909091 0,606315789473684 -0,0479999999999999 0,394444444444444 0,608730158730159 -1 -1 -1 1 -1 -1 -1 1 1 -1 
0,479090909090909 0,604210526315789 0,128 0,324603174603175 0,538888888888889 -1 -1 -1 1 -1 -1 1 -1 1 -1 
0,369090909090909 0,636842105263158 0,48 0,284126984126984 0,498412698412698 -1 -1 -1 -1 -1 -1 -1 1 1 -1 
0,336363636363636 0,691578947368422 -0,376 0,246031746031746 0,46031746031746 -1 -1 -1 -1 -1 -1 1 -1 1 -1 
0,490909090909091 0,603157894736842 -0,792 0,362698412698413 0,576984126984127 -1 -1 -1 1 -1 -1 -1 1 1 -1 
0,475454545454545 0,550526315789473 -0,712 0,324603174603175 0,538888888888889 -1 -1 -1 -1 -1 -1 -1 1 1 -1 
0,531818181818182 0,566315789473684 -0,76 0,31984126984127 0,534126984126984 -1 -1 -1 1 -1 -1 -1 1 1 -1 
0,533636363636364 0,472631578947368 -0,552 0,391269841269841 0,605555555555556 -1 1 -1 1 -1 -1 -1 1 1 -1 
0,536363636363636 0,46 -0,2 0,392857142857143 0,607142857142857 -1 -1 -1 1 -1 -1 -1 1 1 -1 
0,445454545454545 0,441052631578947 -0,376 0,321428571428571 0,535714285714286 -0,992 -1 -1 1 -1 -1 1 -1 1 -1 
0,451818181818182 0,577894736842105 -0,648 0,31984126984127 0,534126984126984 -1 -1 -1 1 -1 -1 -1 1 1 -1 
0,384545454545455 0,662105263157896 -0,688 0,26984126984127 0,484126984126984 -1 1 -1 1 -1 -1 -1 1 1 -1 
0,323636363636364 0,537894736842106 -0,536 0,205555555555556 0,41984126984127 -1 -1 -1 1 -1 -1 -1 1 1 -1 
0,365454545454545 0,447368421052632 -0,552 0,174603174603175 0,388888888888889 -1 -1 1 1 -1 -1 -1 1 1 -1 
0,628181818181818 0,407368421052632 -0,344 0,473015873015873 0,687301587301587 -0,952 -1 1 -1 -1 -1 -1 1 1 -1 
0,625454545454545 0,437894736842106 -0,2 0,468253968253968 0,682539682539683 -0,956 -1 1 -1 -1 -1 -1 -1 -1 -1 
0,659090909090909 0,375789473684211 0,0560000000000001 0,494444444444444 0,708730158730159 -0,812 -1 1 -1 -1 1 -1 1 1 -1 
0,560909090909091 0,452631578947368 0,04 0,431746031746032 0,646031746031746 -0,988 -1 1 -1 -1 -1 -1 1 -1 1 
0,512727272727273 0,608421052631578 -0,232 0,394444444444444 0,608730158730159 -1 -1 1 1 -1 -1 1 -1 1 -1 
0,419090909090909 0,606315789473684 -0,08 0,284126984126984 0,498412698412698 -0,988 -1 -1 1 -1 -1 -1 1 1 -1 
0,457272727272727 0,5 0,272 0,228571428571429 0,442857142857143 -0,944 -1 -1 1 -1 -1 -1 1 1 -1 
0,233636363636364 0,772631578947369 -0,488 0,0801587301587302 0,294444444444444 -0,988 -1 -1 1 -1 -1 1 -1 -1 1 
0,273636363636364 0,782105263157894 -0,584 0,105555555555556 0,31984126984127 -0,976 -1 1 1 -1 -1 1 -1 -1 1 
0,393636363636364 0,70421052631579 -0,368 0,23015873015873 0,444444444444444 -0,992 -1 1 1 -1 -1 1 -1 -1 1 
0,529090909090909 0,794736842105263 -0,76 0,411111111111111 0,625396825396825 -1 -1 -1 -1 -1 -1 1 -1 -1 1 
0,550909090909091 0,675789473684211 -0,552 0,415873015873016 0,63015873015873 -1 -1 -1 -1 -1 -1 1 -1 -1 1 
0,58 0,611578947368421 -0,44 0,467460317460317 0,681746031746032 -1 -1 -1 -1 -1 -1 1 -1 -1 1 
0,562727272727273 0,674736842105262 -0,592 0,43015873015873 0,644444444444444 -1 -1 1 1 -1 -1 1 -1 1 -1 
0,549090909090909 0,678947368421053 -0,432 0,408730158730159 0,623015873015873 -0,988 1 1 -1 -1 -1 1 -1 1 -1 
0,552727272727273 0,413684210526315 -0,032 0,426984126984127 0,641269841269841 -0,992 -1 1 1 -1 -1 1 -1 1 -1 
0,540909090909091 0,515789473684211 -0,44 0,417460317460317 0,631746031746032 -0,992 -1 1 1 -1 -1 -1 -1 -1 -1 
0,614545454545455 0,578947368421053 -0,608 0,432539682539683 0,646825396825397 -0,968 1 1 -1 -1 -1 -1 1 -1 -1 
0,563636363636364 0,616842105263158 -0,576 0,41984126984127 0,634126984126984 -1 1 -1 -1 -1 -1 1 -1 -1 1 
0,559090909090909 0,652631578947368 -0,536 0,417460317460317 0,631746031746032 -1 1 -1 -1 -1 -1 1 -1 -1 1 
0,550909090909091 0,76 -0,672 0,407142857142857 0,621428571428571 -1 1 1 -1 -1 -1 1 -1 1 -1 
0,513636363636364 0,825263157894738 -0,712 0,375396825396825 0,58968253968254 -1 1 -1 -1 -1 -1 1 -1 1 -1 
0,464545454545455 0,802105263157895 -0,648 0,331746031746032 0,546031746031746 -1 -1 -1 -1 -1 -1 1 -1 1 -1 
0,533636363636364 0,732631578947367 -0,4 0,403174603174603 0,617460317460317 -1 -1 1 1 -1 -1 1 -1 1 -1 
0,539090909090909 0,756842105263159 -0,44 0,417460317460317 0,631746031746032 -1 -1 1 1 -1 -1 1 -1 1 -1 
0,467272727272727 0,418947368421052 -0,28 0,328571428571429 0,542857142857143 -1 -1 -1 1 -1 -1 1 -1 -1 1 
0,446363636363636 0,486315789473685 0,032 0,28968253968254 0,503968253968254 -0,952 -1 -1 1 -1 -1 1 -1 -1 1 
0,561818181818182 0,524210526315789 -0,456 0,358730158730159 0,573015873015873 -0,952 -1 -1 1 -1 -1 1 -1 -1 1 
0,529090909090909 0,561052631578947 -0,672 0,385714285714286 0,6 -0,996 1 -1 1 -1 -1 -1 1 -1 1 
0,492727272727273 0,5 -0,648 0,353174603174603 0,567460317460317 -0,984 -1 -1 1 -1 -1 1 -1 -1 1 
0,542727272727273 0,363157894736842 -0,744 0,384126984126984 0,598412698412699 -0,936 -1 -1 1 -1 -1 1 -1 -1 1 
0,516363636363636 0,394736842105263 -0,2 0,346031746031746 0,56031746031746 -0,984 -1 -1 1 -1 -1 -1 1 -1 1 
0,523636363636364 0,424210526315789 -0,184 0,387301587301587 0,601587301587302 -0,968 -1 1 1 -1 -1 -1 1 1 -1 
0,531818181818182 0,416842105263158 -0,448 0,394444444444444 0,608730158730159 -0,992 -1 1 -1 -1 -1 -1 1 1 -1 
0,552727272727273 0,32 -0,224 0,441269841269841 0,655555555555556 -0,984 -1 1 -1 -1 -1 1 -1 1 -1 
0,519090909090909 0,504210526315789 -0,632 0,405555555555556 0,61984126984127 -1 -1 1 1 -1 -1 1 -1 1 -1 
0,497272727272727 0,6 -0,32 0,388888888888889 0,603174603174603 -1 -1 -1 -1 -1 -1 -1 -1 -1 -1 
0,532727272727273 0,569473684210527 -0,304 0,392857142857143 0,607142857142857 -1 -1 -1 -1 -1 -1 -1 1 1 -1 
0,558181818181818 0,541052631578947 -0,632 0,41031746031746 0,624603174603175 -1 1 -1 -1 -1 -1 1 -1 1 -1 
0,555454545454545 0,58421052631579 -0,576 0,414285714285714 0,628571428571429 -1 1 1 1 -1 -1 -1 1 -1 -1 
0,59 0,313684210526315 -0,456 0,432539682539683 0,646825396825397 -0,936 -1 1 -1 -1 -1 1 -1 -1 1 
0,551818181818182 0,295789473684211 -0,336 0,426984126984127 0,641269841269841 -0,968 -1 1 1 -1 -1 1 -1 1 -1 
0,510909090909091 0,370526315789474 -0,4 0,388888888888889 0,603174603174603 -1 -1 -1 1 -1 -1 1 -1 -1 1 
0,49 0,552631578947368 -0,304 0,355555555555556 0,56984126984127 -0,984 -1 -1 1 -1 -1 -1 1 1 -1 
0,436363636363636 0,728421052631579 -0,536 0,324603174603175 0,538888888888889 -1 -1 -1 1 -1 -1 -1 1 1 -1 
0,38 0,697894736842105 -0,144 0,262698412698413 0,476984126984127 -1 -1 -1 -1 -1 -1 -1 1 -1 1 
0,368181818181818 0,736842105263158 -0,168 0,257142857142857 0,471428571428571 -1 -1 -1 -1 -1 -1 1 -1 -1 1 
0,402727272727273 0,665263157894737 -0,36 0,276984126984127 0,491269841269841 -1 -1 -1 -1 -1 -1 1 -1 -1 1 
0,490909090909091 0,538947368421053 -0,24 0,326984126984127 0,541269841269841 -1 -1 -1 1 -1 -1 1 -1 -1 1 
0,573636363636364 0,378947368421053 -0,24 0,424603174603175 0,638888888888889 -0,952 -1 1 -1 -1 -1 1 -1 -1 1 
0,46 0,475789473684211 -0,416 0,323015873015873 0,537301587301587 -1 -1 -1 1 -1 -1 1 -1 -1 1 
0,52 0,487368421052631 -0,472 0,31031746031746 0,524603174603175 -0,968 -1 -1 1 -1 -1 1 -1 -1 1 
0,584545454545454 0,510526315789474 -0,464 0,435714285714286 0,65 -0,996 -1 1 -1 -1 -1 1 -1 -1 1 
0,590909090909091 0,598947368421052 -0,552 0,432539682539683 0,646825396825397 -1 -1 -1 -1 -1 -1 1 -1 -1 1 
0,592727272727273 0,537894736842106 -0,36 0,438888888888889 0,653174603174603 -1 -1 -1 -1 -1 -1 1 -1 -1 1 
0,556363636363636 0,64421052631579 -0,4 0,405555555555556 0,61984126984127 -0,984 1 1 -1 -1 -1 1 -1 -1 1 
0,503636363636364 0,662105263157896 -0,744 0,367460317460317 0,581746031746032 -1 -1 -1 -1 -1 -1 1 -1 1 -1 
0,515454545454546 0,48 -0,248 0,368253968253968 0,582539682539683 -0,968 -1 -1 1 -1 -1 1 -1 -1 1 
0,557272727272727 0,454736842105264 -0,28 0,401587301587302 0,615873015873016 -0,984 -1 1 -1 -1 -1 1 -1 -1 1 
0,545454545454545 0,342105263157895 -0,16 0,417460317460317 0,631746031746032 -0,904 -1 1 1 -1 -1 1 -1 -1 1 
0,53 0,604210526315789 -0,48 0,392857142857143 0,607142857142857 -0,968 -1 1 1 -1 -1 -1 1 -1 1 
0,485454545454545 0,670526315789474 -0,592 0,364285714285714 0,578571428571429 -1 -1 -1 -1 -1 -1 -1 1 -1 1 
0,541818181818182 0,552631578947368 0,24 0,388888888888889 0,603174603174603 -0,992 -1 1 1 -1 -1 -1 1 1 -1 
0,514545454545455 0,649473684210527 -0,0479999999999999 0,405555555555556 0,61984126984127 -1 -1 -1 -1 -1 -1 -1 1 -1 1 
0,529090909090909 0,602105263157895 -0,224 0,38968253968254 0,603968253968254 -0,992 -1 1 1 -1 -1 -1 1 1 -1 
0,514545454545455 0,656842105263159 -0,768 0,394444444444444 0,608730158730159 -1 -1 -1 -1 -1 -1 -1 -1 -1 -1 
0,5 0,661052631578947 -0,608 0,381746031746032 0,596031746031746 -1 -1 -1 -1 -1 -1 -1 1 1 -1 
0,5 0,664210526315788 -0,456 0,38015873015873 0,594444444444444 -1 -1 -1 -1 -1 -1 -1 1 -1 1 
0,5 0,64421052631579 -0,512 0,388888888888889 0,603174603174603 -1 -1 -1 -1 -1 -1 -1 1 1 -1 
0,544545454545455 0,614736842105263 -0,56 0,418253968253968 0,632539682539683 -1 -1 1 -1 -1 -1 -1 1 1 -1 
0,540909090909091 0,467368421052631 -0,552 0,385714285714286 0,6 -0,968 -1 -1 1 -1 -1 -1 1 1 -1 
0,514545454545455 0,457894736842105 -0,496 0,344444444444444 0,558730158730159 -0,984 -1 -1 1 -1 -1 -1 -1 -1 -1 
0,41 0,587368421052631 -0,336 0,315873015873016 0,53015873015873 -0,992 -1 -1 1 -1 -1 1 -1 -1 1 
0,37 0,681052631578948 -0,672 0,21984126984127 0,434126984126984 -1 -1 -1 1 -1 -1 -1 1 1 -1 
0,517272727272727 0,532631578947369 -0,32 0,303174603174603 0,517460317460318 -0,92 -1 1 1 -1 -1 1 -1 -1 1 
