0,758181818181818 0,508421052631578 -0,824 0,546031746031746 0,76031746031746 -1 -1 -1 -1 -1 -1 1 -1 1 -1 
0,772727272727273 0,552631578947368 -0,768 0,65 0,864285714285714 -1 -1 -1 -1 -1 -1 1 -1 -1 1 
0,77 0,596842105263158 -0,648 0,601587301587302 0,815873015873016 -1 -1 -1 -1 -1 -1 -1 1 -1 1 
0,742727272727273 0,591578947368422 -0,608 0,585714285714286 0,8 -1 -1 -1 -1 -1 -1 1 -1 -1 1 
0,790909090909091 0,58421052631579 -0,536 0,628571428571429 0,842857142857143 -1 -1 -1 -1 -1 -1 -1 1 1 -1 
0,795454545454545 0,475789473684211 -0,648 0,614285714285714 0,828571428571429 -0,78 -1 1 -1 -1 1 -1 1 -1 1 
0,762727272727273 0,517894736842106 -0,456 0,58968253968254 0,803968253968254 -0,984 -1 -1 -1 -1 -1 -1 1 1 -1 
0,764545454545455 0,556842105263158 -0,576 0,612698412698413 0,826984126984127 -1 -1 -1 -1 -1 -1 1 -1 1 -1 
0,787272727272727 0,571578947368421 -0,848 0,6 0,814285714285714 -1 -1 -1 -1 -1 -1 -1 1 1 -1 
0,810909090909091 0,549473684210527 -0,784 0,637301587301587 0,851587301587302 -1 -1 -1 -1 -1 -1 1 -1 1 -1 
0,742727272727273 0,591578947368422 -0,608 0,585714285714286 0,8 -1 -1 -1 -1 -1 -1 -1 1 1 -1 
0,790909090909091 0,58421052631579 -0,536 0,628571428571429 0,842857142857143 -1 -1 -1 -1 -1 -1 -1 1 1 -1 
0,780909090909091 0,574736842105263 -0,824 0,628571428571429 0,842857142857143 -1 -1 -1 -1 -1 -1 -1 1 1 -1 
0,796363636363636 0,543157894736842 -0,744 0,634126984126984 0,848412698412699 -1 -1 -1 -1 -1 -1 -1 1 1 -1 
0,82 0,531578947368421 -0,552 0,657142857142857 0,871428571428571 -1 -1 -1 -1 -1 -1 -1 1 1 -1 
0,799090909090909 0,56421052631579 -0,456 0,651587301587301 0,865873015873016 -0,992 -1 -1 -1 -1 -1 1 -1 1 -1 
0,789090909090909 0,560000000000001 -0,624 0,592857142857143 0,807142857142857 -1 -1 -1 -1 -1 -1 -1 1 1 -1 
0,799090909090909 0,568421052631579 -0,688 0,617460317460317 0,831746031746032 -1 -1 -1 -1 -1 -1 -1 1 1 -1 
0,806363636363636 0,556842105263158 -0,784 0,612698412698413 0,826984126984127 -1 -1 -1 -1 -1 -1 -1 1 1 -1 
0,822727272727273 0,548421052631579 -0,784 0,642857142857143 0,857142857142857 -1 -1 -1 -1 -1 -1 -1 1 1 -1 
0,851818181818182 0,513684210526315 -0,6 0,675396825396825 0,88968253968254 -1 1 1 -1 -1 1 -1 1 1 -1 
0,849090909090909 0,530526315789473 -0,456 0,671428571428571 0,885714285714286 -0,904 -1 -1 -1 -1 -1 -1 -1 -1 -1 
0,848181818181818 0,547368421052632 -0,768 0,673015873015873 0,887301587301587 -1 -1 -1 -1 -1 -1 -1 1 1 -1 
0,853636363636364 0,534736842105263 -0,808 0,658730158730159 0,873015873015873 -1 -1 -1 -1 -1 -1 -1 1 -1 1 
0,848181818181818 0,515789473684211 -0,736 0,684126984126984 0,898412698412698 -1 -1 -1 -1 -1 -1 1 -1 1 -1 
0,79 0,569473684210527 -0,768 0,601587301587302 0,815873015873016 -1 -1 -1 -1 -1 -1 -1 1 1 -1 
0,806363636363636 0,550526315789473 -0,88 0,631746031746032 0,846031746031746 -1 -1 -1 -1 -1 -1 -1 1 1 -1 
0,821818181818182 0,541052631578947 -0,752 0,638888888888889 0,853174603174603 -1 -1 -1 -1 -1 -1 1 -1 -1 1 
0,818181818181818 0,575789473684211 -0,32 0,65 0,864285714285714 -1 -1 -1 -1 -1 -1 1 -1 -1 1 
0,788181818181818 0,582105263157894 -0,456 0,603174603174603 0,817460317460317 -1 -1 1 -1 -1 -1 1 -1 -1 1 
0,807272727272727 0,527368421052632 -0,736 0,66031746031746 0,874603174603175 -1 -1 1 -1 -1 -1 1 -1 -1 1 
0,821818181818182 0,509473684210526 -0,784 0,641269841269841 0,855555555555556 -1 -1 -1 -1 -1 -1 1 -1 -1 1 
0,820909090909091 0,510526315789474 -0,688 0,667460317460317 0,881746031746032 -1 -1 -1 -1 -1 -1 1 -1 -1 1 
0,845454545454545 0,526315789473684 -0,632 0,68015873015873 0,894444444444444 -0,936 -1 1 -1 -1 1 1 -1 1 -1 
0,772727272727273 0,631578947368421 -0,648 0,641269841269841 0,855555555555556 -0,828 -1 -1 -1 -1 -1 1 -1 1 -1 
0,848181818181818 0,515789473684211 -0,736 0,684126984126984 0,898412698412698 -1 -1 -1 -1 -1 -1 1 -1 1 -1 
0,852727272727273 0,538947368421053 -0,576 0,682539682539683 0,896825396825397 -1 -1 -1 -1 -1 -1 -1 -1 -1 -1 
0,793636363636364 0,565263157894737 -0,456 0,655555555555556 0,86984126984127 -1 -1 -1 -1 -1 -1 -1 1 -1 -1 
0,798181818181818 0,525263157894737 -0,24 0,63015873015873 0,844444444444444 -1 -1 1 -1 -1 -1 1 -1 -1 1 
0,811818181818182 0,490526315789474 -0,376 0,653174603174603 0,867460317460317 -0,904 -1 -1 -1 -1 -1 1 -1 -1 1 
0,767272727272727 0,548421052631579 -0,36 0,623015873015873 0,837301587301587 -1 -1 1 -1 -1 -1 1 -1 1 -1 
0,768181818181818 0,582105263157894 -0,808 0,578571428571429 0,792857142857143 -1 -1 -1 -1 -1 -1 1 -1 1 -1 
0,810909090909091 0,524210526315789 -0,552 0,615873015873016 0,83015873015873 -1 -1 -1 -1 -1 -1 1 -1 1 -1 
0,757272727272727 0,593684210526316 -0,4 0,608730158730159 0,823015873015873 -1 -1 -1 -1 -1 -1 1 -1 1 -1 
0,739090909090909 0,629473684210526 -0,904 0,561111111111111 0,775396825396825 -1 -1 -1 -1 -1 -1 1 -1 1 -1 
0,757272727272727 0,593684210526316 -0,4 0,608730158730159 0,823015873015873 -1 -1 -1 -1 -1 -1 1 -1 -1 1 
0,739090909090909 0,629473684210526 -0,904 0,561111111111111 0,775396825396825 -1 -1 -1 -1 -1 -1 1 -1 -1 1 
0,778181818181818 0,6 -0,592 0,601587301587302 0,815873015873016 -1 -1 -1 -1 -1 -1 1 -1 -1 1 
0,827272727272727 0,581052631578948 -0,672 0,635714285714286 0,85 -1 -1 -1 -1 -1 -1 -1 1 -1 1 
0,834545454545454 0,543157894736842 -0,608 0,661111111111111 0,875396825396825 -0,984 -1 1 -1 -1 1 1 -1 -1 1 
0,683636363636364 0,589473684210526 -0,744 0,503174603174603 0,717460317460317 -1 -1 -1 -1 -1 -1 1 -1 -1 1 
0,737272727272727 0,567368421052631 -0,592 0,565873015873016 0,78015873015873 -1 -1 -1 -1 -1 -1 -1 1 -1 1 
0,823636363636364 0,562105263157895 -0,672 0,653174603174603 0,867460317460317 -1 -1 -1 -1 -1 -1 -1 1 1 -1 
0,805454545454545 0,591578947368422 -0,712 0,668253968253968 0,882539682539683 -1 -1 -1 -1 -1 -1 -1 1 1 -1 
0,801818181818182 0,566315789473684 -0,848 0,626984126984127 0,841269841269841 -1 -1 -1 -1 -1 -1 1 -1 1 -1 
0,801818181818182 0,566315789473684 -0,848 0,626984126984127 0,841269841269841 -1 -1 -1 -1 -1 -1 1 -1 1 -1 
0,833636363636364 0,549473684210527 -0,6 0,653174603174603 0,867460317460317 -0,992 -1 1 -1 -1 -1 -1 -1 -1 -1 
0,721818181818182 0,583157894736842 -0,536 0,573015873015873 0,787301587301587 -1 -1 -1 -1 -1 -1 -1 1 1 -1 
0,694545454545455 0,582105263157894 -0,552 0,544444444444444 0,758730158730159 -1 -1 -1 -1 -1 -1 1 -1 1 -1 
0,707272727272727 0,573684210526316 -0,784 0,541269841269841 0,755555555555556 -1 -1 -1 -1 -1 -1 -1 1 -1 -1 
0,805454545454545 0,591578947368422 -0,712 0,668253968253968 0,882539682539683 -1 -1 -1 -1 -1 -1 1 -1 -1 1 
0,801818181818182 0,566315789473684 -0,848 0,626984126984127 0,841269841269841 -1 -1 -1 -1 -1 -1 1 -1 1 -1 
0,833636363636364 0,549473684210527 -0,6 0,653174603174603 0,867460317460317 -0,992 -1 1 -1 -1 -1 1 -1 -1 1 
0,721818181818182 0,583157894736842 -0,536 0,573015873015873 0,787301587301587 -1 -1 -1 -1 -1 -1 -1 1 1 -1 
0,694545454545455 0,582105263157894 -0,552 0,544444444444444 0,758730158730159 -1 -1 -1 -1 -1 -1 -1 1 1 -1 
0,743636363636364 0,612631578947369 -0,712 0,584126984126984 0,798412698412698 -1 -1 -1 -1 -1 -1 -1 1 -1 1 
0,733636363636364 0,581052631578948 -0,808 0,56031746031746 0,774603174603175 -1 -1 -1 -1 -1 -1 1 -1 -1 1 
0,741818181818182 0,578947368421053 -0,576 0,578571428571429 0,792857142857143 -1 -1 -1 -1 -1 -1 1 -1 -1 1 
0,738181818181818 0,595789473684211 -0,728 0,576984126984127 0,791269841269841 -1 -1 -1 -1 -1 -1 1 -1 -1 1 
0,716363636363636 0,58421052631579 -0,632 0,605555555555556 0,81984126984127 -1 -1 -1 -1 -1 -1 1 -1 -1 1 
0,741818181818182 0,448421052631579 -0,448 0,564285714285714 0,778571428571429 -0,984 -1 1 -1 -1 -1 1 -1 -1 1 
0,730909090909091 0,46 -0,44 0,573015873015873 0,787301587301587 -1 -1 -1 -1 -1 -1 1 -1 -1 1 
0,751818181818182 0,514736842105263 -0,672 0,603968253968254 0,818253968253968 -0,968 -1 1 -1 -1 -1 1 -1 -1 1 
0,753636363636364 0,543157894736842 -0,672 0,544444444444444 0,758730158730159 -1 1 -1 -1 -1 -1 1 -1 -1 1 
0,803636363636364 0,503157894736842 -0,608 0,631746031746032 0,846031746031746 -1 -1 -1 -1 -1 -1 1 -1 -1 1 
0,779090909090909 0,46 -0,632 0,58968253968254 0,803968253968254 -1 1 1 -1 -1 -1 1 -1 -1 1 
0,791818181818182 0,510526315789474 -0,552 0,58015873015873 0,794444444444444 -0,836 -1 1 -1 -1 1 1 -1 1 -1 
0,783636363636364 0,572631578947368 -0,632 0,601587301587302 0,815873015873016 -1 -1 -1 -1 -1 -1 1 -1 -1 1 
0,806363636363636 0,54421052631579 -0,752 0,585714285714286 0,8 -0,996 -1 1 -1 -1 -1 1 -1 -1 1 
0,813636363636364 0,534736842105263 -0,688 0,614285714285714 0,828571428571429 -0,992 -1 -1 -1 -1 1 1 -1 -1 1 
0,813636363636364 0,534736842105263 -0,688 0,614285714285714 0,828571428571429 -0,992 -1 -1 -1 -1 1 -1 1 -1 1 
0,84 0,48 -0,768 0,624603174603175 0,838888888888889 -0,984 1 -1 -1 -1 1 -1 1 -1 1 
0,808181818181818 0,522105263157895 -0,552 0,635714285714286 0,85 -0,888 1 -1 -1 -1 -1 -1 1 1 -1 
0,801818181818182 0,56421052631579 -0,728 0,596031746031746 0,81031746031746 -1 -1 -1 -1 -1 -1 -1 1 -1 1 
0,826363636363636 0,563157894736842 -0,6 0,638888888888889 0,853174603174603 -1 -1 -1 -1 -1 -1 -1 1 1 -1 
0,789090909090909 0,533684210526316 -0,648 0,625396825396825 0,83968253968254 -1 -1 1 -1 -1 -1 -1 -1 -1 -1 
0,803636363636364 0,541052631578947 -0,768 0,592857142857143 0,807142857142857 -0,936 -1 1 -1 -1 -1 -1 1 1 -1 
0,832727272727273 0,530526315789473 -0,672 0,651587301587301 0,865873015873016 -1 -1 -1 -1 -1 -1 -1 1 -1 1 
0,836363636363636 0,497894736842105 -0,648 0,634126984126984 0,848412698412699 -1 -1 1 -1 -1 1 -1 1 1 -1 
0,827272727272727 0,425263157894737 -0,672 0,65 0,864285714285714 -0,708 -1 1 -1 -1 1 -1 1 1 -1 
0,819090909090909 0,433684210526316 -0,688 0,625396825396825 0,83968253968254 -0,684 -1 1 -1 -1 -1 -1 1 1 -1 
0,821818181818182 0,471578947368421 -0,672 0,626984126984127 0,841269841269841 -0,92 -1 1 -1 -1 -1 -1 -1 -1 -1 
0,829090909090909 0,517894736842106 -0,688 0,641269841269841 0,855555555555556 -0,984 1 -1 -1 -1 1 1 -1 -1 1 
0,820909090909091 0,551578947368421 -0,8 0,607142857142857 0,821428571428571 -1 1 -1 -1 -1 -1 -1 1 1 -1 
0,821818181818182 0,52 -0,744 0,63968253968254 0,853968253968254 -1 -1 1 -1 -1 -1 1 -1 -1 1 
0,838181818181818 0,542105263157895 -0,608 0,642857142857143 0,857142857142857 -0,904 1 -1 -1 -1 1 1 -1 -1 1 
0,809090909090909 0,538947368421053 -0,768 0,623015873015873 0,837301587301587 -0,904 -1 1 -1 -1 1 1 -1 -1 1 
0,809090909090909 0,526315789473684 -0,808 0,63015873015873 0,844444444444444 -0,996 1 1 -1 -1 1 1 -1 -1 1 
0,804545454545455 0,547368421052632 -0,688 0,601587301587302 0,815873015873016 -1 1 -1 -1 -1 -1 1 -1 -1 1 
0,793636363636364 0,577894736842105 -0,664 0,625396825396825 0,83968253968254 -1 -1 1 -1 -1 -1 1 -1 -1 1 
0,731818181818182 0,504210526315789 -0,496 0,56984126984127 0,784126984126984 -0,952 -1 1 -1 -1 -1 1 -1 1 -1 
0,740909090909091 0,522105263157895 -0,712 0,596031746031746 0,81031746031746 -1 -1 1 -1 -1 -1 -1 1 1 -1 
0,785454545454546 0,536842105263158 -0,808 0,615873015873016 0,83015873015873 -1 -1 -1 -1 -1 -1 1 -1 1 -1 
0,833636363636364 0,525263157894737 -0,784 0,625396825396825 0,83968253968254 -1 1 1 -1 -1 1 1 -1 1 -1 
0,850909090909091 0,504210526315789 -0,64 0,664285714285714 0,878571428571429 -0,968 1 1 -1 -1 -1 -1 1 1 -1 
0,874545454545455 0,545263157894736 -0,648 0,653174603174603 0,867460317460317 -1 -1 -1 -1 -1 -1 -1 1 -1 1 
0,876363636363636 0,548421052631579 -0,768 0,685714285714286 0,9 -1 -1 -1 -1 -1 -1 1 -1 -1 1 
0,893636363636364 0,543157894736842 -0,688 0,687301587301587 0,901587301587301 -1 -1 -1 -1 -1 -1 1 -1 -1 1 
0,872727272727273 0,533684210526316 -0,672 0,68015873015873 0,894444444444444 -1 -1 -1 -1 -1 1 -1 1 -1 1 
0,824545454545455 0,557894736842105 -0,712 0,614285714285714 0,828571428571429 -1 -1 1 -1 -1 -1 -1 1 1 -1 
0,823636363636364 0,432631578947369 -0,776 0,628571428571429 0,842857142857143 -0,936 -1 1 -1 -1 1 -1 1 1 -1 
0,827272727272727 0,398947368421052 -0,536 0,618253968253968 0,832539682539683 -0,732 1 1 -1 -1 1 1 -1 -1 1 
0,740909090909091 0,513684210526315 -0,232 0,578571428571429 0,792857142857143 -0,884 -1 1 -1 -1 -1 1 -1 -1 1 
0,738181818181818 0,594736842105263 -0,536 0,574603174603175 0,788888888888889 -0,824 -1 1 -1 -1 -1 1 -1 -1 1 
0,722727272727273 0,582105263157894 -0,68 0,53968253968254 0,753968253968254 -0,952 -1 1 -1 -1 -1 1 -1 -1 1 
0,821818181818182 0,529473684210526 -0,84 0,614285714285714 0,828571428571429 -1 -1 -1 -1 -1 -1 1 -1 -1 1 
0,851818181818182 0,526315789473684 -0,76 0,628571428571429 0,842857142857143 -1 -1 -1 -1 -1 -1 1 -1 -1 1 
0,872727272727273 0,524210526315789 -0,624 0,648412698412698 0,862698412698413 -1 -1 -1 -1 -1 -1 1 -1 1 -1 
0,885454545454545 0,495789473684211 -0,528 0,676984126984127 0,891269841269841 -1 -1 -1 -1 -1 -1 1 -1 1 -1 
0,883636363636364 0,521052631578947 -0,536 0,692857142857143 0,907142857142857 -0,988 -1 1 -1 -1 -1 1 -1 1 -1 
0,779090909090909 0,549473684210527 -0,688 0,608730158730159 0,823015873015873 -0,984 -1 -1 -1 -1 1 1 -1 1 -1 
0,819090909090909 0,514736842105263 -0,848 0,626984126984127 0,841269841269841 -1 -1 -1 -1 -1 -1 1 -1 1 -1 
0,836363636363636 0,482105263157894 -0,608 0,653968253968254 0,868253968253968 -0,984 -1 -1 -1 -1 -1 1 -1 1 -1 
0,813636363636364 0,486315789473685 -0,624 0,657142857142857 0,871428571428571 -0,988 -1 1 -1 -1 -1 1 -1 1 -1 
0,776363636363636 0,513684210526315 -0,768 0,617460317460317 0,831746031746032 -0,924 -1 1 -1 -1 -1 1 -1 1 -1 
0,660909090909091 0,601052631578948 -0,48 0,518253968253968 0,732539682539682 -0,988 -1 1 -1 -1 1 1 -1 1 -1 
0,628181818181818 0,65578947368421 -0,64 0,5 0,714285714285714 -0,988 -1 1 -1 -1 -1 1 -1 -1 1 
0,639090909090909 0,643157894736841 -0,88 0,476984126984127 0,691269841269841 -1 -1 -1 -1 -1 -1 1 -1 -1 1 
0,743636363636364 0,558947368421053 -0,608 0,548412698412698 0,762698412698413 -1 -1 -1 -1 -1 -1 -1 1 -1 1 
0,794545454545455 0,492631578947368 -0,608 0,661111111111111 0,875396825396825 -1 -1 -1 -1 -1 -1 1 -1 1 -1 
0,84 0,507368421052632 -0,656 0,66031746031746 0,874603174603175 -1 -1 1 -1 -1 1 -1 1 -1 1 
0,788181818181818 0,503157894736842 -0,736 0,63968253968254 0,853968253968254 -0,984 -1 1 -1 -1 -1 -1 1 1 -1 
0,751818181818182 0,485263157894737 -0,584 0,603174603174603 0,817460317460317 -0,992 -1 1 -1 -1 -1 -1 1 1 -1 
0,698181818181818 0,511578947368421 -0,432 0,562698412698413 0,776984126984127 -0,876 -1 1 -1 -1 -1 1 -1 -1 1 
0,646363636363636 0,526315789473684 -0,488 0,528571428571429 0,742857142857143 -0,988 -1 -1 -1 -1 -1 1 -1 -1 1 
0,806363636363636 0,421052631578947 -0,752 0,635714285714286 0,85 -0,932 -1 1 -1 -1 -1 -1 1 -1 1 
0,72 0,417894736842106 -0,48 0,557142857142857 0,771428571428571 -0,908 -1 1 -1 -1 -1 -1 -1 -1 -1 
0,732727272727273 0,409473684210526 -0,688 0,53968253968254 0,753968253968254 -0,988 -1 1 -1 -1 -1 -1 1 1 -1 
0,777272727272727 0,393684210526316 -0,48 0,608730158730159 0,823015873015873 -0,988 -1 1 -1 -1 1 -1 -1 -1 -1 
0,766363636363636 0,418947368421052 -0,544 0,596031746031746 0,81031746031746 -0,892 -1 1 -1 -1 1 -1 1 1 -1 
0,687272727272727 0,401052631578948 -0,56 0,538888888888889 0,753174603174603 -1 -1 -1 -1 -1 -1 -1 1 1 -1 
0,737272727272727 0,392631578947368 -0,576 0,576984126984127 0,791269841269841 -1 -1 -1 -1 -1 -1 -1 1 1 -1 
0,780909090909091 0,430526315789473 -0,792 0,603968253968254 0,818253968253968 -0,888 -1 1 -1 -1 1 -1 1 1 -1 
0,792727272727273 0,423157894736843 -0,736 0,624603174603175 0,838888888888889 -0,768 -1 1 -1 -1 -1 1 -1 -1 1 
0,749090909090909 0,484210526315789 -0,336 0,617460317460317 0,831746031746032 -0,936 -1 1 -1 -1 -1 -1 1 1 -1 
0,815454545454545 0,427368421052632 -0,576 0,617460317460317 0,831746031746032 -0,956 -1 1 -1 -1 1 -1 1 1 -1 
0,800909090909091 0,437894736842106 -0,664 0,617460317460317 0,831746031746032 -0,956 1 1 -1 -1 1 -1 1 1 -1 
0,82 0,475789473684211 -0,488 0,642857142857143 0,857142857142857 -0,76 -1 1 -1 -1 -1 -1 -1 -1 -1 
0,803636363636364 0,482105263157894 -0,784 0,618253968253968 0,832539682539683 -0,92 -1 1 -1 -1 -1 -1 -1 -1 -1 
0,817272727272727 0,4 -0,712 0,635714285714286 0,85 -0,66 -1 1 -1 -1 -1 1 -1 -1 1 
0,733636363636364 0,42 -0,472 0,594444444444444 0,808730158730159 -0,984 -1 1 -1 -1 1 -1 -1 -1 -1 
0,73 0,407368421052632 -0,336 0,575396825396825 0,78968253968254 -0,94 -1 1 -1 -1 -1 -1 -1 -1 -1 
0,785454545454546 0,476842105263157 -0,576 0,594444444444444 0,808730158730159 -0,924 -1 1 -1 -1 -1 -1 1 -1 1 
0,768181818181818 0,543157894736842 -0,432 0,612698412698413 0,826984126984127 -0,984 -1 1 -1 -1 -1 -1 1 -1 1 
0,764545454545455 0,545263157894736 -0,48 0,596031746031746 0,81031746031746 -0,984 -1 1 -1 -1 1 1 -1 -1 1 
0,777272727272727 0,511578947368421 -0,64 0,546031746031746 0,76031746031746 -1 -1 -1 -1 -1 -1 1 -1 -1 1 
0,809090909090909 0,477894736842105 -0,528 0,623015873015873 0,837301587301587 -1 -1 -1 -1 -1 -1 -1 -1 -1 -1 
0,862727272727273 0,488421052631579 -0,728 0,662698412698413 0,876984126984127 -1 -1 -1 -1 -1 -1 -1 1 -1 1 
0,842727272727273 0,451578947368421 -0,48 0,621428571428571 0,835714285714286 -0,812 -1 1 -1 -1 1 -1 -1 -1 -1 
0,765454545454546 0,558947368421053 -0,568 0,596825396825397 0,811111111111111 -0,904 -1 -1 -1 -1 -1 1 -1 1 -1 
0,739090909090909 0,448421052631579 -0,296 0,578571428571429 0,792857142857143 -1 -1 1 -1 -1 1 1 -1 1 -1 
0,714545454545454 0,458947368421053 -0,16 0,568253968253968 0,782539682539683 -0,976 -1 1 -1 -1 -1 1 -1 1 -1 
0,72 0,489473684210526 -0,368 0,58015873015873 0,794444444444444 -0,948 -1 1 -1 -1 -1 1 -1 1 -1 
0,727272727272727 0,524210526315789 -0,792 0,562698412698413 0,776984126984127 -0,992 -1 1 -1 -1 -1 1 -1 1 -1 
0,76 0,489473684210526 -0,52 0,594444444444444 0,808730158730159 -0,976 -1 1 -1 -1 1 1 -1 1 -1 
0,788181818181818 0,577894736842105 -0,648 0,598412698412699 0,812698412698413 -0,992 -1 -1 -1 -1 -1 1 -1 1 -1 
0,839090909090909 0,552631578947368 -0,688 0,662698412698413 0,876984126984127 -1 -1 1 -1 -1 1 1 -1 1 -1 
0,83 0,565263157894737 -0,736 0,653174603174603 0,867460317460317 -0,876 -1 -1 -1 -1 -1 1 -1 1 -1 
0,850909090909091 0,542105263157895 -0,64 0,675396825396825 0,88968253968254 -1 -1 1 -1 -1 1 1 -1 -1 1 
0,824545454545455 0,551578947368421 -0,688 0,665873015873016 0,88015873015873 -0,976 1 -1 -1 -1 -1 1 -1 -1 1 
0,737272727272727 0,53578947368421 -0,648 0,615873015873016 0,83015873015873 -1 -1 -1 -1 -1 -1 -1 -1 -1 -1 
0,700909090909091 0,542105263157895 -0,768 0,584126984126984 0,798412698412698 -1 -1 1 -1 -1 -1 -1 1 1 -1 
0,797272727272727 0,538947368421053 -0,632 0,621428571428571 0,835714285714286 -1 -1 -1 -1 -1 1 1 -1 1 -1 
0,743636363636364 0,546315789473684 -0,768 0,575396825396825 0,78968253968254 -0,992 -1 -1 -1 -1 -1 1 -1 1 -1 
0,767272727272727 0,543157894736842 -0,808 0,575396825396825 0,78968253968254 -1 -1 -1 -1 -1 -1 1 -1 1 -1 
0,745454545454545 0,501052631578948 -0,728 0,546825396825397 0,761111111111111 -0,912 -1 1 -1 -1 1 -1 -1 -1 -1 
0,770909090909091 0,529473684210526 -0,472 0,598412698412699 0,812698412698413 -0,984 -1 1 -1 -1 -1 1 -1 1 -1 
0,801818181818182 0,55578947368421 -0,576 0,618253968253968 0,832539682539683 -0,984 1 -1 -1 -1 -1 -1 -1 -1 -1 
0,818181818181818 0,568421052631579 -0,728 0,634126984126984 0,848412698412699 -1 -1 -1 -1 -1 -1 -1 -1 -1 -1 
0,831818181818182 0,554736842105264 -0,808 0,676984126984127 0,891269841269841 -1 -1 -1 -1 -1 -1 1 -1 1 -1 
0,829090909090909 0,487368421052631 -0,6 0,648412698412698 0,862698412698413 -1 -1 -1 -1 -1 1 1 -1 1 -1 
0,85 0,497894736842105 -0,496 0,646825396825397 0,861111111111111 -0,46 -1 1 -1 -1 1 1 -1 1 -1 
0,847272727272727 0,492631578947368 -0,688 0,674603174603175 0,888888888888889 -0,836 -1 -1 -1 -1 1 1 -1 1 -1 
0,848181818181818 0,505263157894737 -0,56 0,651587301587301 0,865873015873016 -1 -1 -1 -1 -1 1 1 -1 1 -1 
0,85 0,53578947368421 -0,744 0,685714285714286 0,9 -1 -1 -1 -1 -1 -1 -1 1 1 -1 
0,818181818181818 0,522105263157895 -0,848 0,664285714285714 0,878571428571429 -0,812 -1 1 -1 -1 1 -1 -1 -1 -1 
0,808181818181818 0,483157894736842 -0,44 0,618253968253968 0,832539682539683 -1 -1 1 -1 -1 1 -1 -1 -1 -1 
0,708181818181818 0,492631578947368 -0,144 0,582539682539683 0,796825396825397 -0,992 -1 -1 -1 -1 -1 -1 1 -1 1 
0,679090909090909 0,504210526315789 -0,416 0,521428571428571 0,735714285714286 -1 -1 1 -1 -1 -1 1 -1 1 -1 
0,712727272727273 0,532631578947369 -0,608 0,548412698412698 0,762698412698413 -0,992 -1 1 -1 -1 -1 1 -1 1 -1 
0,76 0,552631578947368 -0,648 0,614285714285714 0,828571428571429 -1 -1 -1 -1 -1 -1 -1 1 1 -1 
0,77 0,546315789473684 -0,632 0,65 0,864285714285714 -1 -1 -1 -1 -1 -1 -1 1 1 -1 
0,787272727272727 0,56421052631579 -0,744 0,651587301587301 0,865873015873016 -0,988 -1 1 -1 -1 -1 -1 1 1 -1 
0,78 0,597894736842105 -0,744 0,655555555555556 0,86984126984127 -1 -1 -1 -1 -1 -1 -1 1 1 -1 
0,759090909090909 0,612631578947369 -0,728 0,667460317460317 0,881746031746032 -1 -1 -1 -1 -1 -1 -1 1 1 -1 
0,76 0,572631578947368 -0,592 0,648412698412698 0,862698412698413 -1 -1 -1 -1 -1 1 -1 1 1 -1 
0,815454545454545 0,527368421052632 -0,672 0,696031746031746 0,91031746031746 -1 -1 1 -1 -1 -1 1 -1 1 -1 
0,796363636363636 0,538947368421053 -0,632 0,655555555555556 0,86984126984127 -1 -1 -1 -1 -1 -1 -1 -1 -1 -1 
0,778181818181818 0,545263157894736 -0,848 0,651587301587301 0,865873015873016 -1 -1 -1 -1 -1 -1 1 -1 1 -1 
0,79 0,538947368421053 -0,552 0,694444444444444 0,908730158730159 -1 -1 -1 -1 -1 -1 1 -1 1 -1 
