0,822727272727273 0,431578947368421 -0,536 0,635714285714286 0,85 -0,904 -1 -1 -1 -1 -1 1 -1 1 -1 
0,788181818181818 0,463157894736842 -0,712 0,594444444444444 0,808730158730159 -0,844 -1 1 -1 -1 1 1 -1 -1 1 
0,816363636363636 0,486315789473685 -0,784 0,626984126984127 0,841269841269841 -0,968 1 1 -1 -1 1 -1 1 -1 1 
0,762727272727273 0,570526315789474 -0,904 0,575396825396825 0,78968253968254 -0,996 1 -1 -1 -1 -1 1 -1 -1 1 
0,789090909090909 0,574736842105263 -0,92 0,618253968253968 0,832539682539683 -1 -1 -1 -1 -1 -1 -1 1 1 -1 
0,735454545454545 0,505263157894737 -0,32 0,542857142857143 0,757142857142857 -1 -1 1 -1 -1 -1 -1 1 -1 1 
0,778181818181818 0,509473684210526 -0,552 0,603968253968254 0,818253968253968 -0,98 1 1 -1 -1 -1 -1 1 1 -1 
0,741818181818182 0,558947368421053 -0,672 0,588888888888889 0,803174603174603 -1 -1 -1 -1 -1 -1 1 -1 1 -1 
0,781818181818182 0,596842105263158 -0,576 0,598412698412699 0,812698412698413 -1 -1 -1 -1 -1 -1 -1 1 1 -1 
0,784545454545455 0,607368421052632 -0,608 0,618253968253968 0,832539682539683 -1 -1 -1 -1 -1 -1 1 -1 1 -1 
0,781818181818182 0,596842105263158 -0,576 0,598412698412699 0,812698412698413 -1 -1 -1 -1 -1 -1 -1 1 1 -1 
0,784545454545455 0,607368421052632 -0,608 0,618253968253968 0,832539682539683 -1 -1 -1 -1 -1 -1 -1 1 1 -1 
0,787272727272727 0,58421052631579 -0,712 0,603174603174603 0,817460317460317 -1 -1 -1 -1 -1 -1 -1 1 1 -1 
0,786363636363636 0,542105263157895 -0,512 0,638888888888889 0,853174603174603 -1 -1 -1 -1 -1 -1 -1 1 1 -1 
0,791818181818182 0,511578947368421 -0,632 0,614285714285714 0,828571428571429 -1 -1 -1 -1 -1 -1 -1 1 1 -1 
0,796363636363636 0,512631578947369 -0,744 0,594444444444444 0,808730158730159 -1 -1 -1 -1 -1 -1 1 -1 1 -1 
0,802727272727273 0,523157894736843 -0,632 0,594444444444444 0,808730158730159 -1 -1 -1 -1 -1 1 -1 1 1 -1 
0,804545454545455 0,523157894736843 -0,768 0,601587301587302 0,815873015873016 -0,968 -1 1 -1 -1 1 -1 1 1 -1 
0,802727272727273 0,469473684210527 -0,448 0,612698412698413 0,826984126984127 -0,984 -1 -1 -1 -1 -1 -1 1 1 -1 
0,816363636363636 0,467368421052631 -0,552 0,632539682539683 0,846825396825397 -0,936 -1 1 -1 -1 1 -1 1 1 -1 
0,718181818181818 0,593684210526316 -0,648 0,591269841269841 0,805555555555556 -1 -1 -1 -1 -1 -1 -1 1 1 -1 
0,715454545454545 0,557894736842105 -0,496 0,587301587301587 0,801587301587302 -1 -1 -1 -1 -1 -1 -1 -1 -1 -1 
0,715454545454545 0,549473684210527 -0,656 0,587301587301587 0,801587301587302 -1 -1 -1 -1 -1 -1 -1 1 1 -1 
0,763636363636364 0,597894736842105 -0,536 0,601587301587302 0,815873015873016 -1 -1 -1 -1 -1 -1 -1 1 -1 1 
0,698181818181818 0,676842105263157 -0,512 0,565873015873016 0,78015873015873 -1 -1 -1 -1 -1 -1 1 -1 1 -1 
0,710909090909091 0,550526315789473 -0,632 0,573015873015873 0,787301587301587 -1 -1 -1 -1 -1 -1 -1 1 1 -1 
0,729090909090909 0,573684210526316 -0,608 0,588888888888889 0,803174603174603 -1 -1 1 -1 -1 -1 -1 1 1 -1 
0,780909090909091 0,582105263157894 -0,688 0,605555555555556 0,81984126984127 -0,968 -1 1 -1 -1 -1 1 -1 -1 1 
0,805454545454545 0,577894736842105 -0,728 0,614285714285714 0,828571428571429 -0,92 -1 -1 -1 -1 1 1 -1 -1 1 
0,785454545454546 0,582105263157894 -0,536 0,63015873015873 0,844444444444444 -1 -1 -1 -1 -1 -1 1 -1 -1 1 
0,855454545454545 0,523157894736843 -0,472 0,655555555555556 0,86984126984127 -1 -1 -1 -1 -1 -1 1 -1 -1 1 
0,870909090909091 0,516842105263158 -0,592 0,667460317460317 0,881746031746032 -1 -1 1 -1 -1 1 1 -1 -1 1 
0,869090909090909 0,530526315789473 -0,688 0,667460317460317 0,881746031746032 -0,496 1 1 -1 -1 1 1 -1 -1 1 
0,865454545454545 0,462105263157895 -0,688 0,653968253968254 0,868253968253968 -0,968 -1 -1 -1 -1 -1 1 -1 1 -1 
0,861818181818182 0,389473684210526 -0,536 0,664285714285714 0,878571428571429 -1 -1 -1 -1 -1 1 1 -1 1 -1 
0,668181818181818 0,561052631578947 -0,808 0,503968253968254 0,718253968253968 -1 -1 -1 -1 -1 -1 1 -1 1 -1 
0,701818181818182 0,558947368421053 -0,568 0,546031746031746 0,76031746031746 -0,988 -1 1 -1 -1 -1 -1 -1 -1 -1 
0,683636363636364 0,616842105263158 -0,784 0,51031746031746 0,724603174603175 -1 -1 -1 -1 -1 -1 -1 1 -1 -1 
0,708181818181818 0,638947368421053 -0,848 0,541269841269841 0,755555555555556 -1 -1 -1 -1 -1 -1 1 -1 -1 1 
0,758181818181818 0,6 -0,696 0,561111111111111 0,775396825396825 -1 -1 -1 -1 -1 -1 1 -1 -1 1 
0,708181818181818 0,450526315789473 -0,464 0,538888888888889 0,753174603174603 -0,608 -1 1 -1 -1 -1 1 -1 1 -1 
0,691818181818182 0,48 -0,832 0,517460317460318 0,731746031746032 -0,988 -1 -1 -1 -1 -1 1 -1 1 -1 
0,723636363636364 0,525263157894737 -0,776 0,56984126984127 0,784126984126984 -0,988 -1 1 -1 -1 -1 1 -1 1 -1 
0,705454545454545 0,565263157894737 -0,904 0,53015873015873 0,744444444444444 -1 -1 -1 -1 -1 -1 1 -1 1 -1 
0,747272727272727 0,537894736842106 -0,728 0,574603174603175 0,788888888888889 -1 -1 -1 -1 -1 -1 1 -1 1 -1 
0,723636363636364 0,525263157894737 -0,776 0,56984126984127 0,784126984126984 -0,988 -1 1 -1 -1 -1 1 -1 -1 1 
0,705454545454545 0,565263157894737 -0,904 0,53015873015873 0,744444444444444 -1 -1 -1 -1 -1 -1 1 -1 -1 1 
0,747272727272727 0,537894736842106 -0,728 0,574603174603175 0,788888888888889 -1 -1 -1 -1 -1 -1 1 -1 -1 1 
0,733636363636364 0,56421052631579 -0,712 0,603968253968254 0,818253968253968 -1 -1 -1 -1 -1 -1 -1 1 -1 1 
0,774545454545455 0,529473684210526 -0,6 0,608730158730159 0,823015873015873 -1 -1 -1 -1 -1 -1 1 -1 -1 1 
0,686363636363636 0,625263157894738 -0,728 0,526984126984127 0,741269841269841 -0,86 -1 1 -1 -1 -1 1 -1 -1 1 
0,68 0,631578947368421 -0,792 0,494444444444444 0,708730158730159 -1 -1 -1 -1 -1 -1 -1 1 -1 1 
0,756363636363636 0,583157894736842 -0,768 0,553968253968254 0,768253968253968 -1 -1 -1 -1 -1 -1 -1 1 1 -1 
0,791818181818182 0,558947368421053 -0,824 0,603174603174603 0,817460317460317 -1 -1 -1 -1 -1 -1 -1 1 1 -1 
0,825454545454545 0,537894736842106 -0,848 0,623015873015873 0,837301587301587 -0,988 -1 1 -1 -1 -1 1 -1 1 -1 
0,8 0,567368421052631 -0,552 0,623015873015873 0,837301587301587 -1 -1 -1 -1 -1 -1 1 -1 1 -1 
0,712727272727273 0,575789473684211 -0,68 0,58968253968254 0,803968253968254 -1 -1 -1 -1 -1 -1 -1 -1 -1 -1 
0,699090909090909 0,560000000000001 -0,816 0,546825396825397 0,761111111111111 -1 -1 -1 -1 -1 -1 -1 1 1 -1 
0,745454545454545 0,506315789473685 -0,888 0,578571428571429 0,792857142857143 -1 -1 -1 -1 -1 -1 1 -1 1 -1 
0,759090909090909 0,496842105263158 -0,768 0,618253968253968 0,832539682539683 -1 -1 -1 -1 -1 1 -1 1 -1 -1 
0,819090909090909 0,545263157894736 -0,768 0,655555555555556 0,86984126984127 -1 -1 -1 -1 -1 -1 1 -1 -1 1 
0,83 0,503157894736842 -0,768 0,653968253968254 0,868253968253968 -1 -1 -1 -1 -1 -1 1 -1 1 -1 
0,733636363636364 0,534736842105263 -0,088 0,553174603174603 0,767460317460318 -1 -1 1 -1 -1 -1 1 -1 -1 1 
0,656363636363636 0,567368421052631 -0,336 0,517460317460318 0,731746031746032 -1 -1 1 -1 -1 -1 -1 1 1 -1 
0,677272727272727 0,575789473684211 -0,632 0,544444444444444 0,758730158730159 -1 -1 1 -1 -1 -1 -1 1 1 -1 
0,653636363636364 0,617894736842106 -0,512 0,514285714285714 0,728571428571429 -1 -1 1 -1 -1 -1 -1 1 -1 1 
0,676363636363636 0,594736842105263 -0,456 0,5 0,714285714285714 -1 -1 -1 -1 -1 -1 1 -1 -1 1 
0,732727272727273 0,468421052631579 -0,376 0,585714285714286 0,8 -0,976 -1 1 -1 -1 -1 1 -1 -1 1 
0,720909090909091 0,448421052631579 -0,44 0,558730158730159 0,773015873015873 -0,452 -1 1 -1 -1 -1 1 -1 -1 1 
0,681818181818182 0,490526315789474 -0,744 0,546825396825397 0,761111111111111 -0,976 -1 1 -1 -1 -1 1 -1 -1 1 
0,66 0,631578947368421 -0,672 0,517460317460318 0,731746031746032 -1 -1 -1 -1 -1 -1 1 -1 -1 1 
0,682727272727273 0,603157894736842 -0,536 0,541269841269841 0,755555555555556 -0,952 -1 1 -1 -1 -1 1 -1 -1 1 
0,692727272727273 0,613684210526315 -0,648 0,496031746031746 0,71031746031746 -1 -1 -1 -1 -1 -1 1 -1 -1 1 
0,687272727272727 0,646315789473685 -0,576 0,558730158730159 0,773015873015873 -1 -1 -1 -1 -1 -1 1 -1 -1 1 
0,68 0,649473684210527 -0,648 0,546031746031746 0,76031746031746 -1 -1 -1 -1 -1 -1 1 -1 -1 1 
0,704545454545455 0,539999999999999 -0,576 0,546825396825397 0,761111111111111 -0,996 -1 1 -1 -1 -1 1 -1 -1 1 
0,682727272727273 0,571578947368421 -0,672 0,526984126984127 0,741269841269841 -0,996 -1 -1 -1 -1 -1 1 -1 1 -1 
0,750909090909091 0,526315789473684 -0,608 0,576984126984127 0,791269841269841 -1 -1 -1 -1 -1 -1 1 -1 -1 1 
0,64 0,591578947368422 -0,552 0,523015873015873 0,737301587301587 -1 -1 -1 -1 -1 -1 1 -1 -1 1 
0,646363636363636 0,610526315789474 -0,592 0,484126984126984 0,698412698412698 -1 -1 -1 -1 -1 -1 1 -1 -1 1 
0,720909090909091 0,477894736842105 -0,672 0,561111111111111 0,775396825396825 -0,876 -1 -1 -1 -1 -1 -1 1 -1 1 
0,719090909090909 0,391578947368422 -0,336 0,544444444444444 0,758730158730159 -1 -1 1 -1 -1 -1 -1 1 -1 1 
0,668181818181818 0,450526315789473 -0,512 0,518253968253968 0,732539682539682 -1 -1 1 -1 -1 -1 -1 1 1 -1 
0,651818181818182 0,46421052631579 -0,456 0,484126984126984 0,698412698412698 -0,936 -1 -1 -1 -1 1 -1 1 -1 1 
0,676363636363636 0,458947368421053 -0,576 0,484126984126984 0,698412698412698 -0,936 -1 1 -1 -1 1 -1 1 1 -1 
0,676363636363636 0,458947368421053 -0,576 0,484126984126984 0,698412698412698 -0,936 -1 1 -1 -1 1 -1 -1 -1 -1 
0,776363636363636 0,396842105263158 -0,36 0,596031746031746 0,81031746031746 -0,904 -1 -1 -1 -1 1 -1 1 1 -1 
0,766363636363636 0,491578947368422 -0,712 0,587301587301587 0,801587301587302 -0,98 -1 -1 -1 -1 -1 -1 1 -1 1 
0,810909090909091 0,512631578947369 -0,592 0,618253968253968 0,832539682539683 -1 -1 -1 -1 -1 -1 -1 1 1 -1 
0,798181818181818 0,525263157894737 -0,712 0,635714285714286 0,85 -0,78 1 -1 -1 -1 1 -1 1 1 -1 
0,770909090909091 0,549473684210527 -0,688 0,6 0,814285714285714 -1 -1 1 -1 -1 -1 -1 1 1 -1 
0,748181818181818 0,603157894736842 -0,768 0,558730158730159 0,773015873015873 -0,86 -1 1 -1 -1 -1 -1 -1 -1 -1 
0,723636363636364 0,631578947368421 -0,784 0,521428571428571 0,735714285714286 -1 1 -1 -1 -1 -1 1 -1 -1 1 
0,76 0,593684210526316 -0,744 0,56031746031746 0,774603174603175 -0,996 -1 1 -1 -1 1 -1 1 1 -1 
0,703636363636364 0,601052631578948 -0,632 0,55 0,764285714285714 -0,968 -1 -1 -1 -1 -1 1 -1 -1 1 
0,773636363636364 0,551578947368421 -0,472 0,557142857142857 0,771428571428571 -0,968 -1 1 -1 -1 1 1 -1 -1 1 
0,719090909090909 0,611578947368421 -0,28 0,553174603174603 0,767460317460318 -0,844 -1 1 -1 -1 -1 1 -1 -1 1 
0,716363636363636 0,638947368421053 -0,768 0,511111111111111 0,725396825396825 -1 -1 -1 -1 -1 -1 1 -1 -1 1 
0,767272727272727 0,567368421052631 -0,608 0,571428571428571 0,785714285714286 -1 -1 -1 -1 -1 -1 1 -1 -1 1 
0,793636363636364 0,508421052631578 -0,768 0,605555555555556 0,81984126984127 -1 -1 -1 -1 -1 1 1 -1 -1 1 
0,673636363636364 0,679999999999999 -0,744 0,508730158730159 0,723015873015873 -1 -1 -1 -1 -1 -1 1 -1 1 -1 
0,706363636363636 0,641052631578948 -0,904 0,542857142857143 0,757142857142857 -1 -1 -1 -1 -1 -1 -1 1 1 -1 
0,705454545454545 0,633684210526316 -0,784 0,58015873015873 0,794444444444444 -1 -1 -1 -1 -1 -1 1 -1 1 -1 
0,727272727272727 0,631578947368421 -0,712 0,564285714285714 0,778571428571429 -1 -1 -1 -1 -1 -1 1 -1 1 -1 
0,735454545454545 0,583157894736842 -0,712 0,591269841269841 0,805555555555556 -1 -1 -1 -1 -1 -1 -1 1 1 -1 
0,786363636363636 0,463157894736842 -0,904 0,621428571428571 0,835714285714286 -1 -1 -1 -1 -1 -1 -1 1 -1 1 
0,770909090909091 0,472631578947368 -0,72 0,61031746031746 0,824603174603175 -0,628 -1 1 -1 -1 1 1 -1 -1 1 
0,781818181818182 0,465263157894737 -0,728 0,585714285714286 0,8 -0,868 -1 1 -1 -1 1 1 -1 -1 1 
0,736363636363636 0,446315789473684 -0,44 0,538888888888889 0,753174603174603 -0,932 1 1 -1 -1 -1 -1 1 -1 1 
0,7 0,534736842105263 -0,672 0,508730158730159 0,723015873015873 -1 -1 -1 -1 -1 -1 -1 1 1 -1 
0,630909090909091 0,577894736842105 -0,824 0,478571428571429 0,692857142857143 -1 -1 -1 -1 -1 -1 -1 1 1 -1 
0,653636363636364 0,523157894736843 -0,712 0,501587301587302 0,715873015873016 -1 -1 -1 -1 -1 -1 1 -1 -1 1 
0,674545454545455 0,434736842105263 -0,672 0,521428571428571 0,735714285714286 -1 -1 -1 -1 -1 -1 1 -1 -1 1 
0,718181818181818 0,415789473684211 -0,376 0,553968253968254 0,768253968253968 -1 -1 -1 -1 -1 -1 1 -1 -1 1 
0,685454545454546 0,438947368421053 0 0,587301587301587 0,801587301587302 -0,996 -1 -1 -1 -1 -1 1 -1 -1 1 
0,705454545454545 0,662105263157896 -0,808 0,546031746031746 0,76031746031746 -1 -1 -1 -1 -1 -1 1 -1 -1 1 
0,729090909090909 0,658947368421052 -0,96 0,562698412698413 0,776984126984127 -1 -1 -1 -1 -1 -1 1 -1 -1 1 
0,748181818181818 0,6 -0,848 0,585714285714286 0,8 -1 -1 -1 -1 -1 -1 1 -1 1 -1 
0,764545454545455 0,569473684210527 -0,904 0,617460317460317 0,831746031746032 -0,952 -1 -1 -1 -1 1 1 -1 1 -1 
0,673636363636364 0,618947368421052 -0,464 0,567460317460317 0,781746031746032 -1 -1 -1 -1 -1 -1 1 -1 1 -1 
0,732727272727273 0,538947368421053 -0,648 0,581746031746032 0,796031746031746 -1 -1 -1 -1 -1 -1 1 -1 1 -1 
0,75 0,556842105263158 -0,536 0,607142857142857 0,821428571428571 -1 -1 -1 -1 -1 -1 1 -1 1 -1 
0,725454545454545 0,573684210526316 -0,472 0,603174603174603 0,817460317460317 -1 -1 -1 -1 -1 -1 1 -1 1 -1 
0,705454545454545 0,566315789473684 -0,376 0,574603174603175 0,788888888888889 -1 -1 -1 -1 -1 -1 1 -1 1 -1 
0,700909090909091 0,547368421052632 -0,512 0,562698412698413 0,776984126984127 -1 -1 -1 -1 -1 -1 1 -1 1 -1 
0,677272727272727 0,495789473684211 -0,624 0,548412698412698 0,762698412698413 -1 -1 1 -1 -1 -1 1 -1 1 -1 
0,662727272727273 0,457894736842105 -0,536 0,498412698412698 0,712698412698413 -0,952 -1 1 -1 -1 1 1 -1 -1 1 
0,755454545454545 0,447368421052632 -0,808 0,557142857142857 0,771428571428571 -0,936 -1 1 -1 -1 -1 1 -1 -1 1 
0,738181818181818 0,492631578947368 -0,288 0,6 0,814285714285714 -0,996 -1 1 -1 -1 -1 -1 1 -1 1 
0,708181818181818 0,508421052631578 -0,552 0,553174603174603 0,767460317460318 -1 -1 -1 -1 -1 -1 1 -1 1 -1 
0,62 0,551578947368421 -0,744 0,48015873015873 0,694444444444444 -1 -1 -1 -1 -1 -1 -1 1 -1 1 
0,662727272727273 0,536842105263158 -0,784 0,521428571428571 0,735714285714286 -1 -1 1 -1 -1 -1 -1 1 1 -1 
0,669090909090909 0,549473684210527 -0,496 0,508730158730159 0,723015873015873 -0,888 -1 1 -1 -1 -1 -1 1 1 -1 
0,64 0,558947368421053 -0,184 0,508730158730159 0,723015873015873 -1 -1 1 -1 -1 -1 1 -1 -1 1 
0,67 0,526315789473684 -0,248 0,525396825396825 0,73968253968254 -0,984 -1 1 -1 -1 -1 1 -1 -1 1 
0,67 0,526315789473684 -0,248 0,525396825396825 0,73968253968254 -0,984 -1 1 -1 -1 -1 -1 1 -1 1 
0,709090909090909 0,53578947368421 -0,712 0,51031746031746 0,724603174603175 -1 -1 -1 -1 -1 -1 -1 -1 -1 -1 
0,746363636363636 0,473684210526316 -0,24 0,603968253968254 0,818253968253968 -1 -1 -1 -1 -1 -1 -1 1 1 -1 
0,752727272727273 0,469473684210527 -0,784 0,571428571428571 0,785714285714286 -0,952 -1 1 -1 -1 -1 -1 -1 -1 -1 
0,747272727272727 0,410526315789474 -0,512 0,575396825396825 0,78968253968254 -0,968 1 1 -1 -1 -1 -1 1 1 -1 
0,812727272727273 0,421052631578947 -0,672 0,646031746031746 0,86031746031746 -0,984 -1 1 -1 -1 -1 -1 1 1 -1 
0,654545454545455 0,504210526315789 -0,0640000000000001 0,535714285714286 0,75 -0,78 -1 1 -1 -1 -1 -1 1 1 -1 
0,68 0,567368421052631 -0,848 0,521428571428571 0,735714285714286 -0,996 -1 1 -1 -1 -1 -1 1 1 -1 
0,68 0,571578947368421 -0,712 0,544444444444444 0,758730158730159 -0,952 -1 1 -1 -1 -1 1 -1 -1 1 
0,724545454545455 0,554736842105264 -0,88 0,538888888888889 0,753174603174603 -0,912 -1 1 -1 -1 -1 -1 1 1 -1 
0,623636363636364 0,583157894736842 -0,384 0,517460317460318 0,731746031746032 -1 -1 1 -1 -1 -1 -1 1 1 -1 
0,602727272727273 0,631578947368421 -0,608 0,478571428571429 0,692857142857143 -1 -1 -1 -1 -1 -1 -1 1 1 -1 
0,627272727272727 0,633684210526316 -0,816 0,474603174603175 0,688888888888889 -1 -1 -1 -1 -1 -1 -1 -1 -1 -1 
0,678181818181818 0,534736842105263 -0,576 0,526984126984127 0,741269841269841 -1 -1 -1 -1 -1 -1 -1 -1 -1 -1 
0,712727272727273 0,472631578947368 -0,408 0,584126984126984 0,798412698412698 -1 -1 -1 -1 -1 -1 1 -1 -1 1 
0,775454545454545 0,462105263157895 -0,576 0,6 0,814285714285714 -0,936 -1 1 -1 -1 1 -1 -1 -1 -1 
0,672727272727273 0,539999999999999 -0,424 0,546031746031746 0,76031746031746 -0,98 -1 1 -1 -1 -1 -1 -1 -1 -1 
0,643636363636364 0,594736842105263 -0,464 0,507142857142857 0,721428571428571 -1 -1 -1 -1 -1 -1 -1 1 -1 1 
0,642727272727273 0,58 -0,544 0,498412698412698 0,712698412698413 -0,988 -1 1 -1 -1 -1 -1 1 -1 1 
0,567272727272727 0,605263157894737 -0,712 0,446825396825397 0,661111111111111 -0,988 -1 -1 -1 -1 -1 1 -1 -1 1 
0,755454545454545 0,487368421052631 -0,712 0,584126984126984 0,798412698412698 -1 -1 1 -1 -1 1 1 -1 -1 1 
0,748181818181818 0,503157894736842 -0,768 0,58968253968254 0,803968253968254 -0,844 -1 1 -1 -1 -1 -1 -1 -1 -1 
0,703636363636364 0,518947368421052 -0,672 0,582539682539683 0,796825396825397 -0,844 -1 1 -1 -1 -1 -1 1 -1 1 
0,736363636363636 0,477894736842105 -0,488 0,546031746031746 0,76031746031746 -0,88 -1 1 -1 -1 -1 -1 -1 -1 -1 
0,697272727272727 0,547368421052632 -0,432 0,538888888888889 0,753174603174603 -0,984 -1 1 -1 -1 1 1 -1 1 -1 
0,677272727272727 0,575789473684211 -0,632 0,544444444444444 0,758730158730159 -1 -1 1 -1 -1 -1 1 -1 1 -1 
0,710909090909091 0,550526315789473 -0,848 0,56031746031746 0,774603174603175 -1 -1 1 -1 -1 -1 1 -1 1 -1 
0,757272727272727 0,501052631578948 -0,688 0,591269841269841 0,805555555555556 -1 -1 1 -1 -1 -1 1 -1 1 -1 
0,75 0,5 -0,608 0,58015873015873 0,794444444444444 -0,988 -1 1 -1 -1 1 1 -1 1 -1 
0,723636363636364 0,523157894736843 -0,672 0,553174603174603 0,767460317460318 -0,936 -1 1 -1 -1 1 1 -1 1 -1 
0,72 0,445263157894736 -0,552 0,567460317460317 0,781746031746032 -0,956 -1 -1 -1 -1 -1 1 -1 1 -1 
0,707272727272727 0,431578947368421 -0,416 0,603968253968254 0,818253968253968 -0,988 -1 1 -1 -1 -1 1 -1 1 -1 
0,733636363636364 0,488421052631579 -0,672 0,553174603174603 0,767460317460318 -0,996 -1 -1 -1 -1 -1 1 -1 1 -1 
0,775454545454545 0,492631578947368 -0,536 0,632539682539683 0,846825396825397 -1 -1 -1 -1 -1 -1 1 -1 -1 1 
0,727272727272727 0,577894736842105 -0,76 0,581746031746032 0,796031746031746 -0,992 -1 1 -1 -1 -1 1 -1 -1 1 
0,624545454545455 0,538947368421053 -0,416 0,518253968253968 0,732539682539682 -1 -1 -1 -1 -1 -1 -1 -1 -1 -1 
0,637272727272727 0,566315789473684 -0,592 0,487301587301587 0,701587301587302 -1 -1 -1 -1 -1 -1 -1 1 1 -1 
0,629090909090909 0,55578947368421 -0,672 0,485714285714286 0,7 -1 -1 -1 -1 -1 -1 1 -1 1 -1 
0,634545454545455 0,542105263157895 -0,536 0,475396825396825 0,68968253968254 -1 -1 -1 -1 -1 -1 1 -1 1 -1 
0,678181818181818 0,514736842105263 -0,592 0,494444444444444 0,708730158730159 -0,904 -1 1 -1 -1 -1 1 -1 1 -1 
0,700909090909091 0,562105263157895 -0,768 0,508730158730159 0,723015873015873 -1 -1 -1 -1 -1 -1 -1 -1 -1 -1 
0,744545454545455 0,494736842105263 -0,464 0,605555555555556 0,81984126984127 -0,968 -1 1 -1 -1 -1 1 -1 1 -1 
0,675454545454545 0,523157894736843 -0,4 0,53015873015873 0,744444444444444 -0,992 -1 -1 -1 -1 -1 -1 -1 -1 -1 
0,608181818181818 0,605263157894737 -0,472 0,48015873015873 0,694444444444444 -0,968 -1 1 -1 1 -1 -1 -1 -1 -1 
0,540909090909091 0,641052631578948 -0,712 0,424603174603175 0,638888888888889 -1 -1 -1 -1 -1 -1 1 -1 1 -1 
0,62 0,561052631578947 -0,32 0,53015873015873 0,744444444444444 -0,936 -1 -1 -1 -1 -1 1 -1 1 -1 
0,607272727272727 0,596842105263158 -0,584 0,484126984126984 0,698412698412698 -1 -1 -1 -1 -1 -1 1 -1 1 -1 
0,602727272727273 0,567368421052631 -0,472 0,517460317460318 0,731746031746032 -1 -1 -1 -1 -1 -1 1 -1 1 -1 
0,614545454545455 0,568421052631579 -0,264 0,461111111111111 0,675396825396825 -0,984 -1 1 -1 -1 -1 1 -1 1 -1 
0,630909090909091 0,552631578947368 -0,472 0,46984126984127 0,684126984126984 -0,992 -1 1 -1 -1 -1 -1 1 1 -1 
0,578181818181818 0,508421052631578 -0,768 0,434126984126984 0,648412698412698 -1 -1 -1 -1 -1 -1 -1 -1 -1 -1 
0,651818181818182 0,513684210526315 -0,32 0,514285714285714 0,728571428571429 -0,968 -1 1 -1 -1 1 -1 -1 -1 -1 
0,726363636363636 0,458947368421053 -0,416 0,541269841269841 0,755555555555556 -0,904 -1 1 -1 -1 1 -1 1 -1 1 
0,697272727272727 0,465263157894737 0,00800000000000001 0,507142857142857 0,721428571428571 -0,928 -1 1 -1 -1 -1 1 -1 1 -1 
0,684545454545455 0,522105263157895 -0,144 0,505555555555556 0,71984126984127 -0,952 -1 1 -1 -1 -1 1 -1 1 -1 
0,637272727272727 0,509473684210526 -0,336 0,505555555555556 0,71984126984127 -1 -1 -1 -1 -1 -1 -1 1 1 -1 
0,625454545454545 0,477894736842105 -0,376 0,503174603174603 0,717460317460317 -1 -1 -1 -1 -1 -1 -1 1 1 -1 
0,689090909090909 0,450526315789473 -0,536 0,517460317460318 0,731746031746032 -1 -1 -1 -1 -1 -1 -1 1 1 -1 
0,636363636363636 0,517894736842106 -0,536 0,507142857142857 0,721428571428571 -1 -1 -1 -1 -1 -1 -1 1 1 -1 
0,68 0,476842105263157 -0,456 0,473015873015873 0,687301587301587 -0,968 -1 1 -1 -1 1 -1 1 1 -1 
0,764545454545455 0,569473684210527 -0,904 0,617460317460317 0,831746031746032 -0,952 -1 -1 -1 -1 1 -1 1 1 -1 
0,673636363636364 0,618947368421052 -0,464 0,567460317460317 0,781746031746032 -1 -1 -1 -1 -1 -1 1 -1 1 -1 
0,592727272727273 0,64421052631579 -0,536 0,508730158730159 0,723015873015873 -1 -1 -1 -1 -1 -1 -1 -1 -1 -1 
0,592727272727273 0,625263157894738 -0,576 0,494444444444444 0,708730158730159 -1 -1 -1 -1 -1 -1 1 -1 1 -1 
0,665454545454546 0,606315789473684 -0,608 0,48968253968254 0,703968253968254 -1 -1 1 -1 -1 -1 1 -1 1 -1 
