124950 99999  19860101    21.5  8    18.7  8  1010.7  8  9999.9  0    2.5  8    5.6  8    9.7  999.9    23.9*   19.0*  0.00G 999.9  001000 
124950 99999  19860102    23.2  8    20.6  8  1004.9  8  9999.9  0    2.3  8    7.0  8    9.7  999.9    27.9    19.0   0.00G   0.8  001000 
124950 99999  19860103    30.1  8    26.3  8  1004.0  8  9999.9  0    3.0  8    5.6  8    7.8  999.9    32.7    21.6   0.00D   0.8  000000 
124950 99999  19860104    31.0  8    29.3  8  1006.2  8  9999.9  0    1.9  8    5.8  8   11.7  999.9    34.9    23.9   0.00G   0.8  110000 
124950 99999  19860105    26.1  7    22.1  7  1010.0  7  9999.9  0    4.1  7    6.7  7   13.6  999.9    29.1    23.0*  0.00G 999.9  000000 
124950 99999  19860106    26.3  8    19.8  7  1007.3  8  9999.9  0    4.8  8    6.3  8    9.7  999.9    32.0    22.6   0.00D 999.9  000000 
124950 99999  19860107    26.9  8    24.0  8  1010.2  8  9999.9  0    3.4  8    1.9  8    1.9  999.9    31.6    22.6   0.00D 999.9  001000 
124950 99999  19860108    25.2  8    23.6  8  1011.1  8  9999.9  0    1.0  8    7.5  8    9.7  999.9    27.9*   23.2* 99.99    0.8  001000 
124950 99999  19860109    18.8  8    14.1  8  1018.2  8  9999.9  0    5.1  8   11.9  8   13.6  999.9    20.7*   17.6*  0.00G   1.2  001000 
124950 99999  19860110    19.0  7    15.4  7  1023.6  7  9999.9  0    2.8  7   15.0  7   17.5  999.9    20.7    14.7   0.00G   1.2  001000 
124950 99999  19860111    22.0  8    18.8  8  1013.5  8  9999.9  0    2.2  8    8.5  8   11.7  999.9    32.2*   13.5  99.99    1.6  001000 
124950 99999  19860112    28.0  8    27.0  7  1008.2  8  9999.9  0    1.5  8    6.3  8    7.8  999.9    30.6    24.6   0.00G   2.8  001000 
124950 99999  19860113    30.7  8    29.8  8  1005.4  8  9999.9  0    1.2  8    8.7  8    9.7  999.9    33.3    27.5   0.00G   3.1  001000 
124950 99999  19860114    33.6  7    31.9  7   996.4  7  9999.9  0    3.4  7   11.9  7   15.5  999.9    36.5    31.8   0.00G   4.3  001000 
124950 99999  19860115    33.0  7    31.8  7   989.7  7  9999.9  0    2.5  7    8.9  7    9.7  999.9    33.4*   32.4  99.99    4.3  011000 
124950 99999  19860116    28.4  8    25.1  8  1001.0  8  9999.9  0    3.9  8   10.2  8   13.6  999.9    32.2*   25.0* 99.99    3.9  001000 
124950 99999  19860117    22.3  8    19.8  8  1009.0  8  9999.9  0    3.7  8    5.3  8    7.8  999.9    25.7    15.3*  0.00G   4.3  001000 
124950 99999  19860118    20.3  8    16.5  8  1015.1  8  9999.9  0    2.5  8   10.3  7   15.5  999.9    23.5    14.4   0.00G   4.7  001000 
124950 99999  19860119    32.4  8    30.9  8  1002.2  8  9999.9  0    4.2  8   12.6  8   17.5  999.9    35.6    21.0  99.99    5.1  011000 
124950 99999  19860120    35.7  7    32.2  7   995.6  7  9999.9  0    6.2  7   19.7  7   31.1  999.9    40.5*   32.7  99.99    2.4  011000 
124950 99999  19860121    34.3  8    30.2  8  1015.6  8  9999.9  0    4.8  8   10.7  8   15.5  999.9    37.0    32.5*  0.00B 999.9  000000 
124950 99999  19860122    34.3  8    29.1  8  1010.9  8  9999.9  0    4.3  8    8.3  8   11.7  999.9    39.2    30.4   0.00D   2.0  000000 
124950 99999  19860123    35.6  8    31.2  8  1000.7  8  9999.9  0    4.8  8    9.5  8   15.5  999.9    40.1    30.7   0.00D 999.9  000000 
124950 99999  19860124    39.1  8    35.4  8   989.3  8  9999.9  0    4.0  8    6.1  8   11.7  999.9    41.7    36.3*  0.04G 999.9  010000 
124950 99999  19860125    31.9  8    31.3  8   996.4  8  9999.9  0    1.4  8   12.6  8   13.6  999.9    32.5*   31.3*  0.00G   2.4  001000 
124950 99999  19860126    30.6  9    29.4  8  1005.2  9  9999.9  0    1.4  9   14.9  9   17.5  999.9    31.8*   28.2*  0.00H   5.1  001000 
124950 99999  19860127    26.4  8    24.4  8  1012.0  8  9999.9  0    1.3  8   11.9  8   17.5  999.9    27.9    23.9* 99.99    9.1  001000 
124950 99999  19860128    21.7  8    18.2  8  1023.0  8  9999.9  0    3.1  8    5.3  8    7.8  999.9    27.7    15.4*  0.00H  10.2  001000 
124950 99999  19860129    18.6  9    17.2  8  1025.5  9  9999.9  0    1.6  9    6.7  9    9.7  999.9    27.1    10.2   0.00D  10.2  000000 
124950 99999  19860130    29.7  8    26.2  8  1023.0  8  9999.9  0    2.5  8   11.7  8   15.5  999.9    34.2*   24.6   0.00D  10.2  000000 
124950 99999  19860131    29.8  8    27.3  8  1022.6  8  9999.9  0    2.5  8   11.9  8   15.5  999.9    32.2    27.7*  0.00H   9.4  001000 
124950 99999  19860201    25.5  8    22.7  8  1022.4  8  9999.9  0    2.3  8   14.1  8   15.5  999.9    30.2*   18.9*  0.00G   9.4  001000 
124950 99999  19860202    16.6  8    10.6  8  1025.5  8  9999.9  0    3.8  8   18.5  8   23.3  999.9    18.5    13.8   0.00B   9.4  000000 
124950 99999  19860203    12.7  8     7.0  8  1030.7  8  9999.9  0    3.9  8    7.8  8   13.6  999.9    17.2     9.0*  0.00D   9.4  000000 
124950 99999  19860204     9.5  8     4.4  8  1028.1  8  9999.9  0    3.1  8    3.9  8    5.8  999.9    16.7     3.9   0.00D   9.4  000000 
124950 99999  19860205     9.2  8     3.6  8  1021.2  8  9999.9  0    2.1  8    2.9  8    3.9  999.9    18.3     3.9   0.00D   9.4  000000 
124950 99999  19860206     5.9  8     2.7  8  1015.2  8  9999.9  0    1.7  7    4.4  8    7.8  999.9    13.8    -1.3   0.00H   9.4  011000 
124950 99999  19860207    -2.9  8    -5.8  8  1019.2  8  9999.9  0    1.7  8    2.9  8    3.9  999.9     2.7    -8.1*  0.00B  10.6  000000 
124950 99999  19860208     0.7  8    -3.2  8  1017.3  8  9999.9  0    2.0  8    3.9  8    3.9  999.9     7.7    -8.5   0.00D  10.6  000000 
124950 99999  19860209    20.6  7    17.7  7  1017.0  7  9999.9  0    1.3  7    6.9  7    9.7  999.9    26.8     9.9*  0.00H 999.9  011000 
124950 99999  19860210    15.3  7     8.5  7  1023.9  7  9999.9  0    3.3  7    9.1  6   11.7  999.9    20.3    10.8*  0.00C 999.9  000000 
124950 99999  19860211     8.6  8     3.1  8  1031.4  8  9999.9  0    5.3  8    5.3  8    7.8  999.9    17.8     1.6   0.00D  10.6  000000 
124950 99999  19860212    12.0  8     5.3  8  1034.2  8  9999.9  0    5.3  8    6.3  8    7.8  999.9    19.4     3.6   0.00D  10.6  000000 
124950 99999  19860213    19.5  8    13.2  8  1028.5  8  9999.9  0    3.4  8    5.8  8    7.8  999.9    25.0    12.6*  0.00G 999.9  001000 
124950 99999  19860214    17.7  8     9.2  8  1026.5  8  9999.9  0    4.8  8    7.5  8    9.7  999.9    24.8     7.5   0.00D  10.2  000000 
124950 99999  19860215    19.4  8    13.7  8  1026.4  8  9999.9  0    3.0  8    9.7  8   11.7  999.9    24.4    15.4   0.00D  10.2  000000 
124950 99999  19861211    32.2  8    30.8  8  1030.2  8  9999.9  0    0.8  8    2.7  8    5.8  999.9    33.8    31.1*  0.00H 999.9  111000 
124950 99999  19861212    26.5 10    24.8  8  1026.6 10  9999.9  0    1.8 10    4.3 10    5.8  999.9    30.7*   23.5*  0.00H   0.8  101000 
124950 99999  19861213    25.3  9    24.0  8  1022.3  9  9999.9  0    1.0  9    2.6  9    3.9  999.9    27.3    23.7   0.00H   0.8  001000 
124950 99999  19861214    24.2  8    22.3  8  1017.3  8  9999.9  0    1.5  8    3.6  8    5.8  999.9    27.3    18.9*  0.00D   0.8  000000 
124950 99999  19861215    29.7  9    28.5  8  1018.8  9  9999.9  0    1.3  9    3.0  9    5.8  999.9    31.1    18.3   0.00H   0.8  001000 
124950 99999  19861216    29.7  7    28.7  7  1009.9  6  9999.9  0    1.1  7    5.6  7    9.7  999.9    31.6*   27.3*  0.00H   1.6  101000 
124950 99999  19861217    31.3  8    29.0  7  1008.7  8  9999.9  0    3.7  8   10.0  8   11.7  999.9    35.1    27.5* 99.99    2.0  001000 
124950 99999  19861218    31.7  8    30.0  8  1008.0  8  9999.9  0    3.0  8    8.0  8    9.7  999.9    33.8    28.9*  0.00E   1.2  001000 
124950 99999  19861219    33.1  9    30.3  8   991.0  9  9999.9  0    4.1  9   10.8  9   13.6  999.9    35.2*   28.9   0.08E   2.8  011000 
124950 99999  19861220    31.5  9    29.6  8   986.8  9  9999.9  0    4.4  9   15.5  9   19.4  999.9    34.2*   29.8*  0.04E   3.1  001000 
124950 99999  19861221    22.8  8    18.1  7   997.3  8  9999.9  0    7.3  8   10.0  8   15.5  999.9    28.6*   18.3*  0.01C   3.5  001000 
124950 99999  19861222    19.1  9    14.8  8  1003.1  9  9999.9  0    7.2  9    7.8  9   11.7  999.9    21.7    15.1   0.00E   3.5  001000 
124950 99999  19861223    21.3  8    19.0  8  1006.9  8  9999.9  0    2.4  8    7.8  8   11.7  999.9    23.4*   18.5   0.02G   3.9  001000 
124950 99999  19861224    21.7  8    19.7  8  1019.9  8  9999.9  0    2.5  8    4.4  8    5.8  999.9    24.6    18.3*  0.00G   5.1  001000 
124950 99999  19861225    14.3  8    12.3  8  1027.9  8  9999.9  0    1.1  7    3.9  8    7.8  999.9    16.5    12.0*  0.00H   5.5  101000 
124950 99999  19861226     8.8  8     5.6  8  1016.1  8  9999.9  0    1.8  8    5.8  8    7.8  999.9    11.8*    3.9* 99.99    5.5  001000 
124950 99999  19861227    12.5  8    10.2  8  1007.5  8  9999.9  0    1.9  8    5.6  8    7.8  999.9    21.2*    0.0   0.00H   5.5  011000 
124950 99999  19861228    25.9  8    25.2  8  1004.8  8  9999.9  0    1.8  8    8.7  8   11.7  999.9    29.7*   19.6  99.99    6.3  011000 
124950 99999  19861229    30.2  8    28.1  8   999.2  8  9999.9  0    3.2  8   11.2  8   19.4  999.9    38.7    23.0* 99.99  999.9  011000 
124950 99999  19861230    30.5  8    25.9  8   999.6  8  9999.9  0    4.5  8   17.7  8   25.3  999.9    35.6    23.9*  0.00G   7.1  011000 
124950 99999  19861231    26.1  7    23.9  7  1005.9  7  9999.9  0    3.4  7    5.0  7    7.8  999.9    34.5*   19.4   0.00G   7.1  011000 
