0,549090909090909 0,630526315789475 -0,712 0,407142857142857 0,621428571428571 -1 -1 -1 -1 -1 -1 1 -1 1 -1 
0,550909090909091 0,504210526315789 -0,32 0,415873015873016 0,63015873015873 -1 -1 1 -1 -1 -1 1 -1 -1 1 
0,558181818181818 0,376842105263157 -0,184 0,43968253968254 0,653968253968254 -1 -1 1 -1 -1 -1 -1 1 -1 1 
0,608181818181818 0,330526315789473 -0,4 0,457142857142857 0,671428571428571 -0,992 -1 1 -1 -1 -1 1 -1 -1 1 
0,577272727272727 0,465263157894737 -0,632 0,418253968253968 0,632539682539683 -1 -1 -1 -1 -1 -1 -1 1 1 -1 
0,561818181818182 0,583157894736842 -0,456 0,403968253968254 0,618253968253968 -0,92 -1 1 1 -1 -1 -1 1 -1 1 
0,649090909090909 0,528421052631579 -0,304 0,473015873015873 0,687301587301587 -0,86 -1 1 -1 -1 -1 -1 1 1 -1 
0,549090909090909 0,573684210526316 -0,0159999999999999 0,442857142857143 0,657142857142857 -0,968 -1 1 -1 -1 -1 1 -1 1 -1 
0,529090909090909 0,591578947368422 -0,536 0,414285714285714 0,628571428571429 -1 -1 -1 -1 -1 -1 -1 1 1 -1 
0,537272727272727 0,514736842105263 -0,456 0,412698412698413 0,626984126984127 -1 -1 -1 -1 -1 -1 1 -1 1 -1 
0,529090909090909 0,591578947368422 -0,536 0,414285714285714 0,628571428571429 -1 -1 -1 -1 -1 -1 -1 1 1 -1 
0,537272727272727 0,514736842105263 -0,456 0,412698412698413 0,626984126984127 -1 -1 -1 -1 -1 -1 -1 1 1 -1 
0,613636363636364 0,408421052631578 -0,456 0,462698412698413 0,676984126984127 -1 -1 -1 -1 -1 -1 -1 1 1 -1 
0,630909090909091 0,261052631578947 -0,00800000000000001 0,537301587301587 0,751587301587302 -1 -1 -1 -1 -1 -1 -1 1 1 -1 
0,634545454545455 0,121052631578947 -0,24 0,535714285714286 0,75 -0,984 -1 1 -1 -1 -1 -1 1 1 -1 
0,634545454545455 0,121052631578947 -0,24 0,535714285714286 0,75 -0,984 -1 1 -1 -1 -1 1 -1 1 -1 
0,565454545454545 0,171578947368421 -0,264 0,458730158730159 0,673015873015873 -0,904 -1 1 -1 -1 -1 -1 1 1 -1 
0,556363636363636 0,28 -0,472 0,434126984126984 0,648412698412698 -1 -1 -1 -1 -1 -1 -1 1 1 -1 
0,57 0,367368421052631 -0,688 0,431746031746032 0,646031746031746 -0,992 -1 1 -1 -1 -1 -1 1 1 -1 
0,557272727272727 0,445263157894736 -0,536 0,432539682539683 0,646825396825397 -1 -1 1 -1 -1 -1 -1 1 1 -1 
0,568181818181818 0,534736842105263 -0,688 0,444444444444444 0,658730158730159 -1 1 -1 -1 -1 -1 -1 1 1 -1 
0,563636363636364 0,514736842105263 -0,264 0,442857142857143 0,657142857142857 -0,992 -1 1 -1 -1 -1 -1 -1 -1 -1 
0,544545454545455 0,461052631578947 -0,512 0,43015873015873 0,644444444444444 -1 -1 -1 -1 -1 -1 -1 1 1 -1 
0,595454545454545 0,393684210526316 -0,304 0,48015873015873 0,694444444444444 -0,984 -1 1 -1 -1 -1 -1 1 -1 1 
0,669090909090909 0,393684210526316 -0,28 0,528571428571429 0,742857142857143 -0,984 -1 1 -1 -1 -1 1 -1 1 -1 
0,623636363636364 0,566315789473684 -0,44 0,437301587301587 0,651587301587301 -0,936 1 1 -1 -1 -1 -1 1 1 -1 
0,604545454545455 0,661052631578947 -0,632 0,407142857142857 0,621428571428571 -1 1 -1 -1 -1 -1 -1 1 1 -1 
0,629090909090909 0,683157894736843 -0,576 0,465873015873016 0,68015873015873 -1 -1 -1 -1 -1 -1 1 -1 -1 1 
0,590909090909091 0,743157894736841 -0,104 0,487301587301587 0,701587301587302 -1 -1 -1 -1 -1 -1 1 -1 -1 1 
0,59 0,736842105263158 -0,264 0,46031746031746 0,674603174603175 -1 -1 -1 -1 -1 -1 1 -1 -1 1 
0,529090909090909 0,65578947368421 0,0720000000000001 0,38015873015873 0,594444444444444 -0,984 -1 1 1 -1 -1 1 -1 -1 1 
0,567272727272727 0,593684210526316 0,264 0,476984126984127 0,691269841269841 -1 -1 -1 -1 -1 -1 1 -1 -1 1 
0,602727272727273 0,448421052631579 0,424 0,485714285714286 0,7 -0,996 -1 1 -1 -1 -1 1 -1 -1 1 
0,549090909090909 0,493684210526316 -0,00800000000000001 0,432539682539683 0,646825396825397 -0,904 -1 1 1 -1 -1 1 -1 1 -1 
0,635454545454545 0,552631578947368 -0,0479999999999999 0,48015873015873 0,694444444444444 -0,996 -1 1 -1 -1 -1 1 -1 1 -1 
0,626363636363636 0,537894736842106 -0,104 0,424603174603175 0,638888888888889 -0,904 -1 1 1 -1 -1 1 -1 1 -1 
0,609090909090909 0,503157894736842 0,24 0,514285714285714 0,728571428571429 -1 -1 -1 -1 -1 -1 -1 -1 -1 -1 
0,533636363636364 0,6 0,0720000000000001 0,441269841269841 0,655555555555556 -1 -1 1 -1 -1 -1 -1 1 -1 -1 
0,480909090909091 0,731578947368421 -0,536 0,38015873015873 0,594444444444444 -1 -1 -1 -1 -1 -1 1 -1 -1 1 
0,443636363636364 0,792631578947368 -0,304 0,405555555555556 0,61984126984127 -1 -1 -1 -1 -1 -1 1 -1 -1 1 
0,564545454545455 0,721052631578947 -0,608 0,48015873015873 0,694444444444444 -1 -1 -1 -1 -1 -1 1 -1 1 -1 
0,576363636363636 0,617894736842106 -0,416 0,48015873015873 0,694444444444444 -1 -1 -1 -1 -1 -1 1 -1 1 -1 
0,676363636363636 0,592631578947368 -0,552 0,521428571428571 0,735714285714286 -1 -1 -1 -1 -1 -1 1 -1 1 -1 
0,684545454545455 0,524210526315789 -0,376 0,512698412698413 0,726984126984127 -1 -1 -1 -1 -1 -1 1 -1 1 -1 
0,621818181818182 0,547368421052632 -0,168 0,51984126984127 0,734126984126984 -0,984 -1 -1 -1 -1 -1 1 -1 1 -1 
0,501818181818182 0,541052631578947 0,264 0,387301587301587 0,601587301587302 -1 -1 1 -1 -1 -1 1 -1 -1 1 
0,538181818181818 0,507368421052632 0,0720000000000001 0,43015873015873 0,644444444444444 -1 -1 -1 -1 -1 -1 1 -1 -1 1 
0,543636363636364 0,532631578947369 -0,0640000000000001 0,432539682539683 0,646825396825397 -1 -1 -1 -1 -1 -1 1 -1 -1 1 
0,568181818181818 0,558947368421053 -0,64 0,431746031746032 0,646031746031746 -1 -1 -1 -1 -1 -1 -1 1 -1 1 
0,614545454545455 0,549473684210527 -0,784 0,458730158730159 0,673015873015873 -1 1 -1 -1 -1 -1 1 -1 -1 1 
0,539090909090909 0,628421052631579 -0,608 0,401587301587302 0,615873015873016 -1 -1 -1 -1 -1 -1 1 -1 -1 1 
0,564545454545455 0,691578947368422 -0,728 0,437301587301587 0,651587301587301 -1 -1 -1 -1 -1 -1 -1 1 -1 1 
0,562727272727273 0,7 -0,632 0,41984126984127 0,634126984126984 -1 -1 -1 -1 -1 -1 -1 1 1 -1 
0,579090909090909 0,713684210526315 -0,576 0,438888888888889 0,653174603174603 -1 -1 1 -1 -1 -1 -1 1 1 -1 
0,594545454545455 0,679999999999999 -0,464 0,431746031746032 0,646031746031746 -1 1 -1 -1 -1 -1 1 -1 1 -1 
0,479090909090909 0,664210526315788 -0,2 0,367460317460317 0,581746031746032 -1 -1 -1 -1 -1 -1 1 -1 1 -1 
0,471818181818182 0,692631578947368 -0,768 0,353174603174603 0,567460317460317 -1 -1 -1 -1 -1 -1 -1 -1 -1 -1 
0,509090909090909 0,633684210526316 -0,672 0,375396825396825 0,58968253968254 -1 -1 -1 -1 -1 -1 -1 1 1 -1 
0,549090909090909 0,602105263157895 -0,688 0,4 0,614285714285714 -1 -1 -1 -1 -1 -1 1 -1 1 -1 
0,551818181818182 0,546315789473684 -0,336 0,426984126984127 0,641269841269841 -1 -1 -1 -1 -1 -1 -1 1 -1 -1 
0,510909090909091 0,661052631578947 -0,728 0,374603174603175 0,588888888888889 -1 -1 -1 -1 -1 -1 1 -1 -1 1 
0,572727272727273 0,65578947368421 -0,784 0,411111111111111 0,625396825396825 -1 1 1 -1 -1 -1 1 -1 1 -1 
0,598181818181818 0,622105263157894 -0,56 0,451587301587302 0,665873015873016 -1 1 -1 -1 -1 -1 1 -1 -1 1 
0,620909090909091 0,521052631578947 -0,224 0,474603174603175 0,688888888888889 -0,876 -1 1 -1 -1 -1 -1 1 1 -1 
0,676363636363636 0,494736842105263 0,112 0,496031746031746 0,71031746031746 -0,936 -1 1 -1 -1 -1 -1 1 1 -1 
0,521818181818182 0,682105263157894 -0,496 0,425396825396825 0,63968253968254 -1 -1 -1 -1 -1 -1 -1 1 -1 1 
0,549090909090909 0,566315789473684 -0,416 0,421428571428571 0,635714285714286 -1 -1 -1 -1 -1 -1 1 -1 -1 1 
0,635454545454545 0,436842105263158 -0,416 0,48015873015873 0,694444444444444 -0,944 -1 1 -1 -1 -1 1 -1 -1 1 
0,567272727272727 0,377894736842105 0,4 0,43968253968254 0,653968253968254 -0,936 -1 1 -1 -1 -1 1 -1 -1 1 
0,564545454545455 0,42 0,136 0,467460317460317 0,681746031746032 -0,904 -1 1 -1 -1 1 1 -1 -1 1 
0,504545454545455 0,542105263157895 -0,744 0,367460317460317 0,581746031746032 -1 -1 1 1 -1 -1 1 -1 -1 1 
0,469090909090909 0,654736842105264 -0,688 0,346825396825397 0,561111111111111 -1 -1 -1 -1 -1 -1 1 -1 -1 1 
0,503636363636364 0,603157894736842 -0,224 0,403968253968254 0,618253968253968 -1 -1 -1 -1 -1 -1 1 -1 -1 1 
0,658181818181818 0,418947368421052 0,264 0,496031746031746 0,71031746031746 -0,936 -1 1 -1 -1 -1 1 -1 -1 1 
0,577272727272727 0,416842105263158 0,168 0,461111111111111 0,675396825396825 -1 -1 1 -1 -1 -1 1 -1 -1 1 
0,578181818181818 0,525263157894737 -0,0479999999999999 0,435714285714286 0,65 -0,984 -1 1 1 -1 -1 1 -1 -1 1 
0,569090909090909 0,570526315789474 -0,32 0,458730158730159 0,673015873015873 -1 -1 1 -1 -1 -1 1 -1 1 -1 
0,577272727272727 0,573684210526316 -0,2 0,43968253968254 0,653968253968254 -0,992 -1 1 -1 -1 -1 1 -1 -1 1 
0,560909090909091 0,521052631578947 -0,44 0,396825396825397 0,611111111111111 -1 -1 1 -1 -1 -1 1 -1 -1 1 
0,57 0,406315789473684 -0,496 0,428571428571429 0,642857142857143 -0,952 -1 1 1 -1 -1 1 -1 -1 1 
0,577272727272727 0,70421052631579 -0,552 0,43015873015873 0,644444444444444 -1 1 1 -1 -1 -1 -1 1 -1 1 
0,460909090909091 0,756842105263159 -0,104 0,326984126984127 0,541269841269841 -1 -1 -1 1 -1 -1 -1 1 -1 1 
0,408181818181818 0,664210526315788 0,264 0,296825396825397 0,511111111111111 -1 -1 -1 1 -1 -1 -1 1 1 -1 
0,47 0,508421052631578 0,136 0,358730158730159 0,573015873015873 -1 -1 -1 1 -1 -1 -1 1 -1 1 
0,524545454545455 0,461052631578947 -0,536 0,384126984126984 0,598412698412699 -0,996 -1 1 -1 -1 -1 -1 1 1 -1 
0,428181818181818 0,675789473684211 -0,376 0,3 0,514285714285714 -1 -1 -1 1 -1 -1 -1 -1 -1 -1 
0,444545454545455 0,643157894736841 -0,496 0,282539682539683 0,496825396825397 -1 -1 -1 -1 -1 -1 -1 1 1 -1 
0,527272727272727 0,561052631578947 -0,4 0,375396825396825 0,58968253968254 -0,96 -1 1 1 -1 -1 -1 1 -1 1 
0,554545454545455 0,553684210526316 -0,304 0,41031746031746 0,624603174603175 -0,952 1 -1 1 -1 -1 -1 1 1 -1 
0,565454545454545 0,550526315789473 -0,168 0,425396825396825 0,63968253968254 -1 -1 1 -1 -1 -1 -1 1 1 -1 
0,5 0,594736842105263 -0,632 0,387301587301587 0,601587301587302 -0,992 -1 -1 1 -1 -1 -1 1 1 -1 
0,5 0,603157894736842 -0,728 0,358730158730159 0,573015873015873 -1 -1 -1 1 -1 -1 -1 -1 -1 -1 
0,473636363636364 0,558947368421053 -0,824 0,344444444444444 0,558730158730159 -1 -1 -1 -1 -1 -1 1 -1 -1 1 
0,469090909090909 0,578947368421053 -0,648 0,364285714285714 0,578571428571429 -1 -1 -1 -1 -1 -1 -1 1 1 -1 
0,473636363636364 0,631578947368421 -0,728 0,35 0,564285714285714 -1 -1 -1 -1 -1 -1 1 -1 -1 1 
0,475454545454545 0,685263157894736 -0,552 0,342857142857143 0,557142857142857 -1 -1 -1 -1 -1 -1 1 -1 -1 1 
0,442727272727273 0,729473684210526 -0,32 0,373015873015873 0,587301587301587 -1 -1 -1 -1 -1 -1 1 -1 -1 1 
0,478181818181818 0,668421052631579 -0,36 0,381746031746032 0,596031746031746 -1 -1 -1 -1 -1 -1 1 -1 -1 1 
0,489090909090909 0,679999999999999 -0,456 0,364285714285714 0,578571428571429 -1 -1 -1 -1 -1 -1 1 -1 -1 1 
0,49 0,683157894736843 -0,688 0,358730158730159 0,573015873015873 -1 -1 -1 -1 -1 -1 1 -1 -1 1 
0,559090909090909 0,426315789473684 -0,44 0,418253968253968 0,632539682539683 -0,988 -1 1 1 -1 -1 1 -1 1 -1 
0,553636363636364 0,285263157894737 -0,456 0,401587301587302 0,615873015873016 -0,904 -1 1 1 -1 -1 -1 1 1 -1 
0,529090909090909 0,275789473684211 -0,288 0,392857142857143 0,607142857142857 -0,988 -1 1 1 -1 -1 1 -1 1 -1 
0,514545454545455 0,337894736842106 0,128 0,388888888888889 0,603174603174603 -0,96 -1 -1 1 -1 -1 1 -1 1 -1 
0,499090909090909 0,447368421052632 0,168 0,381746031746032 0,596031746031746 -0,988 -1 -1 1 -1 -1 -1 1 1 -1 
0,611818181818182 0,504210526315789 -0,712 0,451587301587302 0,665873015873016 -0,976 -1 1 -1 -1 -1 -1 1 -1 1 
0,587272727272727 0,477894736842105 0,104 0,411111111111111 0,625396825396825 -0,896 -1 1 1 -1 -1 1 -1 -1 1 
0,491818181818182 0,597894736842105 -0,224 0,384126984126984 0,598412698412699 -0,992 -1 -1 1 -1 -1 1 -1 -1 1 
0,499090909090909 0,623157894736843 -0,32 0,387301587301587 0,601587301587302 -0,984 -1 -1 1 -1 -1 -1 1 -1 1 
0,519090909090909 0,671578947368421 -0,632 0,403174603174603 0,617460317460317 -0,976 -1 1 1 -1 -1 -1 1 1 -1 
0,502727272727273 0,565263157894737 -0,216 0,371428571428571 0,585714285714286 -0,96 -1 1 1 1 -1 -1 1 1 -1 
0,507272727272727 0,625263157894738 -0,248 0,344444444444444 0,558730158730159 -0,976 -1 1 1 -1 -1 1 -1 -1 1 
0,607272727272727 0,501052631578948 0,272 0,43015873015873 0,644444444444444 -0,98 -1 1 1 -1 -1 1 -1 -1 1 
0,652727272727273 0,450526315789473 0,016 0,514285714285714 0,728571428571429 -0,856 -1 1 -1 -1 -1 1 -1 -1 1 
0,61 0,370526315789474 0,184 0,425396825396825 0,63968253968254 -0,792 -1 1 -1 -1 -1 1 -1 -1 1 
0,507272727272727 0,625263157894738 -0,248 0,344444444444444 0,558730158730159 -0,976 -1 1 1 -1 -1 1 -1 -1 1 
0,607272727272727 0,501052631578948 0,272 0,43015873015873 0,644444444444444 -0,98 -1 1 1 -1 -1 1 -1 -1 1 
0,652727272727273 0,450526315789473 0,016 0,514285714285714 0,728571428571429 -0,856 -1 1 -1 -1 -1 1 -1 1 -1 
0,61 0,370526315789474 0,184 0,425396825396825 0,63968253968254 -0,792 -1 1 -1 -1 -1 1 -1 1 -1 
0,498181818181818 0,518947368421052 -0,168 0,396031746031746 0,61031746031746 -1 -1 1 1 -1 -1 1 -1 1 -1 
0,430909090909091 0,451578947368421 -0,808 0,238888888888889 0,453174603174603 -0,988 1 -1 1 -1 -1 1 -1 1 -1 
0,430909090909091 0,493684210526316 -0,464 0,262698412698413 0,476984126984127 -1 -1 -1 -1 -1 -1 1 -1 1 -1 
0,501818181818182 0,385263157894737 -0,528 0,338888888888889 0,553174603174603 -0,968 -1 1 1 -1 -1 1 -1 1 -1 
0,546363636363636 0,388421052631579 -0,696 0,403174603174603 0,617460317460317 -0,952 -1 -1 1 -1 -1 1 -1 1 -1 
0,542727272727273 0,361052631578947 -0,672 0,374603174603175 0,588888888888889 -0,992 -1 -1 1 -1 -1 1 -1 1 -1 
0,430909090909091 0,493684210526316 -0,464 0,262698412698413 0,476984126984127 -1 -1 -1 -1 -1 -1 1 -1 1 -1 
0,501818181818182 0,385263157894737 -0,528 0,338888888888889 0,553174603174603 -0,968 -1 1 1 -1 -1 1 -1 -1 1 
0,546363636363636 0,388421052631579 -0,696 0,403174603174603 0,617460317460317 -0,952 -1 -1 1 -1 -1 1 -1 -1 1 
0,542727272727273 0,361052631578947 -0,672 0,374603174603175 0,588888888888889 -0,992 -1 -1 1 -1 -1 -1 1 -1 1 
0,580909090909091 0,376842105263157 -0,608 0,421428571428571 0,635714285714286 -0,956 1 1 -1 -1 -1 1 -1 1 -1 
0,567272727272727 0,425263157894737 -0,656 0,41984126984127 0,634126984126984 -0,84 -1 1 1 -1 -1 -1 1 -1 1 
0,598181818181818 0,421052631578947 -0,472 0,428571428571429 0,642857142857143 -0,984 -1 1 -1 -1 1 -1 1 1 -1 
0,535454545454545 0,43578947368421 0,112 0,396825396825397 0,611111111111111 -0,888 -1 -1 1 -1 -1 -1 1 1 -1 
0,479090909090909 0,485263157894737 -0,504 0,351587301587302 0,565873015873016 -0,984 -1 -1 1 -1 -1 1 -1 -1 1 
0,469090909090909 0,43578947368421 -0,64 0,307142857142857 0,521428571428571 -1 -1 -1 -1 -1 -1 1 -1 -1 1 
0,404545454545455 0,645263157894736 -0,68 0,271428571428571 0,485714285714286 -1 -1 -1 -1 -1 -1 -1 1 -1 1 
0,469090909090909 0,64421052631579 -0,696 0,364285714285714 0,578571428571429 -1 -1 -1 1 -1 -1 -1 -1 -1 -1 
0,511818181818182 0,632631578947367 -0,304 0,403968253968254 0,618253968253968 -1 -1 1 1 -1 -1 -1 1 1 -1 
0,534545454545455 0,675789473684211 -0,368 0,424603174603175 0,638888888888889 -1 -1 -1 1 -1 -1 -1 -1 -1 -1 
0,506363636363636 0,706315789473683 -0,312 0,387301587301587 0,601587301587302 -1 -1 -1 -1 -1 -1 -1 1 1 -1 
0,467272727272727 0,490526315789474 -0,68 0,341269841269841 0,555555555555556 -0,94 -1 -1 1 -1 -1 -1 1 1 -1 
0,470909090909091 0,482105263157894 -0,824 0,328571428571429 0,542857142857143 -1 1 -1 -1 -1 -1 -1 1 1 -1 
0,488181818181818 0,515789473684211 -0,656 0,31984126984127 0,534126984126984 -1 1 -1 1 -1 -1 -1 1 1 -1 
0,530909090909091 0,508421052631578 -0,248 0,392857142857143 0,607142857142857 -1 -1 -1 -1 -1 -1 1 -1 -1 1 
0,572727272727273 0,502105263157895 -0,032 0,43968253968254 0,653968253968254 -1 -1 1 1 -1 -1 -1 1 1 -1 
0,550909090909091 0,429473684210526 -0,608 0,403968253968254 0,618253968253968 -0,888 1 -1 1 -1 -1 -1 1 1 -1 
0,555454545454545 0,458947368421053 -0,608 0,384126984126984 0,598412698412699 -1 1 1 -1 -1 -1 -1 1 1 -1 
0,555454545454545 0,48 -0,712 0,362698412698413 0,576984126984127 -0,976 1 1 -1 -1 -1 -1 -1 -1 -1 
0,573636363636364 0,492631578947368 -0,608 0,426984126984127 0,641269841269841 -0,992 -1 1 -1 -1 -1 -1 -1 -1 -1 
0,530909090909091 0,553684210526316 -0,264 0,378571428571429 0,592857142857143 -1 -1 1 1 -1 -1 1 -1 -1 1 
0,413636363636364 0,507368421052632 -0,536 0,303968253968254 0,518253968253968 -1 -1 -1 1 -1 -1 -1 -1 -1 -1 
0,397272727272727 0,512631578947369 -0,592 0,282539682539683 0,496825396825397 -0,992 -1 -1 1 -1 -1 -1 -1 -1 -1 
0,342727272727273 0,512631578947369 -0,536 0,223015873015873 0,437301587301587 -1 -1 -1 -1 -1 -1 -1 1 -1 1 
0,402727272727273 0,408421052631578 -0,592 0,271428571428571 0,485714285714286 -1 -1 -1 1 -1 -1 -1 1 -1 1 
0,460909090909091 0,413684210526315 -0,4 0,324603174603175 0,538888888888889 -0,984 -1 -1 1 -1 -1 1 -1 -1 1 
0,402727272727273 0,477894736842105 -0,592 0,251587301587302 0,465873015873016 -1 1 -1 1 -1 -1 1 -1 -1 1 
0,36 0,548421052631579 -0,864 0,191269841269841 0,405555555555556 -0,996 1 -1 -1 -1 -1 -1 -1 -1 -1 
0,366363636363636 0,566315789473684 -0,864 0,217460317460317 0,431746031746032 -1 1 -1 -1 -1 -1 -1 1 -1 1 
0,394545454545455 0,462105263157895 -0,4 0,251587301587302 0,465873015873016 -1 -1 -1 -1 -1 -1 -1 -1 -1 -1 
0,53 0,390526315789474 -0,552 0,385714285714286 0,6 -0,976 -1 -1 1 -1 -1 1 -1 1 -1 
0,39 0,687368421052631 -0,512 0,207142857142857 0,421428571428571 -1 -1 -1 1 -1 -1 1 -1 1 -1 
0,468181818181818 0,650526315789473 -0,416 0,328571428571429 0,542857142857143 -1 -1 -1 -1 -1 -1 1 -1 1 -1 
0,508181818181818 0,612631578947369 -0,688 0,314285714285714 0,528571428571429 -1 -1 -1 -1 -1 -1 1 -1 1 -1 
0,535454545454545 0,621052631578947 -0,536 0,405555555555556 0,61984126984127 -0,976 -1 1 1 -1 -1 1 -1 1 -1 
0,552727272727273 0,603157894736842 -0,672 0,414285714285714 0,628571428571429 -0,996 -1 -1 1 -1 -1 1 -1 1 -1 
0,556363636363636 0,521052631578947 -0,712 0,421428571428571 0,635714285714286 -0,996 1 -1 -1 -1 -1 1 -1 1 -1 
0,426363636363636 0,597894736842105 -0,4 0,355555555555556 0,56984126984127 -1 -1 -1 -1 -1 -1 1 -1 1 -1 
0,379090909090909 0,573684210526316 -0,104 0,288888888888889 0,503174603174603 -0,904 -1 -1 1 -1 -1 1 -1 1 -1 
0,307272727272727 0,65578947368421 -0,36 0,241269841269841 0,455555555555556 -1 -1 -1 1 -1 -1 1 -1 -1 1 
0,307272727272727 0,64421052631579 0,0720000000000001 0,223015873015873 0,437301587301587 -1 -1 -1 -1 -1 -1 1 -1 -1 1 
0,457272727272727 0,560000000000001 -0,576 0,307142857142857 0,521428571428571 -0,984 -1 -1 1 -1 -1 -1 -1 -1 -1 
0,37 0,536842105263158 -0,728 0,18968253968254 0,403968253968254 -1 1 -1 -1 -1 -1 -1 1 1 -1 
0,454545454545455 0,543157894736842 -0,496 0,312698412698413 0,526984126984127 -0,98 -1 -1 1 -1 -1 1 -1 1 -1 
0,461818181818182 0,578947368421053 -0,576 0,321428571428571 0,535714285714286 -0,98 -1 -1 1 -1 -1 1 -1 1 -1 
0,404545454545455 0,64 -0,688 0,253968253968254 0,468253968253968 -0,988 1 -1 1 -1 -1 1 -1 1 -1 
0,5 0,395789473684211 -0,648 0,362698412698413 0,576984126984127 -0,988 -1 -1 1 -1 -1 -1 -1 -1 -1 
0,410909090909091 0,490526315789474 -0,32 0,291269841269841 0,505555555555556 -1 -1 -1 1 -1 -1 1 -1 1 -1 
0,371818181818182 0,502105263157895 0,184 0,275396825396825 0,48968253968254 -1 -1 -1 1 -1 -1 -1 -1 -1 -1 
0,347272727272727 0,498947368421052 -0,712 0,26031746031746 0,474603174603175 -1 -1 -1 1 -1 -1 -1 -1 -1 -1 
0,379090909090909 0,526315789473684 -0,824 0,248412698412698 0,462698412698413 -1 -1 -1 1 -1 -1 1 -1 1 -1 
0,395454545454545 0,493684210526316 -0,608 0,294444444444444 0,508730158730159 -1 -1 -1 1 -1 -1 1 -1 1 -1 
0,364545454545455 0,521052631578947 -0,664 0,267460317460318 0,481746031746032 -1 -1 -1 1 -1 -1 1 -1 1 -1 
0,327272727272727 0,592631578947368 -0,512 0,196825396825397 0,411111111111111 -1 -1 -1 1 -1 -1 1 -1 1 -1 
0,252727272727273 0,720000000000001 -0,632 0,123015873015873 0,337301587301587 -1 -1 -1 1 -1 -1 1 -1 1 -1 
0,259090909090909 0,758947368421052 -0,608 0,125396825396825 0,33968253968254 -1 -1 -1 -1 -1 -1 -1 1 1 -1 
0,461818181818182 0,495789473684211 -0,496 0,338888888888889 0,553174603174603 -0,98 -1 1 1 -1 -1 -1 -1 -1 -1 
0,321818181818182 0,613684210526315 -0,456 0,203968253968254 0,418253968253968 -1 -1 -1 1 -1 -1 -1 -1 -1 -1 
0,255454545454545 0,563157894736842 -0,496 0,181746031746032 0,396031746031746 -1 -1 -1 1 -1 -1 -1 1 -1 1 
0,230909090909091 0,581052631578948 -0,552 0,114285714285714 0,328571428571429 -1 -1 -1 1 -1 -1 1 -1 1 -1 
0,36 0,591578947368422 -0,312 0,203174603174603 0,417460317460317 -0,988 -1 1 1 -1 -1 1 -1 1 -1 
0,513636363636364 0,681052631578948 -0,512 0,385714285714286 0,6 -1 -1 -1 -1 -1 -1 -1 1 1 -1 
0,532727272727273 0,523157894736843 -0,44 0,407142857142857 0,621428571428571 -0,992 -1 -1 1 -1 -1 -1 1 1 -1 
0,540909090909091 0,467368421052631 -0,552 0,385714285714286 0,6 -0,968 -1 -1 1 -1 -1 -1 1 1 -1 
0,514545454545455 0,457894736842105 -0,496 0,344444444444444 0,558730158730159 -0,984 -1 -1 1 -1 -1 -1 1 1 -1 
0,41 0,587368421052631 -0,336 0,315873015873016 0,53015873015873 -0,992 -1 -1 1 -1 -1 -1 1 1 -1 
0,561818181818182 0,524210526315789 -0,456 0,358730158730159 0,573015873015873 -0,952 -1 -1 1 -1 -1 -1 1 1 -1 
0,529090909090909 0,561052631578947 -0,672 0,385714285714286 0,6 -0,996 1 -1 1 -1 -1 1 -1 1 -1 
0,492727272727273 0,5 -0,648 0,353174603174603 0,567460317460317 -0,984 -1 -1 1 -1 -1 -1 -1 -1 -1 
0,477272727272727 0,522105263157895 -0,728 0,337301587301587 0,551587301587302 -0,996 1 -1 1 -1 -1 1 -1 1 -1 
0,469090909090909 0,583157894736842 -0,824 0,261111111111111 0,475396825396825 -1 1 -1 -1 -1 -1 1 -1 1 -1 
