0,756363636363636 0,515789473684211 -0,648 0,571428571428571 0,785714285714286 -1 -1 -1 -1 -1 -1 1 -1 1 -1 
0,724545454545455 0,494736842105263 -0,576 0,562698412698413 0,776984126984127 -1 -1 -1 -1 -1 -1 1 -1 -1 1 
0,702727272727273 0,539999999999999 -0,552 0,53015873015873 0,744444444444444 -1 -1 1 -1 -1 -1 -1 1 -1 1 
0,726363636363636 0,585263157894737 -0,712 0,485714285714286 0,7 -0,996 1 1 -1 -1 -1 1 -1 -1 1 
0,76 0,578947368421053 -0,472 0,581746031746032 0,796031746031746 -1 -1 -1 -1 -1 -1 -1 1 1 -1 
0,702727272727273 0,539999999999999 -0,552 0,53015873015873 0,744444444444444 -1 -1 1 -1 -1 -1 -1 1 -1 1 
0,726363636363636 0,585263157894737 -0,712 0,485714285714286 0,7 -0,996 1 1 -1 -1 -1 -1 1 1 -1 
0,76 0,578947368421053 -0,472 0,581746031746032 0,796031746031746 -1 -1 -1 -1 -1 -1 1 -1 1 -1 
0,768181818181818 0,560000000000001 -0,608 0,55 0,764285714285714 -1 1 -1 -1 -1 -1 -1 1 1 -1 
0,781818181818182 0,543157894736842 -0,576 0,614285714285714 0,828571428571429 -1 -1 -1 -1 -1 -1 1 -1 1 -1 
0,812727272727273 0,670526315789474 -0,672 0,63015873015873 0,844444444444444 -1 -1 -1 -1 -1 -1 -1 1 1 -1 
0,781818181818182 0,606315789473684 -0,496 0,625396825396825 0,83968253968254 -1 1 1 -1 -1 -1 -1 1 1 -1 
0,715454545454545 0,571578947368421 -0,552 0,582539682539683 0,796825396825397 -1 -1 -1 -1 -1 -1 -1 1 1 -1 
0,726363636363636 0,576842105263157 -0,712 0,551587301587302 0,765873015873016 -1 1 -1 -1 -1 -1 -1 1 1 -1 
0,725454545454545 0,571578947368421 -0,808 0,546825396825397 0,761111111111111 -1 -1 -1 -1 -1 -1 -1 1 1 -1 
0,72 0,617894736842106 -0,48 0,564285714285714 0,778571428571429 -1 -1 -1 -1 -1 -1 1 -1 1 -1 
0,719090909090909 0,614736842105263 -0,552 0,557142857142857 0,771428571428571 -1 -1 -1 -1 -1 -1 -1 1 1 -1 
0,711818181818182 0,56421052631579 -0,336 0,558730158730159 0,773015873015873 -1 -1 -1 -1 -1 -1 -1 1 1 -1 
0,710909090909091 0,58421052631579 -0,4 0,553174603174603 0,767460317460318 -1 -1 -1 -1 -1 -1 -1 1 1 -1 
0,717272727272727 0,566315789473684 -0,456 0,53015873015873 0,744444444444444 -1 -1 -1 -1 -1 -1 -1 1 1 -1 
0,671818181818182 0,691578947368422 -0,416 0,542857142857143 0,757142857142857 -1 1 -1 -1 -1 -1 -1 1 1 -1 
0,68 0,627368421052631 -0,552 0,507142857142857 0,721428571428571 -1 -1 -1 -1 -1 -1 -1 -1 -1 -1 
0,741818181818182 0,611578947368421 -0,824 0,553968253968254 0,768253968253968 -1 -1 -1 -1 -1 -1 -1 1 1 -1 
0,724545454545455 0,611578947368421 -0,592 0,553968253968254 0,768253968253968 -1 -1 -1 -1 -1 -1 -1 1 -1 1 
0,67 0,581052631578948 -0,568 0,53015873015873 0,744444444444444 -1 -1 -1 -1 -1 -1 1 -1 1 -1 
0,716363636363636 0,533684210526316 -0,576 0,542857142857143 0,757142857142857 -0,984 -1 -1 -1 -1 -1 -1 1 1 -1 
0,742727272727273 0,539999999999999 -0,608 0,544444444444444 0,758730158730159 -1 -1 -1 -1 -1 -1 -1 1 1 -1 
0,760909090909091 0,46421052631579 -0,336 0,585714285714286 0,8 -1 -1 -1 -1 -1 -1 1 -1 -1 1 
0,794545454545455 0,408421052631578 -0,536 0,635714285714286 0,85 -0,996 -1 -1 -1 -1 -1 1 -1 -1 1 
0,729090909090909 0,474736842105263 -0,688 0,553174603174603 0,767460317460318 -0,936 -1 1 -1 -1 -1 1 -1 -1 1 
0,693636363636364 0,601052631578948 -0,344 0,576984126984127 0,791269841269841 -1 -1 -1 -1 -1 -1 1 -1 -1 1 
0,677272727272727 0,605263157894737 -0,432 0,546031746031746 0,76031746031746 -1 -1 -1 -1 -1 -1 1 -1 -1 1 
0,696363636363636 0,623157894736843 -0,648 0,537301587301587 0,751587301587302 -1 -1 -1 -1 -1 -1 1 -1 -1 1 
0,682727272727273 0,621052631578947 -0,552 0,534126984126984 0,748412698412698 -1 -1 -1 -1 -1 -1 1 -1 1 -1 
0,650909090909091 0,571578947368421 -0,352 0,505555555555556 0,71984126984127 -1 -1 -1 -1 -1 -1 1 -1 1 -1 
0,721818181818182 0,601052631578948 -0,632 0,557142857142857 0,771428571428571 -1 -1 -1 -1 -1 -1 1 -1 1 -1 
0,721818181818182 0,525263157894737 -0,536 0,584126984126984 0,798412698412698 -1 -1 -1 -1 -1 -1 -1 -1 -1 -1 
0,751818181818182 0,53578947368421 -0,712 0,571428571428571 0,785714285714286 -1 -1 -1 -1 -1 -1 -1 1 -1 -1 
0,761818181818182 0,488421052631579 -0,4 0,564285714285714 0,778571428571429 -1 -1 -1 -1 -1 -1 1 -1 -1 1 
0,76 0,449473684210527 -0,536 0,588888888888889 0,803174603174603 -0,996 -1 1 -1 -1 -1 1 -1 -1 1 
0,79 0,553684210526316 -0,848 0,541269841269841 0,755555555555556 -1 -1 -1 -1 -1 -1 1 -1 1 -1 
0,811818181818182 0,538947368421053 -0,896 0,617460317460317 0,831746031746032 -1 1 -1 -1 -1 -1 1 -1 1 -1 
0,797272727272727 0,505263157894737 -0,576 0,596031746031746 0,81031746031746 -0,828 1 1 -1 -1 -1 1 -1 1 -1 
0,694545454545455 0,563157894736842 -0,304 0,538888888888889 0,753174603174603 -1 -1 -1 -1 -1 -1 1 -1 1 -1 
0,695454545454545 0,589473684210526 -0,464 0,478571428571429 0,692857142857143 -1 -1 -1 -1 -1 -1 1 -1 1 -1 
0,611818181818182 0,481052631578948 -0,264 0,461111111111111 0,675396825396825 -0,992 -1 1 -1 -1 -1 1 -1 -1 1 
0,620909090909091 0,582105263157894 -0,736 0,441269841269841 0,655555555555556 -1 1 -1 -1 -1 -1 1 -1 -1 1 
0,677272727272727 0,645263157894736 -0,768 0,5 0,714285714285714 -1 1 -1 -1 -1 -1 1 -1 -1 1 
0,698181818181818 0,626315789473684 -0,632 0,487301587301587 0,701587301587302 -1 -1 -1 -1 -1 -1 -1 1 -1 1 
0,735454545454545 0,609473684210526 -0,672 0,531746031746032 0,746031746031746 -1 -1 -1 -1 -1 -1 1 -1 -1 1 
0,761818181818182 0,623157894736843 -0,688 0,557142857142857 0,771428571428571 -1 1 -1 -1 -1 -1 1 -1 -1 1 
0,746363636363636 0,623157894736843 -0,784 0,58968253968254 0,803968253968254 -1 -1 1 -1 -1 -1 -1 1 -1 1 
0,729090909090909 0,631578947368421 -0,864 0,568253968253968 0,782539682539683 -0,996 -1 1 -1 -1 -1 -1 1 1 -1 
0,701818181818182 0,647368421052632 -0,776 0,555555555555556 0,76984126984127 -1 -1 -1 -1 -1 -1 -1 1 1 -1 
0,709090909090909 0,673684210526316 -0,92 0,546825396825397 0,761111111111111 -1 -1 -1 -1 -1 -1 1 -1 1 -1 
0,68 0,575789473684211 -0,864 0,496031746031746 0,71031746031746 -1 1 -1 -1 -1 -1 1 -1 1 -1 
0,692727272727273 0,633684210526316 -0,848 0,531746031746032 0,746031746031746 -1 -1 1 -1 -1 -1 -1 -1 -1 -1 
0,720909090909091 0,554736842105264 -0,456 0,526984126984127 0,741269841269841 -1 -1 1 -1 -1 -1 -1 1 1 -1 
0,701818181818182 0,483157894736842 -0,264 0,575396825396825 0,78968253968254 -1 -1 -1 -1 -1 -1 1 -1 1 -1 
0,71 0,465263157894737 -0,424 0,573015873015873 0,787301587301587 -1 -1 -1 -1 -1 -1 -1 1 -1 -1 
0,660909090909091 0,603157894736842 -0,672 0,475396825396825 0,68968253968254 -1 -1 -1 -1 -1 -1 1 -1 -1 1 
0,676363636363636 0,605263157894737 -0,592 0,482539682539682 0,696825396825397 -1 1 -1 -1 -1 -1 1 -1 1 -1 
0,655454545454545 0,553684210526316 -0,472 0,494444444444444 0,708730158730159 -1 -1 -1 -1 -1 -1 1 -1 -1 1 
0,699090909090909 0,497894736842105 -0,632 0,515873015873016 0,73015873015873 -1 -1 -1 -1 -1 -1 -1 1 1 -1 
0,736363636363636 0,485263157894737 -0,576 0,551587301587302 0,765873015873016 -1 -1 1 -1 -1 -1 -1 1 1 -1 
0,654545454545455 0,537894736842106 -0,672 0,438888888888889 0,653174603174603 -1 1 -1 -1 -1 -1 -1 1 -1 1 
0,751818181818182 0,475789473684211 -0,736 0,524603174603175 0,738888888888889 -1 -1 -1 -1 -1 -1 1 -1 -1 1 
0,766363636363636 0,505263157894737 -0,688 0,573015873015873 0,787301587301587 -0,996 -1 1 -1 -1 -1 1 -1 -1 1 
0,764545454545455 0,466315789473684 -0,44 0,548412698412698 0,762698412698413 -1 1 1 -1 -1 -1 1 -1 -1 1 
0,777272727272727 0,382105263157894 -0,184 0,61984126984127 0,834126984126984 -0,92 -1 1 -1 -1 1 1 -1 -1 1 
0,751818181818182 0,475789473684211 -0,736 0,524603174603175 0,738888888888889 -1 -1 -1 -1 -1 -1 1 -1 -1 1 
0,766363636363636 0,505263157894737 -0,688 0,573015873015873 0,787301587301587 -0,996 -1 1 -1 -1 -1 1 -1 -1 1 
0,764545454545455 0,466315789473684 -0,44 0,548412698412698 0,762698412698413 -1 1 1 -1 -1 -1 1 -1 -1 1 
0,777272727272727 0,382105263157894 -0,184 0,61984126984127 0,834126984126984 -0,92 -1 1 -1 -1 1 1 -1 -1 1 
0,680909090909091 0,322105263157895 0,0880000000000001 0,551587301587302 0,765873015873016 -0,936 -1 1 -1 -1 -1 1 -1 -1 1 
0,712727272727273 0,631578947368421 -0,88 0,53968253968254 0,753968253968254 -1 -1 -1 -1 -1 -1 1 -1 -1 1 
0,71 0,58 -0,848 0,467460317460317 0,681746031746032 -1 1 -1 -1 -1 -1 1 -1 1 -1 
0,744545454545455 0,504210526315789 -0,648 0,551587301587302 0,765873015873016 -1 -1 -1 -1 -1 -1 1 -1 -1 1 
0,778181818181818 0,44421052631579 -0,744 0,564285714285714 0,778571428571429 -0,992 1 1 -1 -1 -1 1 -1 -1 1 
0,787272727272727 0,405263157894737 -0,688 0,573015873015873 0,787301587301587 -0,732 1 1 -1 -1 -1 1 -1 -1 1 
0,601818181818182 0,633684210526316 -0,728 0,451587301587302 0,665873015873016 -1 -1 -1 -1 -1 -1 -1 1 -1 1 
0,601818181818182 0,673684210526316 -0,144 0,458730158730159 0,673015873015873 -1 -1 -1 -1 -1 -1 -1 1 -1 1 
0,647272727272727 0,638947368421053 -0,104 0,501587301587302 0,715873015873016 -1 -1 1 -1 -1 -1 -1 1 1 -1 
0,740909090909091 0,58 -0,672 0,523015873015873 0,737301587301587 -0,984 1 1 -1 -1 -1 -1 1 -1 1 
0,721818181818182 0,481052631578948 -0,496 0,558730158730159 0,773015873015873 -1 -1 1 -1 -1 -1 -1 1 1 -1 
0,682727272727273 0,446315789473684 -0,184 0,53968253968254 0,753968253968254 -0,968 -1 1 -1 -1 -1 -1 -1 -1 -1 
0,693636363636364 0,436842105263158 -0,496 0,521428571428571 0,735714285714286 -1 -1 -1 -1 -1 -1 -1 1 1 -1 
0,659090909090909 0,512631578947369 -0,536 0,51031746031746 0,724603174603175 -1 -1 1 -1 -1 -1 -1 1 -1 1 
0,628181818181818 0,578947368421053 -0,592 0,45 0,664285714285714 -0,992 1 -1 -1 -1 -1 -1 1 1 -1 
0,718181818181818 0,550526315789473 -0,496 0,511111111111111 0,725396825396825 -0,952 -1 1 -1 -1 -1 -1 1 1 -1 
0,688181818181818 0,496842105263158 -0,36 0,53968253968254 0,753968253968254 -0,996 -1 1 -1 -1 -1 -1 1 1 -1 
0,610909090909091 0,58 -0,848 0,468253968253968 0,682539682539683 -1 -1 -1 -1 -1 -1 -1 -1 -1 -1 
0,636363636363636 0,527368421052632 -0,504 0,491269841269841 0,705555555555556 -0,828 -1 1 -1 -1 -1 1 -1 -1 1 
0,611818181818182 0,628421052631579 -0,336 0,481746031746032 0,696031746031746 -0,968 -1 -1 -1 -1 -1 -1 1 1 -1 
0,652727272727273 0,622105263157894 -0,416 0,491269841269841 0,705555555555556 -1 -1 1 -1 -1 -1 1 -1 -1 1 
0,702727272727273 0,528421052631579 -0,576 0,542857142857143 0,757142857142857 -0,828 -1 1 -1 -1 -1 1 -1 -1 1 
0,694545454545455 0,553684210526316 -0,528 0,532539682539683 0,746825396825397 -0,828 -1 1 -1 -1 -1 1 -1 -1 1 
0,672727272727273 0,615789473684211 -0,728 0,507142857142857 0,721428571428571 -0,992 -1 1 -1 -1 -1 1 -1 -1 1 
0,662727272727273 0,607368421052632 -0,672 0,492857142857143 0,707142857142857 -1 1 1 -1 -1 -1 1 -1 -1 1 
0,7 0,513684210526315 -0,36 0,535714285714286 0,75 -0,984 -1 1 -1 -1 -1 1 -1 -1 1 
0,582727272727273 0,547368421052632 -0,152 0,451587301587302 0,665873015873016 -1 -1 -1 -1 -1 -1 1 -1 1 -1 
0,654545454545455 0,481052631578948 -0,376 0,511111111111111 0,725396825396825 -1 -1 1 -1 -1 -1 -1 1 1 -1 
0,704545454545455 0,456842105263158 -0,504 0,51984126984127 0,734126984126984 -1 -1 -1 -1 -1 -1 1 -1 1 -1 
0,719090909090909 0,504210526315789 -0,48 0,56031746031746 0,774603174603175 -1 -1 -1 -1 -1 -1 1 -1 1 -1 
0,698181818181818 0,523157894736843 -0,112 0,553968253968254 0,768253968253968 -0,956 -1 1 -1 -1 -1 -1 1 1 -1 
0,679090909090909 0,637894736842104 -0,664 0,518253968253968 0,732539682539682 -1 -1 -1 -1 -1 -1 -1 1 -1 1 
0,610909090909091 0,68842105263158 -0,736 0,48015873015873 0,694444444444444 -1 -1 -1 -1 -1 -1 1 -1 -1 1 
0,6 0,686315789473685 -0,688 0,43968253968254 0,653968253968254 -1 -1 -1 -1 -1 -1 1 -1 -1 1 
0,619090909090909 0,663157894736842 -0,784 0,446031746031746 0,66031746031746 -1 -1 -1 -1 -1 -1 -1 1 -1 1 
0,617272727272727 0,661052631578947 -0,88 0,438888888888889 0,653174603174603 -1 -1 -1 -1 -1 -1 -1 1 1 -1 
0,586363636363636 0,678947368421053 -0,848 0,408730158730159 0,623015873015873 -1 -1 -1 -1 -1 -1 -1 1 1 -1 
0,609090909090909 0,578947368421053 -0,624 0,418253968253968 0,632539682539683 -0,988 -1 1 -1 -1 -1 1 -1 -1 1 
0,665454545454546 0,521052631578947 -0,608 0,507142857142857 0,721428571428571 -1 -1 -1 -1 -1 -1 1 -1 -1 1 
0,711818181818182 0,475789473684211 -0,616 0,561111111111111 0,775396825396825 -0,972 -1 1 -1 -1 -1 1 -1 -1 1 
0,657272727272727 0,522105263157895 -0,456 0,521428571428571 0,735714285714286 -0,984 -1 1 -1 -1 -1 1 -1 -1 1 
0,747272727272727 0,552631578947368 -0,656 0,553968253968254 0,768253968253968 -1 1 -1 -1 -1 -1 1 -1 -1 1 
0,743636363636364 0,534736842105263 -0,792 0,578571428571429 0,792857142857143 -0,988 -1 1 -1 -1 1 1 -1 -1 1 
0,74 0,511578947368421 -0,864 0,581746031746032 0,796031746031746 -0,876 -1 1 -1 -1 -1 1 -1 1 -1 
0,751818181818182 0,487368421052631 -0,768 0,573015873015873 0,787301587301587 -0,956 -1 1 -1 -1 -1 1 -1 1 -1 
0,680909090909091 0,541052631578947 -0,76 0,474603174603175 0,688888888888889 -0,972 1 1 -1 -1 -1 1 -1 1 -1 
0,696363636363636 0,656842105263159 -0,832 0,492857142857143 0,707142857142857 -1 1 -1 -1 -1 -1 1 -1 1 -1 
0,714545454545454 0,602105263157895 -0,896 0,531746031746032 0,746031746031746 -1 1 -1 -1 -1 -1 1 -1 1 -1 
0,698181818181818 0,594736842105263 -0,928 0,515873015873016 0,73015873015873 -1 -1 -1 -1 -1 -1 1 -1 1 -1 
0,666363636363636 0,586315789473685 -0,888 0,537301587301587 0,751587301587302 -1 -1 -1 -1 -1 -1 1 -1 1 -1 
0,678181818181818 0,497894736842105 -0,608 0,521428571428571 0,735714285714286 -1 -1 -1 -1 -1 -1 1 -1 1 -1 
0,727272727272727 0,628421052631579 -0,808 0,567460317460317 0,781746031746032 -1 -1 1 -1 -1 -1 1 -1 1 -1 
0,711818181818182 0,576842105263157 -0,576 0,535714285714286 0,75 -1 1 -1 -1 -1 -1 1 -1 -1 1 
0,721818181818182 0,542105263157895 -0,68 0,53968253968254 0,753968253968254 -1 1 1 -1 -1 -1 1 -1 -1 1 
0,690909090909091 0,513684210526315 -0,216 0,546031746031746 0,76031746031746 -1 -1 1 -1 -1 -1 -1 1 -1 1 
0,693636363636364 0,458947368421053 -0,6 0,515873015873016 0,73015873015873 -0,972 -1 1 -1 -1 -1 1 -1 1 -1 
0,533636363636364 0,597894736842105 -0,28 0,415873015873016 0,63015873015873 -1 -1 1 1 -1 -1 -1 1 -1 1 
0,564545454545455 0,565263157894737 -0,392 0,424603174603175 0,638888888888889 -0,852 -1 1 1 -1 -1 -1 1 1 -1 
0,615454545454545 0,566315789473684 -0,632 0,431746031746032 0,646031746031746 -0,832 -1 1 -1 -1 -1 -1 1 1 -1 
0,689090909090909 0,516842105263158 -0,688 0,494444444444444 0,708730158730159 -0,968 -1 1 -1 -1 -1 1 -1 -1 1 
0,704545454545455 0,463157894736842 -0,632 0,521428571428571 0,735714285714286 -0,916 -1 1 -1 -1 -1 1 -1 -1 1 
0,564545454545455 0,565263157894737 -0,392 0,424603174603175 0,638888888888889 -0,852 -1 1 1 -1 -1 -1 1 -1 1 
0,615454545454545 0,566315789473684 -0,632 0,431746031746032 0,646031746031746 -0,832 -1 1 -1 -1 -1 -1 -1 -1 -1 
0,689090909090909 0,516842105263158 -0,688 0,494444444444444 0,708730158730159 -0,968 -1 1 -1 -1 -1 -1 1 1 -1 
0,704545454545455 0,463157894736842 -0,632 0,521428571428571 0,735714285714286 -0,916 -1 1 -1 -1 -1 -1 -1 -1 -1 
0,740909090909091 0,383157894736842 -0,6 0,575396825396825 0,78968253968254 -1 -1 1 -1 -1 -1 -1 1 1 -1 
0,715454545454545 0,382105263157894 -0,584 0,494444444444444 0,708730158730159 -0,828 -1 1 -1 -1 -1 -1 1 1 -1 
0,725454545454545 0,375789473684211 -0,528 0,553968253968254 0,768253968253968 -0,88 -1 -1 -1 -1 -1 -1 1 1 -1 
0,653636363636364 0,488421052631579 -0,544 0,475396825396825 0,68968253968254 -1 -1 1 -1 -1 -1 -1 1 1 -1 
0,599090909090909 0,537894736842106 -0,528 0,426984126984127 0,641269841269841 -1 -1 -1 -1 -1 -1 1 -1 -1 1 
0,639090909090909 0,462105263157895 0,0720000000000001 0,514285714285714 0,728571428571429 -0,952 -1 1 -1 -1 -1 -1 1 1 -1 
0,65 0,394736842105263 -0,456 0,485714285714286 0,7 -1 -1 1 -1 -1 -1 -1 1 1 -1 
0,649090909090909 0,373684210526316 -0,576 0,496825396825397 0,711111111111111 -0,908 -1 1 -1 -1 -1 -1 1 1 -1 
0,660909090909091 0,395789473684211 -0,616 0,494444444444444 0,708730158730159 -1 -1 1 -1 -1 -1 -1 -1 -1 -1 
0,683636363636364 0,475789473684211 -0,224 0,515873015873016 0,73015873015873 -0,984 -1 1 -1 -1 -1 -1 -1 -1 -1 
0,687272727272727 0,526315789473684 -0,304 0,548412698412698 0,762698412698413 -0,916 -1 1 -1 -1 -1 1 -1 -1 1 
0,660909090909091 0,395789473684211 -0,616 0,494444444444444 0,708730158730159 -1 -1 1 -1 -1 -1 -1 -1 -1 -1 
0,683636363636364 0,475789473684211 -0,224 0,515873015873016 0,73015873015873 -0,984 -1 1 -1 -1 -1 -1 -1 -1 -1 
0,687272727272727 0,526315789473684 -0,304 0,548412698412698 0,762698412698413 -0,916 -1 1 -1 -1 -1 -1 1 -1 1 
0,659090909090909 0,565263157894737 -0,312 0,501587301587302 0,715873015873016 -0,984 -1 1 -1 -1 -1 -1 1 -1 1 
0,619090909090909 0,603157894736842 -0,536 0,467460317460317 0,681746031746032 -0,948 1 1 -1 -1 -1 1 -1 -1 1 
0,53 0,627368421052631 -0,336 0,401587301587302 0,615873015873016 -1 -1 -1 -1 -1 -1 1 -1 -1 1 
0,608181818181818 0,523157894736843 -0,208 0,453174603174603 0,667460317460317 -1 -1 1 -1 -1 -1 -1 -1 -1 -1 
0,699090909090909 0,441052631578947 -0,28 0,514285714285714 0,728571428571429 -1 -1 1 -1 -1 -1 -1 1 -1 1 
0,651818181818182 0,406315789473684 -0,472 0,525396825396825 0,73968253968254 -0,82 -1 1 -1 -1 -1 -1 -1 -1 -1 
0,63 0,44421052631579 -0,44 0,48968253968254 0,703968253968254 -1 -1 1 -1 -1 -1 1 -1 1 -1 
0,635454545454545 0,486315789473685 -0,272 0,525396825396825 0,73968253968254 -0,976 -1 1 -1 -1 -1 1 -1 1 -1 
0,63 0,546315789473684 -0,624 0,464285714285714 0,678571428571429 -1 -1 1 -1 -1 -1 1 -1 1 -1 
0,649090909090909 0,536842105263158 -0,528 0,46031746031746 0,674603174603175 -0,996 -1 1 -1 -1 -1 1 -1 1 -1 
0,684545454545455 0,58421052631579 -0,688 0,518253968253968 0,732539682539682 -1 1 1 -1 -1 -1 1 -1 1 -1 
0,718181818181818 0,533684210526316 -0,512 0,512698412698413 0,726984126984127 -1 1 1 -1 -1 -1 1 -1 1 -1 
0,701818181818182 0,481052631578948 -0,6 0,514285714285714 0,728571428571429 -1 -1 1 -1 -1 -1 1 -1 1 -1 
0,721818181818182 0,491578947368422 -0,568 0,561111111111111 0,775396825396825 -1 -1 1 -1 -1 -1 1 -1 1 -1 
0,645454545454546 0,563157894736842 -0,432 0,475396825396825 0,68968253968254 -0,964 -1 1 -1 -1 -1 1 -1 1 -1 
0,682727272727273 0,545263157894736 -0,552 0,474603174603175 0,688888888888889 -0,972 -1 1 -1 -1 -1 1 -1 -1 1 
0,662727272727273 0,506315789473685 -0,032 0,582539682539683 0,796825396825397 -0,996 -1 1 -1 -1 -1 1 -1 -1 1 
0,644545454545455 0,526315789473684 -0,552 0,503968253968254 0,718253968253968 -0,992 -1 1 -1 -1 -1 -1 -1 -1 -1 
0,624545454545455 0,565263157894737 -0,496 0,46031746031746 0,674603174603175 -0,952 -1 1 -1 -1 -1 -1 1 1 -1 
0,592727272727273 0,630526315789475 -0,44 0,446825396825397 0,661111111111111 -0,88 -1 1 -1 -1 -1 1 -1 1 -1 
0,559090909090909 0,674736842105262 -0,728 0,434126984126984 0,648412698412698 -0,992 -1 1 -1 -1 -1 1 -1 1 -1 
0,58 0,673684210526316 -0,552 0,415873015873016 0,63015873015873 -1 -1 -1 -1 -1 -1 1 -1 1 -1 
0,627272727272727 0,534736842105263 -0,672 0,46031746031746 0,674603174603175 -0,8 -1 1 -1 -1 -1 -1 -1 -1 -1 
0,651818181818182 0,503157894736842 -0,712 0,488888888888889 0,703174603174603 -0,944 -1 -1 -1 -1 -1 1 -1 1 -1 
0,692727272727273 0,486315789473685 -0,808 0,484126984126984 0,698412698412698 -0,912 1 1 -1 -1 -1 -1 -1 -1 -1 
0,700909090909091 0,556842105263158 -0,88 0,541269841269841 0,755555555555556 -0,928 1 1 -1 -1 -1 -1 -1 -1 -1 
0,715454545454545 0,570526315789474 -0,824 0,546031746031746 0,76031746031746 -0,924 1 1 -1 -1 -1 1 -1 1 -1 
0,71 0,330526315789473 -0,36 0,541269841269841 0,755555555555556 -1 -1 1 -1 -1 -1 1 -1 1 -1 
0,593636363636364 0,504210526315789 -0,448 0,446825396825397 0,661111111111111 -1 -1 -1 -1 -1 -1 1 -1 1 -1 
0,566363636363636 0,560000000000001 -0,584 0,412698412698413 0,626984126984127 -1 -1 -1 -1 -1 -1 1 -1 1 -1 
0,574545454545455 0,581052631578948 -0,568 0,428571428571429 0,642857142857143 -1 -1 -1 -1 -1 -1 1 -1 1 -1 
0,600909090909091 0,66 -0,712 0,46031746031746 0,674603174603175 -1 -1 -1 -1 -1 -1 -1 1 1 -1 
0,61 0,649473684210527 -0,376 0,473015873015873 0,687301587301587 -1 -1 -1 -1 -1 -1 -1 -1 -1 -1 
0,580909090909091 0,629473684210526 -0,44 0,481746031746032 0,696031746031746 -1 -1 -1 -1 -1 -1 -1 -1 -1 -1 
0,603636363636364 0,626315789473684 -0,648 0,491269841269841 0,705555555555556 -1 -1 -1 -1 -1 -1 -1 1 -1 1 
0,656363636363636 0,624210526315789 -0,648 0,517460317460318 0,731746031746032 -0,968 -1 1 -1 -1 -1 1 -1 1 -1 
0,680909090909091 0,643157894736841 -0,672 0,512698412698413 0,726984126984127 -0,968 1 1 -1 -1 -1 1 -1 1 -1 
0,704545454545455 0,661052631578947 -0,824 0,521428571428571 0,735714285714286 -1 1 -1 -1 -1 -1 -1 1 1 -1 
0,681818181818182 0,651578947368422 -0,672 0,476984126984127 0,691269841269841 -1 1 -1 -1 -1 -1 -1 1 1 -1 
0,606363636363636 0,607368421052632 -0,336 0,475396825396825 0,68968253968254 -1 -1 -1 -1 -1 -1 -1 1 1 -1 
0,596363636363636 0,617894736842106 -0,456 0,431746031746032 0,646031746031746 -1 -1 -1 -1 -1 -1 -1 1 1 -1 
0,59 0,663157894736842 -0,592 0,428571428571429 0,642857142857143 -1 -1 -1 -1 -1 -1 -1 1 1 -1 
0,530909090909091 0,589473684210526 -0,304 0,435714285714286 0,65 -1 -1 -1 -1 -1 -1 -1 1 1 -1 
0,557272727272727 0,596842105263158 -0,224 0,43968253968254 0,653968253968254 -0,992 -1 1 1 -1 -1 1 -1 1 -1 
0,594545454545455 0,591578947368422 -0,0640000000000001 0,465873015873016 0,68015873015873 -0,98 -1 1 -1 -1 -1 -1 -1 -1 -1 
0,544545454545455 0,658947368421052 -0,456 0,414285714285714 0,628571428571429 -1 -1 -1 -1 -1 -1 1 -1 1 -1 
0,596363636363636 0,636842105263158 -0,552 0,411111111111111 0,625396825396825 -0,984 1 1 -1 -1 -1 1 -1 1 -1 
