0,728181818181818 0,581052631578948 -0,824 0,571428571428571 0,785714285714286 -1 -1 -1 -1 -1 -1 1 -1 1 -1 
0,711818181818182 0,552631578947368 -0,672 0,564285714285714 0,778571428571429 -1 -1 -1 -1 -1 -1 1 -1 -1 1 
0,718181818181818 0,543157894736842 -0,416 0,621428571428571 0,835714285714286 -1 -1 -1 -1 -1 -1 -1 1 -1 1 
0,730909090909091 0,542105263157895 -0,712 0,576984126984127 0,791269841269841 -1 -1 -1 -1 -1 -1 1 -1 -1 1 
0,723636363636364 0,537894736842106 -0,768 0,574603174603175 0,788888888888889 -1 -1 -1 -1 -1 -1 -1 1 1 -1 
0,756363636363636 0,501052631578948 -0,632 0,612698412698413 0,826984126984127 -1 -1 1 -1 -1 -1 -1 1 -1 1 
0,796363636363636 0,495789473684211 -0,632 0,637301587301587 0,851587301587302 -1 -1 1 -1 -1 -1 -1 1 1 -1 
0,724545454545455 0,487368421052631 -0,688 0,642857142857143 0,857142857142857 -1 -1 -1 -1 -1 -1 1 -1 1 -1 
0,753636363636364 0,531578947368421 -0,432 0,612698412698413 0,826984126984127 -0,996 -1 1 -1 -1 -1 -1 1 1 -1 
0,733636363636364 0,529473684210526 -0,56 0,603174603174603 0,817460317460317 -1 -1 1 -1 -1 -1 1 -1 1 -1 
0,791818181818182 0,54421052631579 -0,8 0,588888888888889 0,803174603174603 -0,984 1 1 -1 -1 -1 -1 1 1 -1 
0,781818181818182 0,577894736842105 -0,752 0,587301587301587 0,801587301587302 -1 -1 -1 -1 -1 -1 -1 1 1 -1 
0,776363636363636 0,590526315789474 -0,768 0,598412698412699 0,812698412698413 -1 -1 -1 -1 -1 -1 -1 1 1 -1 
0,756363636363636 0,58 -0,784 0,624603174603175 0,838888888888889 -1 -1 -1 -1 -1 -1 -1 1 1 -1 
0,759090909090909 0,539999999999999 -0,864 0,621428571428571 0,835714285714286 -1 -1 -1 -1 -1 -1 -1 1 1 -1 
0,794545454545455 0,497894736842105 -0,768 0,601587301587302 0,815873015873016 -1 -1 -1 -1 -1 -1 1 -1 1 -1 
0,81 0,531578947368421 -0,776 0,624603174603175 0,838888888888889 -0,748 -1 1 -1 -1 1 -1 1 1 -1 
0,826363636363636 0,576842105263157 -0,664 0,607142857142857 0,821428571428571 -1 1 -1 -1 -1 -1 -1 1 1 -1 
0,81 0,565263157894737 -0,24 0,646031746031746 0,86031746031746 -1 -1 -1 -1 -1 -1 -1 1 1 -1 
0,8 0,554736842105264 -0,472 0,637301587301587 0,851587301587302 -1 -1 -1 -1 -1 -1 -1 1 1 -1 
0,712727272727273 0,570526315789474 -0,592 0,571428571428571 0,785714285714286 -1 -1 -1 -1 -1 -1 -1 1 1 -1 
0,686363636363636 0,604210526315789 -0,808 0,524603174603175 0,738888888888889 -1 -1 -1 -1 -1 -1 -1 -1 -1 -1 
0,765454545454546 0,593684210526316 -0,744 0,573015873015873 0,787301587301587 -1 -1 1 -1 -1 -1 -1 1 1 -1 
0,743636363636364 0,608421052631578 -0,712 0,587301587301587 0,801587301587302 -1 -1 -1 -1 -1 -1 -1 1 -1 1 
0,729090909090909 0,634736842105263 -0,632 0,573015873015873 0,787301587301587 -1 -1 -1 -1 -1 -1 1 -1 1 -1 
0,793636363636364 0,538947368421053 -0,76 0,6 0,814285714285714 -1 -1 1 -1 -1 1 -1 1 1 -1 
0,837272727272727 0,522105263157895 -0,816 0,635714285714286 0,85 -1 -1 -1 -1 -1 -1 -1 1 1 -1 
0,816363636363636 0,542105263157895 -0,776 0,644444444444444 0,858730158730159 -0,968 -1 1 -1 -1 1 1 -1 -1 1 
0,864545454545455 0,53578947368421 -0,72 0,664285714285714 0,878571428571429 -0,988 -1 1 -1 -1 -1 1 -1 -1 1 
0,864545454545455 0,521052631578947 -0,784 0,675396825396825 0,88968253968254 -1 -1 -1 -1 -1 1 1 -1 -1 1 
0,864545454545455 0,53578947368421 -0,72 0,664285714285714 0,878571428571429 -0,988 -1 1 -1 -1 -1 1 -1 -1 1 
0,864545454545455 0,521052631578947 -0,784 0,675396825396825 0,88968253968254 -1 -1 -1 -1 -1 1 1 -1 -1 1 
0,858181818181818 0,491578947368422 -0,696 0,665873015873016 0,88015873015873 -1 -1 -1 -1 -1 -1 1 -1 -1 1 
0,817272727272727 0,52 -0,504 0,614285714285714 0,828571428571429 -1 -1 -1 -1 -1 -1 1 -1 1 -1 
0,726363636363636 0,596842105263158 -0,728 0,555555555555556 0,76984126984127 -1 -1 -1 -1 -1 -1 1 -1 1 -1 
0,844545454545455 0,589473684210526 -0,632 0,651587301587301 0,865873015873016 -1 -1 -1 -1 -1 -1 1 -1 1 -1 
0,854545454545455 0,558947368421053 -0,824 0,664285714285714 0,878571428571429 -1 -1 -1 -1 -1 -1 -1 -1 -1 -1 
0,852727272727273 0,54421052631579 -0,864 0,673015873015873 0,887301587301587 -1 -1 -1 -1 -1 -1 -1 1 -1 -1 
0,817272727272727 0,512631578947369 -0,792 0,658730158730159 0,873015873015873 -1 -1 -1 -1 -1 -1 1 -1 -1 1 
0,829090909090909 0,504210526315789 -0,848 0,655555555555556 0,86984126984127 -1 -1 -1 -1 -1 -1 1 -1 -1 1 
0,665454545454546 0,609473684210526 -0,664 0,553968253968254 0,768253968253968 -1 -1 -1 -1 -1 -1 1 -1 1 -1 
0,686363636363636 0,64 -0,736 0,51031746031746 0,724603174603175 -1 -1 -1 -1 -1 -1 1 -1 1 -1 
0,701818181818182 0,669473684210525 -0,816 0,526984126984127 0,741269841269841 -1 -1 -1 -1 -1 -1 1 -1 1 -1 
0,696363636363636 0,654736842105264 -0,8 0,553174603174603 0,767460317460318 -1 -1 -1 -1 -1 -1 1 -1 1 -1 
0,696363636363636 0,608421052631578 -0,744 0,564285714285714 0,778571428571429 -1 -1 -1 -1 -1 -1 1 -1 1 -1 
0,759090909090909 0,434736842105263 -0,0640000000000001 0,587301587301587 0,801587301587302 -0,636 -1 1 -1 -1 -1 1 -1 -1 1 
0,748181818181818 0,532631578947369 -0,344 0,607142857142857 0,821428571428571 -0,984 -1 -1 -1 -1 -1 1 -1 -1 1 
0,784545454545455 0,551578947368421 -0,784 0,598412698412699 0,812698412698413 -1 -1 -1 -1 -1 -1 1 -1 -1 1 
0,804545454545455 0,514736842105263 -0,728 0,596825396825397 0,811111111111111 -1 -1 -1 -1 -1 -1 -1 1 -1 1 
0,778181818181818 0,467368421052631 0,00800000000000001 0,648412698412698 0,862698412698413 -0,988 -1 1 -1 -1 -1 1 -1 -1 1 
0,810909090909091 0,474736842105263 -0,768 0,646031746031746 0,86031746031746 -1 -1 -1 -1 -1 -1 1 -1 -1 1 
0,82 0,538947368421053 -0,6 0,675396825396825 0,88968253968254 -1 -1 1 -1 -1 -1 -1 1 -1 1 
0,777272727272727 0,568421052631579 -0,784 0,61984126984127 0,834126984126984 -0,9 -1 1 -1 -1 -1 -1 1 1 -1 
0,774545454545455 0,545263157894736 -0,584 0,581746031746032 0,796031746031746 -0,976 -1 -1 -1 -1 -1 -1 1 1 -1 
0,845454545454545 0,482105263157894 -0,44 0,668253968253968 0,882539682539683 -1 -1 1 -1 -1 -1 1 -1 1 -1 
0,782727272727273 0,487368421052631 -0,36 0,612698412698413 0,826984126984127 -0,764 -1 1 -1 -1 -1 1 -1 1 -1 
0,719090909090909 0,551578947368421 -0,4 0,574603174603175 0,788888888888889 -0,992 -1 -1 -1 -1 -1 -1 -1 -1 -1 
0,700909090909091 0,592631578947368 -0,632 0,541269841269841 0,755555555555556 -1 -1 -1 -1 -1 -1 -1 1 1 -1 
0,72 0,58 -0,728 0,528571428571429 0,742857142857143 -1 -1 -1 -1 -1 -1 1 -1 1 -1 
0,770909090909091 0,529473684210526 -0,688 0,588888888888889 0,803174603174603 -1 -1 -1 -1 -1 -1 -1 1 -1 -1 
0,710909090909091 0,581052631578948 -0,672 0,553968253968254 0,768253968253968 -0,876 -1 1 -1 -1 -1 1 -1 -1 1 
0,679090909090909 0,658947368421052 -0,608 0,53015873015873 0,744444444444444 -0,988 -1 1 -1 -1 -1 1 -1 1 -1 
0,67 0,696842105263158 -0,672 0,485714285714286 0,7 -0,992 -1 -1 -1 -1 -1 1 -1 -1 1 
0,683636363636364 0,675789473684211 -0,744 0,48968253968254 0,703968253968254 -1 1 -1 -1 -1 -1 -1 1 1 -1 
0,692727272727273 0,601052631578948 -0,512 0,503174603174603 0,717460317460317 -1 -1 -1 -1 -1 -1 -1 1 1 -1 
0,633636363636364 0,565263157894737 -0,472 0,444444444444444 0,658730158730159 -1 -1 1 -1 -1 -1 -1 1 -1 1 
0,663636363636364 0,612631578947369 -0,712 0,478571428571429 0,692857142857143 -0,968 -1 1 -1 -1 -1 1 -1 -1 1 
0,652727272727273 0,592631578947368 -0,512 0,517460317460318 0,731746031746032 -1 -1 -1 -1 -1 -1 1 -1 -1 1 
0,640909090909091 0,562105263157895 -0,496 0,501587301587302 0,715873015873016 -0,988 -1 1 -1 -1 -1 1 -1 -1 1 
0,663636363636364 0,58 -0,648 0,496031746031746 0,71031746031746 -0,868 -1 1 -1 -1 -1 1 -1 -1 1 
0,720909090909091 0,6 -0,648 0,553174603174603 0,767460317460318 -1 -1 -1 -1 -1 -1 1 -1 -1 1 
0,757272727272727 0,566315789473684 -0,648 0,592857142857143 0,807142857142857 -1 -1 1 -1 -1 -1 1 -1 -1 1 
0,796363636363636 0,602105263157895 -0,608 0,61984126984127 0,834126984126984 -0,852 -1 1 -1 -1 -1 1 -1 -1 1 
0,729090909090909 0,595789473684211 -0,672 0,56031746031746 0,774603174603175 -0,792 -1 -1 -1 -1 -1 1 -1 -1 1 
0,780909090909091 0,553684210526316 -0,592 0,576984126984127 0,791269841269841 -1 -1 -1 -1 -1 -1 1 -1 -1 1 
0,755454545454545 0,633684210526316 -0,744 0,56984126984127 0,784126984126984 -1 -1 -1 -1 -1 -1 1 -1 -1 1 
0,728181818181818 0,671578947368421 -0,744 0,55 0,764285714285714 -1 -1 -1 -1 -1 -1 1 -1 1 -1 
0,769090909090909 0,658947368421052 -0,648 0,58015873015873 0,794444444444444 -1 -1 -1 -1 -1 -1 1 -1 -1 1 
0,746363636363636 0,633684210526316 -0,712 0,6 0,814285714285714 -1 -1 -1 -1 -1 -1 1 -1 -1 1 
0,742727272727273 0,611578947368421 -0,768 0,624603174603175 0,838888888888889 -1 -1 -1 -1 -1 -1 1 -1 -1 1 
0,742727272727273 0,611578947368421 -0,768 0,624603174603175 0,838888888888889 -1 -1 -1 -1 -1 -1 -1 1 -1 1 
0,779090909090909 0,583157894736842 -0,736 0,582539682539683 0,796825396825397 -1 -1 -1 -1 -1 -1 -1 1 -1 1 
0,761818181818182 0,536842105263158 -0,808 0,605555555555556 0,81984126984127 -0,992 -1 1 -1 -1 -1 -1 1 1 -1 
0,782727272727273 0,575789473684211 -0,712 0,6 0,814285714285714 -1 -1 -1 -1 -1 -1 -1 1 -1 1 
0,777272727272727 0,596842105263158 -0,576 0,607142857142857 0,821428571428571 -1 1 -1 -1 -1 -1 -1 1 1 -1 
0,827272727272727 0,46421052631579 -0,824 0,646031746031746 0,86031746031746 -1 1 1 -1 -1 -1 -1 -1 -1 -1 
0,794545454545455 0,457894736842105 -0,904 0,634126984126984 0,848412698412699 -1 1 -1 -1 -1 -1 -1 1 1 -1 
0,776363636363636 0,451578947368421 -0,28 0,596825396825397 0,811111111111111 -0,92 1 1 -1 -1 -1 -1 1 -1 1 
0,693636363636364 0,495789473684211 -0,0479999999999999 0,567460317460317 0,781746031746032 -1 -1 1 -1 -1 -1 -1 1 1 -1 
0,692727272727273 0,5 -0,336 0,532539682539683 0,746825396825397 -1 -1 1 -1 -1 -1 -1 1 1 -1 
0,681818181818182 0,538947368421053 -0,672 0,505555555555556 0,71984126984127 -1 -1 -1 -1 -1 -1 -1 1 1 -1 
0,782727272727273 0,508421052631578 -0,744 0,603968253968254 0,818253968253968 -1 -1 1 -1 -1 -1 -1 -1 -1 -1 
0,786363636363636 0,547368421052632 -0,832 0,612698412698413 0,826984126984127 -0,992 -1 1 -1 -1 -1 1 -1 -1 1 
0,79 0,578947368421053 -0,92 0,621428571428571 0,835714285714286 -0,984 -1 1 -1 -1 -1 -1 1 1 -1 
0,740909090909091 0,605263157894737 -0,848 0,564285714285714 0,778571428571429 -1 1 -1 -1 -1 -1 1 -1 -1 1 
0,657272727272727 0,56421052631579 -0,848 0,485714285714286 0,7 -1 -1 -1 -1 -1 -1 1 -1 -1 1 
0,75 0,530526315789473 -0,768 0,56984126984127 0,784126984126984 -1 -1 -1 -1 -1 -1 1 -1 -1 1 
0,723636363636364 0,550526315789473 -0,688 0,555555555555556 0,76984126984127 -1 -1 -1 -1 -1 -1 1 -1 -1 1 
0,677272727272727 0,573684210526316 -0,632 0,525396825396825 0,73968253968254 -1 -1 -1 -1 -1 -1 1 -1 -1 1 
0,74 0,536842105263158 -0,632 0,551587301587302 0,765873015873016 -0,984 -1 -1 -1 -1 1 1 -1 -1 1 
0,670909090909091 0,445263157894736 0,144 0,53015873015873 0,744444444444444 -0,88 -1 1 -1 -1 -1 1 -1 1 -1 
0,684545454545455 0,53578947368421 -0,304 0,534126984126984 0,748412698412698 -0,904 -1 -1 -1 -1 -1 -1 1 1 -1 
0,712727272727273 0,517894736842106 -0,632 0,505555555555556 0,71984126984127 -1 -1 -1 -1 -1 -1 1 -1 1 -1 
0,776363636363636 0,467368421052631 -0,456 0,587301587301587 0,801587301587302 -1 -1 1 -1 -1 -1 1 -1 1 -1 
0,689090909090909 0,588421052631579 -0,496 0,528571428571429 0,742857142857143 -0,996 -1 1 -1 -1 -1 -1 1 1 -1 
0,744545454545455 0,447368421052632 -0,632 0,571428571428571 0,785714285714286 -1 -1 -1 -1 -1 -1 -1 1 -1 1 
0,706363636363636 0,490526315789474 -0,512 0,544444444444444 0,758730158730159 -1 -1 -1 -1 -1 -1 1 -1 -1 1 
0,746363636363636 0,508421052631578 -0,448 0,565873015873016 0,78015873015873 -1 -1 -1 -1 -1 -1 1 -1 -1 1 
0,761818181818182 0,457894736842105 -0,736 0,555555555555556 0,76984126984127 -1 -1 -1 -1 -1 -1 -1 1 -1 1 
0,767272727272727 0,485263157894737 -0,464 0,575396825396825 0,78968253968254 -1 -1 1 -1 -1 -1 -1 1 1 -1 
0,714545454545454 0,58 -0,848 0,538888888888889 0,753174603174603 -1 1 -1 -1 -1 -1 -1 1 1 -1 
0,732727272727273 0,529473684210526 -0,576 0,557142857142857 0,771428571428571 -1 -1 -1 -1 -1 -1 1 -1 -1 1 
0,797272727272727 0,421052631578947 -0,376 0,6 0,814285714285714 -1 -1 -1 -1 -1 -1 1 -1 -1 1 
0,75 0,395789473684211 -0,256 0,567460317460317 0,781746031746032 -0,964 -1 1 -1 -1 -1 1 -1 -1 1 
0,721818181818182 0,523157894736843 -0,784 0,51984126984127 0,734126984126984 -0,992 -1 1 -1 -1 -1 1 -1 -1 1 
0,789090909090909 0,54421052631579 -0,472 0,634126984126984 0,848412698412699 -1 -1 -1 -1 -1 -1 1 -1 -1 1 
0,731818181818182 0,526315789473684 -0,592 0,585714285714286 0,8 -1 -1 -1 -1 -1 -1 1 -1 -1 1 
0,730909090909091 0,436842105263158 -0,36 0,585714285714286 0,8 -1 -1 1 -1 -1 -1 1 -1 1 -1 
0,710909090909091 0,481052631578948 -0,472 0,56031746031746 0,774603174603175 -0,904 -1 1 -1 -1 -1 1 -1 1 -1 
0,726363636363636 0,471578947368421 -0,768 0,531746031746032 0,746031746031746 -0,996 -1 1 -1 -1 -1 1 -1 1 -1 
0,840909090909091 0,509473684210526 -0,632 0,637301587301587 0,851587301587302 -0,828 -1 1 -1 -1 1 1 -1 1 -1 
0,756363636363636 0,568421052631579 -0,536 0,6 0,814285714285714 -0,968 -1 1 -1 -1 -1 1 -1 1 -1 
0,741818181818182 0,560000000000001 -0,984 0,565873015873016 0,78015873015873 -0,968 -1 1 -1 -1 -1 1 -1 1 -1 
0,751818181818182 0,505263157894737 -0,632 0,56984126984127 0,784126984126984 -1 -1 1 -1 -1 -1 1 -1 1 -1 
0,735454545454545 0,454736842105264 -0,4 0,591269841269841 0,805555555555556 -0,984 -1 1 -1 -1 -1 1 -1 1 -1 
0,680909090909091 0,445263157894736 -0,416 0,544444444444444 0,758730158730159 -0,996 -1 -1 -1 -1 -1 1 -1 1 -1 
0,65 0,503157894736842 -0,2 0,523015873015873 0,737301587301587 -1 -1 1 -1 -1 -1 1 -1 -1 1 
0,684545454545455 0,527368421052632 -0,464 0,535714285714286 0,75 -1 -1 1 -1 -1 -1 1 -1 -1 1 
0,718181818181818 0,505263157894737 -0,728 0,517460317460318 0,731746031746032 -1 -1 -1 -1 -1 -1 -1 1 -1 1 
0,776363636363636 0,478947368421053 -0,496 0,611111111111111 0,825396825396825 -0,992 -1 1 -1 -1 -1 1 -1 1 -1 
0,741818181818182 0,478947368421053 -0,448 0,567460317460317 0,781746031746032 -0,968 1 1 -1 -1 1 -1 1 -1 1 
0,770909090909091 0,451578947368421 -0,424 0,591269841269841 0,805555555555556 -0,952 -1 -1 -1 -1 -1 -1 1 1 -1 
0,731818181818182 0,452631578947368 -0,864 0,524603174603175 0,738888888888889 -1 1 -1 -1 -1 -1 -1 1 1 -1 
0,754545454545455 0,446315789473684 -0,664 0,546031746031746 0,76031746031746 -1 1 -1 -1 -1 -1 1 -1 -1 1 
0,778181818181818 0,410526315789474 -0,36 0,615873015873016 0,83015873015873 -1 -1 1 -1 -1 -1 1 -1 -1 1 
0,690909090909091 0,482105263157894 -0,32 0,51984126984127 0,734126984126984 -1 -1 1 -1 -1 -1 -1 1 -1 1 
0,742727272727273 0,454736842105264 -0,648 0,578571428571429 0,792857142857143 -0,86 -1 1 -1 -1 -1 -1 -1 -1 -1 
0,721818181818182 0,404210526315789 -0,36 0,56031746031746 0,774603174603175 -0,86 -1 1 -1 -1 -1 -1 1 1 -1 
0,751818181818182 0,403157894736842 -0,552 0,574603174603175 0,788888888888889 -0,936 -1 1 -1 -1 -1 -1 -1 -1 -1 
0,752727272727273 0,373684210526316 -0,456 0,585714285714286 0,8 -0,48 -1 1 -1 -1 -1 -1 1 1 -1 
0,804545454545455 0,58421052631579 -0,688 0,603968253968254 0,818253968253968 -0,876 -1 1 -1 -1 -1 -1 1 1 -1 
0,76 0,549473684210527 -0,288 0,596825396825397 0,811111111111111 -1 -1 -1 -1 -1 -1 -1 1 1 -1 
0,726363636363636 0,428421052631579 -0,032 0,555555555555556 0,76984126984127 -0,968 -1 1 -1 -1 -1 -1 1 1 -1 
0,670909090909091 0,445263157894736 0,144 0,53015873015873 0,744444444444444 -0,88 -1 1 -1 -1 -1 1 -1 -1 1 
0,684545454545455 0,53578947368421 -0,304 0,534126984126984 0,748412698412698 -0,904 -1 -1 -1 -1 -1 -1 1 1 -1 
0,736363636363636 0,560000000000001 -0,632 0,561111111111111 0,775396825396825 -1 -1 1 -1 -1 -1 -1 1 1 -1 
0,731818181818182 0,612631578947369 -0,712 0,551587301587302 0,765873015873016 -0,984 1 -1 -1 -1 -1 -1 1 1 -1 
0,714545454545454 0,614736842105263 -0,648 0,53968253968254 0,753968253968254 -1 -1 -1 -1 -1 -1 -1 -1 -1 -1 
0,673636363636364 0,594736842105263 -0,712 0,496031746031746 0,71031746031746 -1 -1 -1 -1 -1 -1 -1 -1 -1 -1 
0,683636363636364 0,566315789473684 -0,376 0,523015873015873 0,737301587301587 -1 -1 -1 -1 -1 -1 1 -1 -1 1 
0,785454545454546 0,483157894736842 -0,456 0,607142857142857 0,821428571428571 -1 -1 -1 -1 -1 -1 -1 -1 -1 -1 
0,776363636363636 0,374736842105263 -0,224 0,641269841269841 0,855555555555556 -1 -1 -1 -1 -1 -1 -1 -1 -1 -1 
0,760909090909091 0,283157894736842 -0,264 0,596825396825397 0,811111111111111 -1 -1 1 -1 -1 -1 -1 1 -1 1 
0,691818181818182 0,327368421052632 -0,496 0,553174603174603 0,767460317460318 -1 -1 -1 -1 -1 -1 -1 1 -1 1 
0,675454545454545 0,349473684210527 -0,264 0,512698412698413 0,726984126984127 -1 -1 1 -1 -1 -1 1 -1 -1 1 
0,776363636363636 0,596842105263158 -0,632 0,61984126984127 0,834126984126984 -1 -1 -1 -1 -1 -1 1 -1 -1 1 
0,773636363636364 0,645263157894736 -0,656 0,601587301587302 0,815873015873016 -1 -1 -1 -1 -1 -1 -1 -1 -1 -1 
0,774545454545455 0,642105263157895 -0,784 0,591269841269841 0,805555555555556 -1 -1 -1 -1 -1 -1 -1 1 -1 1 
0,680909090909091 0,593684210526316 -0,856 0,55 0,764285714285714 -1 -1 -1 -1 -1 -1 -1 -1 -1 -1 
0,663636363636364 0,573684210526316 -0,816 0,508730158730159 0,723015873015873 -1 -1 -1 -1 -1 -1 1 -1 1 -1 
0,772727272727273 0,493684210526316 -0,952 0,568253968253968 0,782539682539683 -1 -1 1 -1 -1 -1 1 -1 1 -1 
0,779090909090909 0,452631578947368 -0,904 0,6 0,814285714285714 -0,972 -1 1 -1 -1 -1 1 -1 1 -1 
0,768181818181818 0,432631578947369 -0,832 0,553968253968254 0,768253968253968 -1 1 -1 -1 -1 -1 1 -1 1 -1 
0,749090909090909 0,427368421052632 -0,816 0,565873015873016 0,78015873015873 -1 1 1 -1 -1 1 1 -1 1 -1 
0,752727272727273 0,46 -0,664 0,568253968253968 0,782539682539683 -0,92 -1 1 -1 -1 1 1 -1 1 -1 
0,682727272727273 0,375789473684211 -0,456 0,538888888888889 0,753174603174603 -0,988 -1 1 -1 -1 -1 1 -1 1 -1 
0,677272727272727 0,396842105263158 -0,224 0,538888888888889 0,753174603174603 -0,98 -1 1 -1 -1 -1 1 -1 1 -1 
0,718181818181818 0,461052631578947 -0,728 0,538888888888889 0,753174603174603 -0,956 -1 1 -1 -1 -1 1 -1 1 -1 
0,709090909090909 0,44421052631579 -0,448 0,558730158730159 0,773015873015873 -0,716 -1 1 -1 -1 -1 1 -1 -1 1 
0,727272727272727 0,495789473684211 -0,624 0,548412698412698 0,762698412698413 -0,98 -1 1 -1 -1 -1 1 -1 -1 1 
0,599090909090909 0,627368421052631 -0,656 0,484126984126984 0,698412698412698 -1 -1 -1 -1 -1 -1 -1 -1 -1 -1 
0,601818181818182 0,603157894736842 -0,808 0,468253968253968 0,682539682539683 -1 -1 -1 -1 -1 -1 -1 1 1 -1 
0,671818181818182 0,5 -0,608 0,438888888888889 0,653174603174603 -0,86 -1 1 -1 -1 -1 1 -1 1 -1 
0,733636363636364 0,445263157894736 -0,68 0,553174603174603 0,767460317460318 -0,812 -1 1 -1 -1 -1 1 -1 1 -1 
0,690909090909091 0,491578947368422 -0,64 0,53015873015873 0,744444444444444 -0,992 -1 1 -1 -1 -1 1 -1 1 -1 
0,739090909090909 0,484210526315789 -0,712 0,58968253968254 0,803968253968254 -0,972 -1 1 -1 -1 -1 -1 -1 -1 -1 
0,706363636363636 0,502105263157895 -0,576 0,565873015873016 0,78015873015873 -1 -1 1 -1 -1 -1 1 -1 1 -1 
0,687272727272727 0,528421052631579 -0,416 0,531746031746032 0,746031746031746 -1 -1 1 -1 -1 -1 -1 -1 -1 -1 
0,615454545454545 0,618947368421052 -0,456 0,503968253968254 0,718253968253968 -0,984 -1 -1 -1 -1 -1 -1 -1 -1 -1 
0,702727272727273 0,609473684210526 -0,592 0,461111111111111 0,675396825396825 -1 -1 1 -1 -1 -1 1 -1 1 -1 
0,832727272727273 0,412631578947369 -0,608 0,665873015873016 0,88015873015873 -1 -1 1 -1 -1 1 1 -1 1 -1 
0,759090909090909 0,48 -0,488 0,607142857142857 0,821428571428571 -1 -1 -1 -1 -1 -1 1 -1 1 -1 
0,75 0,501052631578948 -0,6 0,603174603174603 0,817460317460317 -1 -1 -1 -1 -1 -1 1 -1 1 -1 
0,743636363636364 0,534736842105263 -0,688 0,601587301587302 0,815873015873016 -1 -1 -1 -1 -1 -1 1 -1 1 -1 
0,786363636363636 0,507368421052632 -0,632 0,623015873015873 0,837301587301587 -1 -1 -1 -1 -1 -1 -1 1 1 -1 
0,762727272727273 0,558947368421053 -0,744 0,585714285714286 0,8 -1 -1 -1 -1 -1 -1 -1 -1 -1 -1 
0,819090909090909 0,509473684210526 -0,632 0,646825396825397 0,861111111111111 -1 -1 -1 -1 -1 1 -1 -1 -1 -1 
0,782727272727273 0,531578947368421 -0,496 0,63968253968254 0,853968253968254 -1 -1 1 -1 -1 -1 -1 1 -1 1 
0,727272727272727 0,622105263157894 -0,592 0,58968253968254 0,803968253968254 -1 -1 -1 -1 -1 -1 1 -1 1 -1 
0,702727272727273 0,654736842105264 -0,776 0,553174603174603 0,767460317460318 -1 -1 -1 -1 -1 -1 1 -1 1 -1 
0,798181818181818 0,478947368421053 -0,552 0,596825396825397 0,811111111111111 -0,86 -1 1 -1 -1 -1 -1 1 1 -1 
0,714545454545454 0,532631578947369 -0,608 0,541269841269841 0,755555555555556 -1 -1 -1 -1 -1 -1 -1 1 1 -1 
0,704545454545455 0,517894736842106 -0,36 0,571428571428571 0,785714285714286 -1 -1 -1 -1 -1 -1 -1 1 1 -1 
0,7 0,542105263157895 -0,28 0,553968253968254 0,768253968253968 -0,984 -1 1 -1 -1 -1 -1 1 1 -1 
0,694545454545455 0,543157894736842 -0,512 0,532539682539683 0,746825396825397 -1 -1 -1 -1 -1 -1 -1 1 1 -1 
0,718181818181818 0,506315789473685 -0,416 0,587301587301587 0,801587301587302 -1 -1 -1 -1 -1 -1 -1 1 1 -1 
0,699090909090909 0,496842105263158 -0,128 0,53968253968254 0,753968253968254 -0,98 -1 1 -1 -1 -1 1 -1 1 -1 
0,689090909090909 0,589473684210526 -0,336 0,535714285714286 0,75 -0,996 -1 -1 -1 -1 -1 -1 -1 -1 -1 
0,688181818181818 0,562105263157895 -0,576 0,553174603174603 0,767460317460318 -1 -1 -1 -1 -1 -1 1 -1 1 -1 
0,700909090909091 0,512631578947369 -0,632 0,53968253968254 0,753968253968254 -1 -1 1 -1 -1 -1 1 -1 1 -1 
