268630 99999  19860101    11.9  8    11.1  8  1014.9  8  9999.9  0    1.6  8    2.2  8    3.9  999.9    18.5*    5.5   0.00E   3.1  101000 
268630 99999  19860102    10.8  8     9.8  8  1014.2  8  9999.9  0    1.6  8    4.4  8    5.8  999.9    13.8     2.3*  0.01E   3.1  100000 
268630 99999  19860103    14.7  9    12.5  9  1010.2  9  9999.9  0    3.1  9    6.0  9    7.8  999.9    19.6     4.6*  0.04E   3.1  001000 
268630 99999  19860104    23.7  8    22.3  8  1010.4  8  9999.9  0    1.5  8    4.6  8    5.8  999.9    26.1    19.0   0.01F 999.9  101000 
268630 99999  19860105    27.9  8    27.1  8  1006.7  8  9999.9  0    0.7  8    9.0  8   13.6   19.4    30.6    24.6   0.00G   3.5  101000 
268630 99999  19860106    17.8  8    14.2  8  1009.4  8  9999.9  0    4.3  8   12.9  8   35.0  999.9    21.0*   14.5*  0.35G   5.5  001000 
268630 99999  19860107    15.3  8    13.6  8  1012.4  8  9999.9  0    1.5  8    5.1  8    7.8  999.9    21.9*   10.9*  0.00G   5.9  100000 
268630 99999  19860108    19.3  8    18.3  8  1007.4  8  9999.9  0    0.7  8    6.7  7   11.7  999.9    21.2    13.8   0.08E   5.9  101000 
268630 99999  19860109    15.6  7    12.5  7  1005.5  7  9999.9  0    3.2  7   13.9  7   19.4  999.9    19.6*   12.4*  0.20F   9.1  001000 
268630 99999  19860110    12.5  8    10.3  8  1012.2  8  9999.9  0    4.0  8    8.7  8   11.7  999.9    15.6     7.7*  0.04F   9.4  001000 
268630 99999  19860111    13.9  8    12.3  8  1013.2  8  9999.9  0    4.6  8    6.8  8    9.7  999.9    16.2*    5.2   0.02F   9.4  001000 
268630 99999  19860112    19.7  8    18.6  8  1006.8  8  9999.9  0    1.4  8    6.3  8    7.8  999.9    24.6*   15.3   0.05F   9.4  101000 
268630 99999  19860113    28.9  8    27.6  8  1004.5  8  9999.9  0    1.2  8    7.3  8    9.7  999.9    30.2    21.9   0.04F 999.9  101000 
268630 99999  19860114    30.8  8    29.4  8   994.1  8  9999.9  0    1.9  8   11.2  8   11.7   19.4    32.0    29.3   0.11F   9.4  001000 
268630 99999  19860115    31.5  8    30.1  8   985.3  8  9999.9  0    4.5  8   10.0  8   11.7   21.4    33.1    29.7   0.24G  12.2  001000 
268630 99999  19860116    26.4  8    24.0  8   990.4  7  9999.9  0    4.8  8   15.8  8   23.3   29.1    31.6*   20.1*  0.08G  11.4  001000 
268630 99999  19860117    10.6  7     7.1  7  1006.9  7  9999.9  0    8.9  7    7.8  7   11.7   23.3    16.9*    2.5*  0.08G  11.0  001000 
268630 99999  19860118     7.3  8     5.0  8  1010.5  8  9999.9  0    7.2  8    7.5  8   11.7  999.9    16.0*    2.3   0.02G  11.4  001000 
268630 99999  19860119    17.4  8    14.9  8  1001.1  8  9999.9  0    6.4  8    9.0  8   11.7  999.9    21.6*   11.7   0.03G  11.8  001000 
268630 99999  19860120    30.1  8    29.0  8   988.2  7  9999.9  0    2.6  8   15.3  8   21.4   35.0    33.1    17.4   0.03G  12.6  011000 
268630 99999  19860121    15.2  8    10.9  8  1010.5  8  9999.9  0    8.3  8   12.9  8   25.3   42.7    25.5*    6.3   0.35G  14.6  001000 
268630 99999  19860122    31.4  8    27.9  8  1009.3  8  9999.9  0    5.6  8   10.9  8   11.7  999.9    32.7*   19.4   0.03G  13.0  001000 
268630 99999  19860123    31.9  8    29.1  7  1004.5  8  9999.9  0    4.1  8    9.7  8   13.6  999.9    35.2    28.4*  0.00G  13.0  001000 
268630 99999  19860124    30.4  8    28.5  8   997.1  8  9999.9  0    1.8  8   14.3  8   17.5   27.2    32.7    27.7   0.00E  13.0  110000 
268630 99999  19860125    33.6  8    33.4  8   997.1  8  9999.9  0    0.7  8   11.2  8   13.6   21.4    34.9*   31.8   0.04E  13.0  110000 
268630 99999  19860126    32.6  8    31.0  8   999.6  8  9999.9  0    5.7  8   14.6  8   19.4   35.0    34.7*   31.8   0.12G  10.2  011000 
268630 99999  19860127    29.7  8    25.6  8  1013.8  8  9999.9  0    7.8  8   14.6  8   21.4   33.0    31.8    26.6*  0.12G  13.0  001000 
268630 99999  19860128    25.6  8    22.3  8  1028.8  8  9999.9  0    3.3  8    8.5  8    9.7  999.9    28.0    19.0   0.00G  13.0  000000 
268630 99999  19860129    25.7  8    21.2  8  1034.6  7  9999.9  0    7.0  8    9.2  8   13.6  999.9    28.9    23.5   0.00G  13.4  000000 
268630 99999  19860130    25.7  8    21.2  8  1033.7  8  9999.9  0    8.3  8    9.0  8    9.7  999.9    27.7*   19.6   0.00E  13.4  001000 
268630 99999  19860131    20.8  8    15.1  8  1038.9  8  9999.9  0    9.5  8   13.8  8   15.5   23.3    24.3*   14.7*  0.00C  13.4  000000 
268630 99999  19860201     6.9  8     0.7  8  1043.4  7  9999.9  0    7.6  8   10.9  8   15.5  999.9    12.4     1.6*  0.00C 999.9  000000 
268630 99999  19860202     4.9  8    -2.2  8  1040.3  8  9999.9  0    8.9  8    5.6  8    7.8  999.9    14.2    -3.1   0.00C  13.4  000000 
268630 99999  19860203     2.3  8    -4.7  8  1037.4  8  9999.9  0    9.9  8    5.1  8    5.8  999.9     7.5*   -2.6   0.00H 999.9  001000 
268630 99999  19860204    -0.9  8    -6.8  7  1031.4  8  9999.9  0    3.3  8    1.2  8    3.9  999.9     9.1    -6.5   0.01E  13.4  001000 
268630 99999  19860205    -3.6  8   -10.0  8  1021.7  7  9999.9  0    3.0  8    4.9  8    5.8  999.9     1.6   -10.8  99.99   13.4  001000 
268630 99999  19860206     7.6  8     3.9  8  1017.2  7  9999.9  0    1.1  8   11.2  8   17.5   21.4    13.8    -2.0   0.20F  13.8  001000 
268630 99999  19860207    13.2  8     9.9  8  1022.4  8  9999.9  0    2.5  8   11.9  8   15.5   21.4    15.1    10.0*  0.16F  15.7  001000 
268630 99999  19860208     8.5  8     1.6  8  1026.4  8  9999.9  0    7.1  8    8.5  8   11.7  999.9    14.0     2.7   0.00E  15.0  001000 
268630 99999  19860209     9.8  7     1.6  7  1029.4  6  9999.9  0   10.2  7    6.7  7    7.8  999.9    15.6     3.2   0.00B 999.9  000000 
268630 99999  19860210     5.7  8    -2.5  8  1033.1  8  9999.9  0    7.7  8    4.6  8    5.8  999.9    15.4    -4.9*  0.00C 999.9  000000 
268630 99999  19860211     5.0  8    -3.4  8  1036.0  8  9999.9  0    5.7  8    3.6  8    5.8  999.9    16.7    -5.1   0.00C  15.0  000000 
268630 99999  19860212     7.5  8     0.1  8  1039.1  8  9999.9  0    3.3  8    2.4  8    3.9  999.9    18.0    -2.0   0.00C  15.0  100000 
268630 99999  19860213     2.4  8    -0.9  8  1032.4  8  9999.9  0    1.5  8    3.2  8    3.9  999.9    12.0    -3.8   0.00C  15.0  100000 
268630 99999  19860214     9.8  8     6.5  8  1034.6  8  9999.9  0    3.5  8    6.6  8    9.7  999.9    15.6    -2.0   0.00G 999.9  100000 
268630 99999  19860215    16.5  8    12.0  8  1038.2  7  9999.9  0    5.4  8    6.1  8    7.8  999.9    23.5     3.7*  0.01E  15.0  011000 
268630 99999  19861211    31.0  7    30.0  7  1031.2  7  9999.9  0    1.2  7    6.9  7    7.8  999.9    35.4    24.3   0.00C 999.9  100000 
268630 99999  19861212    30.9  8    26.8  8  1028.8  8  9999.9  0    5.4  8    6.6  8    7.8  999.9    33.4    29.5*  0.00G 999.9  000000 
268630 99999  19861213    26.0  8    19.8  8  1026.6  8  9999.9  0    7.9  8    6.3  8    9.7  999.9    29.7    24.4   0.00G 999.9  001000 
268630 99999  19861214    25.8  8    22.1  8  1017.3  8  9999.9  0    4.6  8    7.3  8    9.7  999.9    27.1    25.0   0.00G 999.9  001000 
268630 99999  19861215    14.6  8     9.9  8  1023.5  8  9999.9  0    3.9  8    9.2  8   13.6  999.9    25.0*    8.1*  0.03G   1.6  001000 
268630 99999  19861216     9.7  6     5.2  6  1019.4  6  9999.9  0    4.1  6   10.7  6   11.7  999.9    11.8     8.1   0.08G   2.0  001000 
268630 99999  19861217    15.5  8    12.1  8  1009.5  8  9999.9  0    1.6  8   13.6  8   15.5   25.3    24.8*    9.7   0.03G   2.0  001000 
268630 99999  19861218    29.9  8    27.4  8  1004.6  8  9999.9  0    3.1  8   10.0  8   13.6  999.9    32.9    21.6   0.12G   2.0  011000 
268630 99999  19861219    28.6  8    26.6  8   997.0  8  9999.9  0    1.5  8   10.7  8   15.5   27.2    30.9*   26.4*  0.04G 999.9  001000 
268630 99999  19861220    27.6  8    25.8  8   989.9  8  9999.9  0    1.6  8   10.7  8   13.6   25.3    30.0    25.5   0.00G 999.9  001000 
268630 99999  19861221    23.0  8    20.9  8   984.7  8  9999.9  0    1.4  8   11.2  8   13.6  999.9    24.6*   21.7*  0.31F   4.3  001000 
268630 99999  19861222    19.1  8    16.0  8  1001.0  8  9999.9  0    5.0  8   10.2  8   11.7  999.9    26.4     9.1*  0.04E 999.9  001000 
268630 99999  19861223    16.1  8    13.9  8  1012.5  8  9999.9  0    2.1  8    8.5  8   11.7  999.9    18.5*    8.2   0.02G 999.9  001000 
268630 99999  19861224    13.5  8    10.0  8  1018.7  8  9999.9  0    4.4  8   10.4  8   13.6  999.9    15.6*   12.0*  0.00G 999.9  001000 
268630 99999  19861225     6.1  8     2.4  8  1026.2  8  9999.9  0    3.5  8    7.0  8   11.7  999.9    11.7*    2.5*  0.01G 999.9  001000 
268630 99999  19861226     0.0  8    -4.4  8  1020.2  8  9999.9  0    3.6  8    1.7  8    5.8  999.9     5.2*   -8.5*  0.00G 999.9  101000 
268630 99999  19861227    -2.4  8    -6.4  8  1014.8  8  9999.9  0    1.9  8    2.2  8    3.9  999.9     3.7*   -9.2   0.00F   6.7  001000 
268630 99999  19861228     8.1  7     4.2  7  1010.0  7  9999.9  0    4.4  7    8.3  7   13.6  999.9     9.7    -4.2   0.01F 999.9  001000 
268630 99999  19861229    11.7  8     8.5  8  1002.6  8  9999.9  0    1.5  8   12.1  8   21.4  999.9    15.3     7.5   0.02F 999.9  001000 
268630 99999  19861230    23.7  8    21.4  8   986.2  8  9999.9  0    4.1  8   11.2  8   15.5   19.4    31.3    11.5   0.47F   5.9  001000 
268630 99999  19861231     7.5  6     4.1  6  1005.6  6  9999.9  0    2.3  6    9.7  6   15.5   21.4    14.9*   -3.3*  0.01F 999.9  101000 
268630 99999  19870101    -0.6  8    -4.2  8  1010.5  8  9999.9  0    1.1  8    0.5  8    1.9  999.9     3.2*   -8.3   0.00F 999.9  001000 
268630 99999  19870102    -2.0  8    -6.0  8  1011.3  8  9999.9  0    2.2  8    3.9  8    9.7  999.9     5.9   -12.1*  0.02F   7.1  001000 
268630 99999  19870103    -3.8  8    -8.5  8  1010.8  8  9999.9  0    2.1  8    4.1  8    5.8  999.9     1.6   -14.8   0.02F   7.1  001000 
268630 99999  19870104    -5.2  8    -9.7  8  1012.8  8  9999.9  0    3.2  8    8.3  8   13.6  999.9     3.7   -15.9*  0.05F 999.9  001000 
268630 99999  19870105   -21.2  8   -26.8  8  1016.6  8  9999.9  0    2.4  8    5.8  8    9.7  999.9   -17.3   -24.0   0.01E 999.9  001000 
268630 99999  19870106    -6.7  8   -11.9  8  1006.1  8  9999.9  0    1.5  8   11.9  8   13.6  999.9    -2.0   -24.7   0.06F   8.7  001000 
268630 99999  19870107   -14.6  8   -21.0  8  1017.8  8  9999.9  0    6.5  8    8.7  8   11.7  999.9    -8.0*  -21.5*  0.01E   9.8  001000 
268630 99999  19870108   -15.9  7   -21.1  7  1023.7  7  9999.9  0    4.0  6    6.7  7   11.7  999.9    -6.5*  -24.7*  0.00F   9.8  001000 
268630 99999  19870109   -11.5  8   -17.6  8  1018.8  8  9999.9  0    5.1  8    6.3  8    7.8  999.9    -7.1   -19.5*  0.01G 999.9  001000 
268630 99999  19870110   -19.4  8   -24.6  8  1021.4  8  9999.9  0    4.0  8    4.6  8    5.8  999.9   -12.8   -25.2   0.00G   9.8  000000 
268630 99999  19870111   -11.6  8   -17.2  8  1027.8  8  9999.9  0    2.0  8    7.0  8   13.6  999.9    -2.7*  -21.1   0.01F   9.8  001000 
268630 99999  19870112    -0.5  8    -6.1  8  1022.0  8  9999.9  0    0.5  8   19.4  8   21.4   27.2     2.7*   -4.9   0.04G 999.9  001000 
268630 99999  19870113    10.5  8     6.1  8  1014.4  8  9999.9  0    2.0  8   11.4  8   19.4   25.3    13.3     0.3   0.12G 999.9  001000 
268630 99999  19870114     9.8  8     6.0  8  1021.4  8  9999.9  0    2.1  8    2.7  8    5.8  999.9    12.6*    3.7*  0.12G   7.1  001000 
268630 99999  19870115     3.7  7    -0.8  7  1028.6  7  9999.9  0    3.6  7    6.7  7    7.8  999.9     8.2    -2.4*  0.00G 999.9  001000 
268630 99999  19870116    -3.0  8    -7.7  8  1036.2  8  9999.9  0    2.4  8    4.1  8    7.8  999.9     0.9    -7.2   0.00E   8.3  101000 
268630 99999  19870117     2.2  8    -0.8  8  1041.1  8  9999.9  0    1.7  8    5.3  8    7.8  999.9    13.5*   -6.7   0.01F 999.9  101000 
268630 99999  19870118    14.4  8    13.3  8  1044.9  8  9999.9  0    0.6  8    4.6  8    5.8  999.9    15.4    12.2   0.00A 999.9  100000 
268630 99999  19870119    14.6  8    12.2  8  1043.7  7  9999.9  0    3.2  8    5.3  8    5.8  999.9    16.2*   10.8*  0.02F 999.9  101000 
268630 99999  19870120    11.5  7     9.4  7  1042.9  7  9999.9  0    1.7  7    2.2  7    3.9  999.9    18.3     6.4*  0.04F   8.3  101000 
268630 99999  19870121     9.4  6     6.2  6  1035.2  6  9999.9  0    2.4  6    4.2  6    7.8  999.9    12.4*    5.0   0.02F 999.9  001000 
268630 99999  19870122    17.3  8    15.2  8  1027.2  8  9999.9  0    2.3  8   10.7  8   11.7  999.9    22.1    10.6   0.03F   8.3  101000 
268630 99999  19870123    19.8  7    17.1  7  1018.8  7  9999.9  0    5.0  7    7.5  7   11.7  999.9    24.4    11.7*  0.02F 999.9  001000 
268630 99999  19870124     1.8  8    -2.7  8  1026.6  8  9999.9  0    8.0  8    5.3  8    5.8  999.9     7.7    -8.7   0.01F 999.9  001000 
268630 99999  19870125    16.2  8    12.5  8  1000.6  8  9999.9  0    2.0  8   17.2  8   21.4  999.9    31.1*    4.3   0.00G 999.9  001000 
268630 99999  19870126    22.2  8    18.1  8   980.2  8  9999.9  0    1.3  8   21.1  8   29.1   35.0    27.5*   12.7*  0.04E 999.9  001000 
268630 99999  19870127    -0.1  8    -5.9  8   995.7  8  9999.9  0    5.7  8   13.1  8   19.4  999.9     5.4*   -5.4   0.03F  13.8  001000 
268630 99999  19870128    10.6  8     6.3  8   990.6  8  9999.9  0    4.9  8   11.4  8   17.5   21.4    19.0    -4.4   0.04F 999.9  001000 
268630 99999  19870129   -13.8  8   -19.3  8  1007.2  8  9999.9  0    7.0  8    8.5  8    9.7  999.9    -8.0*  -19.8   0.00E  12.2  000000 
268630 99999  19870130    -7.0  8   -13.6  8  1019.4  8  9999.9  0    5.1  8   10.7  8   19.4  999.9     3.7   -22.7   0.01E 999.9  001000 
268630 99999  19870131    13.6  8     9.2  8  1012.1  8  9999.9  0    1.7  8   20.2  8   23.3   33.0    22.3*    1.9   0.11F 999.9  001000 
268630 99999  19870201    25.4  8    21.5  8  1013.8  8  9999.9  0    7.1  8   15.1  8   23.3   33.0    31.3    18.9*  0.03F  18.1  001010 
268630 99999  19870202    24.8  8    21.4  8  1022.9  8  9999.9  0    5.5  8   11.2  8   15.5   21.4    30.0*   13.5   0.00C  18.1  000000 
268630 99999  19870203    27.3  7    19.9  7  1026.3  7  9999.9  0    3.9  7   10.0  7   11.7  999.9    30.2    21.9*  0.00E 999.9  001000 
268630 99999  19870204    23.2  8    16.2  8  1026.1  8  9999.9  0    5.7  8   11.7  8   13.6  999.9    31.1    18.0   0.00G  18.1  000000 
268630 99999  19870205    21.2  8    18.5  8  1020.1  8  9999.9  0    1.4  8   12.4  8   13.6   21.4    28.0*   16.0   0.00G  18.1  001000 
268630 99999  19870206    32.8  7    29.6  7  1013.1  7  9999.9  0    2.8  7   14.2  7   17.5   21.4    35.8    24.1   0.00E  18.1  100000 
268630 99999  19870207    32.0  8    30.5  8   998.1  8  9999.9  0    2.1  8   16.0  8   23.3  999.9    33.6*   30.7*  0.16F  18.1  011000 
268630 99999  19870208    21.1  8    14.9  8  1006.3  8  9999.9  0    9.3  8   13.1  8   19.4   33.0    25.2    14.5   0.03F  18.5  001000 
268630 99999  19870209    12.6  8     7.3  8  1001.2  8  9999.9  0    3.8  8   15.5  8   23.3   27.2    22.6*    6.1   0.08G  18.5  001000 
268630 99999  19870210    11.4  7     6.7  7  1013.2  7  9999.9  0    5.7  7    7.8  7   13.6  999.9    16.2*    2.5   0.08G 999.9  001000 
268630 99999  19870211    15.3  6    12.9  6  1012.1  6  9999.9  0    2.6  6    9.7  6   13.6   21.4    18.9*    4.8   0.00G  17.7  101000 
268630 99999  19870212    23.6  7    22.1  7  1017.8  7  9999.9  0    0.9  7    7.2  7   13.6  999.9    26.8*   19.2*  0.12G 999.9  100000 
268630 99999  19870213    28.8  8    28.5  8  1020.8  8  9999.9  0    0.5  8   14.1  8   17.5   21.4    31.6    26.1   0.00G 999.9  100000 
268630 99999  19870214    30.8  8    30.6  8  1020.9  8  9999.9  0    0.4  8   14.1  8   17.5   23.3    32.5    28.8   0.01F  16.9  110000 
268630 99999  19870215    31.6  8    30.9  8  1019.8  8  9999.9  0    0.7  8   15.3  8   19.4   25.3    32.7    30.4   0.00E  16.5  110000 
268630 99999  19871211    29.1  8    26.5  7   987.3  7  9999.9  0    5.5  8   12.6  8   15.5   27.2    32.9    21.6*  0.06F 999.9  001000 
268630 99999  19871212     9.8  8     5.8  8  1007.3  7  9999.9  0    7.8  8   10.2  8   17.5   27.2    15.4*    7.0   0.02F   4.3  001000 
268630 99999  19871213    21.5  8    18.4  8  1009.8  8  9999.9  0    5.6  8   10.4  8   11.7  999.9    29.5*    6.3   0.02G   5.1  001000 
268630 99999  19871214    25.7  8    20.1  8  1007.8  8  9999.9  0    5.2  8   12.6  8   15.5   21.4    33.4*   19.2*  0.08G 999.9  011000 
268630 99999  19871215    17.9  7    15.2  7  1011.8  7  9999.9  0    2.9  7    4.2  7    7.8  999.9    20.8*   13.6*  0.00G 999.9  101000 
268630 99999  19871216    22.9  8    20.7  8  1010.2  8  9999.9  0    1.7  7   10.7  8   13.6   21.4    27.3    16.9   0.02G 999.9  001000 
268630 99999  19871217    11.3  8     8.5  8  1020.2  8  9999.9  0    4.7  8    5.6  8    7.8  999.9    18.1     7.7   0.00G   5.9  000000 
268630 99999  19871218    11.1  8     8.8  8  1023.1  8  9999.9  0    2.8  8    7.0  8   13.6  999.9    22.3*    1.6*  0.00A 999.9  000000 
268630 99999  19871219    30.4  7    29.2  7  1000.0  7  9999.9  0    2.3  7   11.7  7   15.5   21.4    35.6    20.7   0.24F 999.9  011000 
268630 99999  19871220    28.0  7    26.1  7  1006.8  7  9999.9  0    1.5  7    7.8  7   11.7  999.9    33.6*   23.9*  0.08F   3.9  110000 
268630 99999  19871221    28.6  7    26.8  7  1008.5  7  9999.9  0    1.4  7    5.3  7    7.8  999.9    31.3*   23.7   0.00G   3.9  001000 
268630 99999  19871222    12.7  8     8.2  8  1021.0  8  9999.9  0    5.5  8    8.5  8   15.5  999.9    32.2*    1.2*  0.05F 999.9  001000 
268630 99999  19871223     0.3  8    -4.5  8  1030.3  8  9999.9  0    3.7  8    3.4  8    3.9  999.9     6.3    -3.3   0.01E 999.9  000000 
268630 99999  19871224     4.5  8    -1.0  8  1032.5  8  9999.9  0    6.0  8    6.8  8   11.7  999.9    12.2    -4.4   0.00C   4.7  000000 
268630 99999  19871225    18.7  9    15.6  9  1027.3  9  9999.9  0    3.1  9    6.9  9    9.7  999.9    22.3     6.1   0.00G   4.7  001000 
268630 99999  19871226    25.8  9    22.6  9  1023.1  9  9999.9  0    1.7  9   10.1  9   11.7  999.9    28.2    21.2   0.02G   5.1  101000 
268630 99999  19871227    31.1  8    29.5  7  1013.7  8  9999.9  0    1.6  8   10.2  8   11.7  999.9    34.7*   27.1   0.01G   5.5  111000 
268630 99999  19871228    34.1  8    32.6  8  1006.5  8  9999.9  0    4.8  8   10.2  8   13.6   21.4    35.2    31.3*  0.12G   3.9  010000 
268630 99999  19871229    24.0  8    19.2  8  1016.8  8  9999.9  0   10.6  8    9.5  8   15.5   21.4    26.1    21.6*  0.12G 999.9  001000 
268630 99999  19871230    34.4  7    32.5  7   998.4  7  9999.9  0    5.0  7   15.8  7   23.3   31.1    41.0    22.8   0.08G 999.9  011000 
268630 99999  19871231    23.9  8    17.1  8  1007.6  8  9999.9  0   10.4  8   17.5  8   25.3   33.0    33.1*    9.3*  0.12G 999.9  001000 
268630 99999  19880101    13.8  8     6.7  8  1019.2  8  9999.9  0   11.7  8    8.7  8   13.6   21.4    23.4*    5.0   0.00B 999.9  000000 
268630 99999  19880102    33.3  8    32.1  8  1000.9  8  9999.9  0    2.1  8   12.9  8   15.5   21.4    36.7*   20.1   0.01G   2.8  111000 
268630 99999  19880103    39.3  8    38.5  8   996.0  8  9999.9  0    1.6  8    9.5  8   13.6  999.9    39.9*   36.3   0.20G 999.9  110000 
268630 99999  19880104    37.0  8    35.7  8  1004.7  8  9999.9  0    2.0  8   10.7  8   13.6  999.9    39.6*   34.5*  0.04G 999.9  000000 
268630 99999  19880105    35.4  8    34.3  8  1003.9  8  9999.9  0    1.8  8    9.0  8   11.7  999.9    37.8    33.1   0.00G 999.9  010000 
268630 99999  19880106    34.2  8    33.2  8  1009.1  8  9999.9  0    1.6  8    6.1  8    7.8  999.9    36.3*   32.5*  0.09F 999.9  111000 
268630 99999  19880107    35.5  8    35.3  8  1008.6  8  9999.9  0    0.5  8    6.6  8    9.7  999.9    38.8    32.5   0.11F 999.9  110000 
268630 99999  19880108    35.5  8    35.5  8  1017.5  8  9999.9  0    0.2  8    4.4  8    7.8  999.9    37.0    33.4   0.02F 999.9  110000 
268630 99999  19880109    33.7  7    33.0  7  1030.9  7  9999.9  0    1.2  7    2.8  7    3.9  999.9    34.9    32.9*  0.04F 999.9  100000 
268630 99999  19880110    32.5  8    29.8  8  1037.3  8  9999.9  0    3.6  8    8.0  8   11.7  999.9    33.1    32.0   0.00C 999.9  000000 
268630 99999  19880111    29.2  8    25.8  8  1032.8  8  9999.9  0    5.1  8    8.5  8   11.7  999.9    31.8*   27.1*  0.00C 999.9  000000 
268630 99999  19880112    27.9  8    23.5  8  1022.3  8  9999.9  0    4.6  8    7.0  8   11.7  999.9    28.6    26.8   0.02E 999.9  001000 
268630 99999  19880113    32.3  8    27.9  8  1023.2  8  9999.9  0    5.2  8    6.3  8    7.8  999.9    34.5    27.7   0.01E 999.9  000000 
268630 99999  19880114    32.1  7    27.3  7  1031.7  7  9999.9  0    8.9  7    1.7  7    5.8  999.9    33.4    30.7   0.00B 999.9  000000 
268630 99999  19880115    27.7  8    23.5  8  1034.7  8  9999.9  0    6.8  8    5.8  8    9.7  999.9    30.9*   25.0*  0.00G 999.9  000000 
268630 99999  19880116    26.2  8    21.5  8  1030.0  8  9999.9  0    4.5  8    7.3  8    9.7  999.9    32.5    21.4   0.00C 999.9  000000 
268630 99999  19880117    26.4  8    24.3  8  1022.5  8  9999.9  0    2.0  8    6.8  8    7.8  999.9    29.5    24.6   0.01G 999.9  001000 
268630 99999  19880118    22.8  8    20.2  8  1022.2  8  9999.9  0    1.7  8    4.6  8    7.8  999.9    25.7    16.9*  0.00G   5.9  001000 
268630 99999  19880119    18.9  9    16.0  9  1028.4  9  9999.9  0    4.4  9    5.6  9    9.7  999.9    23.0    10.4   0.02F 999.9  001000 
268630 99999  19880120    21.0  8    18.3  8  1028.6  8  9999.9  0    2.6  8    3.9  8    7.8  999.9    23.2    18.1   0.01E 999.9  001000 
268630 99999  19880121    19.6  8    17.7  8  1027.0  8  9999.9  0    2.3  8    6.3  8    9.7  999.9    21.6    17.2*  0.00C 999.9  100000 
268630 99999  19880122    22.0  8    18.6  8  1028.1  8  9999.9  0    3.7  8    9.2  8   11.7  999.9    23.5    17.4   0.00G 999.9  001000 
268630 99999  19880123     9.4  8     5.4  8  1028.3  8  9999.9  0    4.3  8    6.6  8    9.7  999.9    16.5     5.4*  0.00F 999.9  000000 
268630 99999  19880124     5.9  8     2.6  8  1026.2  8  9999.9  0    2.5  8    6.1  8    7.8  999.9    11.7     1.4*  0.00F 999.9  001000 
268630 99999  19880125     0.2  8    -5.5  8  1025.7  8  9999.9  0    3.0  8    5.1  8    7.8  999.9     8.1    -5.4   0.00G   3.1  000000 
268630 99999  19880126    -2.9  8    -8.3  8  1025.8  8  9999.9  0    1.9  8    6.8  8    7.8  999.9     4.5    -7.8   0.00G   2.8  000000 
268630 99999  19880127    -3.4  8    -8.6  8  1029.4  7  9999.9  0    2.1  8    6.6  8    9.7  999.9     3.9   -10.7   0.00C 999.9  000000 
268630 99999  19880128    -1.3  8    -6.2  8  1032.4  8  9999.9  0    1.8  8    5.3  8    7.8  999.9     6.1*   -7.4   0.00E   2.8  000000 
268630 99999  19880129    -0.3  8    -6.2  8  1028.5  8  9999.9  0    1.9  8    4.9  8    9.7  999.9     8.4   -10.3   0.00G   2.8  000000 
268630 99999  19880130     1.8  8    -4.7  8  1021.0  8  9999.9  0    3.1  8   14.6  8   17.5   25.3     7.9    -3.5   0.00C   2.8  000000 
268630 99999  19880131     2.9  8    -3.1  8  1020.8  8  9999.9  0    3.0  8    9.7  8   13.6  999.9     9.1    -4.2   0.00C 999.9  000000 
268630 99999  19880201     4.8  8    -3.4  8  1028.4  8  9999.9  0    3.9  8    7.5  8    9.7  999.9    11.7*   -2.4*  0.00C   2.8  000000 
268630 99999  19880202    12.6  7     1.6  7  1022.2  7  9999.9  0    5.9  7   13.6  7   19.4  999.9    21.4     5.0   0.00C   2.8  000000 
268630 99999  19880203    16.3  8    10.7  8  1014.2  8  9999.9  0    3.3  8   14.1  8   17.5   21.4    17.8    14.7   0.02F 999.9  001000 
268630 99999  19880204    27.5  8    25.6  8  1015.2  8  9999.9  0    1.5  8   10.2  8   13.6   19.4    34.2    16.5   0.08G 999.9  101000 
268630 99999  19880205    31.8  8    28.2  8  1015.8  8  9999.9  0    1.8  8   11.7  8   15.5  999.9    36.5    28.6   0.00G   2.0  000000 
268630 99999  19880206    32.9  8    30.8  8  1013.2  8  9999.9  0    2.0  8   10.0  8   13.6   19.4    34.5    28.6   0.00C   2.0  000000 
268630 99999  19880207    32.4  8    31.2  8  1011.9  8  9999.9  0    1.1  8   10.0  8   11.7  999.9    33.1    31.3   0.04F   1.2  110000 
268630 99999  19880208    33.7  7    32.7  7  1005.8  7  9999.9  0    0.7  7   10.8  7   17.5   21.4    35.1    32.5*  0.05F   1.2  111000 
268630 99999  19880209    34.2  8    33.6  8  1006.8  8  9999.9  0    0.8  8    8.7  8   11.7  999.9    35.4    32.9*  0.04E 999.9  110000 
268630 99999  19880210    34.0  9    33.7  9  1010.2  9  9999.9  0    0.5  9    7.1  9    9.7  999.9    35.1    32.7   0.03F 999.9  110000 
268630 99999  19880211    33.4  8    32.4  8  1013.0  8  9999.9  0    1.4  8    6.6  8    7.8  999.9    34.3    32.0   0.04F 999.9  111000 
268630 99999  19880212    33.0  8    31.8  8  1015.3  7  9999.9  0    1.1  8    5.1  8    7.8  999.9    35.4    31.6*  0.00E 999.9  100000 
268630 99999  19880213    31.3  8    29.2  8  1029.5  8  9999.9  0    1.6  8    7.0  8    9.7  999.9    32.4*   29.7*  0.00E 999.9  001000 
268630 99999  19880214    30.4  8    28.2  8  1039.8  8  9999.9  0    2.0  8    5.8  8   11.7  999.9    31.6    29.5   0.00F 999.9  010000 
268630 99999  19880215    30.9  8    27.2  8  1041.9  8  9999.9  0    2.1  8    3.4  8    5.8  999.9    33.1    29.3   0.00C 999.9  000000 
268630 99999  19881211    16.9  8    14.3  8   999.7  8  9999.9  0    4.6  8    6.6  8   11.7  999.9    20.5    12.6   0.20F 999.9  001000 
268630 99999  19881212    19.2  8    15.1  8  1009.4  8  9999.9  0    9.3  8    8.0  8   11.7  999.9    20.7    13.3   0.00E   8.7  000000 
268630 99999  19881213    15.1  8    12.2  8  1018.0  8  9999.9  0    4.9  8    7.8  8   13.6  999.9    18.0*   11.8*  0.00G   8.7  001000 
268630 99999  19881214    22.8  8    20.6  7  1003.6  8  9999.9  0    3.3  8   12.4  8   15.5   21.4    31.3    11.3   0.03G   9.4  001000 
268630 99999  19881215    17.3  8    15.6  8  1015.9  8  9999.9  0    3.4  8    2.7  8    7.8  999.9    21.7    12.0   0.00G 999.9  100000 
268630 99999  19881216    15.8  8    13.1  8  1024.6  8  9999.9  0    2.7  8    4.6  8    7.8  999.9    19.6    12.9   0.00E   9.4  001000 
268630 99999  19881217    18.2  8    15.9  8  1020.5  8  9999.9  0    2.0  7    6.3  8    9.7  999.9    21.4    13.3   0.00G   9.1  011000 
268630 99999  19881218    21.9  8    19.4  8  1010.8  8  9999.9  0    1.8  8    8.7  8   11.7  999.9    27.1*   18.3   0.02G   9.1  001000 
268630 99999  19881219    26.1  8    24.0  8   997.8  8  9999.9  0    2.8  8   10.7  8   13.6  999.9    31.3*   16.3   0.00G   9.8  001000 
268630 99999  19881220    30.3  8    29.4  8   997.4  8  9999.9  0    1.3  8    6.8  8   13.6  999.9    32.4*   23.4*  0.07F  10.2  111000 
268630 99999  19881221    15.4  8    11.5  8  1012.8  8  9999.9  0    5.4  8   11.2  8   13.6   23.3    21.9*   12.0   0.03F  10.2  001000 
268630 99999  19881222    29.5  8    24.9  8  1007.3  8  9999.9  0    4.4  8   12.1  8   17.5   27.2    33.4*   15.1   0.08G  10.2  001000 
268630 99999  19881223    36.2  8    32.6  8  1002.8  8  9999.9  0    4.0  8   13.4  8   15.5   25.3    37.9    30.4   0.04G   8.7  010000 
268630 99999  19881224    34.8  7    33.8  7   993.9  6  9999.9  0    1.9  7    9.7  7   11.7  999.9    36.1    32.9*  0.08G   7.9  110000 
268630 99999  19881225    25.8  8    24.0  8   998.2  8  9999.9  0    2.5  7   11.7  8   17.5   35.0    34.7*   13.6*  0.20G   5.9  011000 
268630 99999  19881226    10.5  8     6.9  8  1018.6  8  9999.9  0    3.7  8    6.8  8   15.5   19.4    14.9     6.1*  0.00G   6.7  001000 
268630 99999  19881227    23.5  8    21.5  8  1010.6  8  9999.9  0    1.9  8   10.7  8   15.5   19.4    38.3*    5.7   0.00G 999.9  011000 
268630 99999  19881228    21.9  8    18.7  8  1012.5  8  9999.9  0    5.1  8   14.8  8   23.3   27.2    36.7*    8.6*  0.28G 999.9  011000 
268630 99999  19881229    19.3  8    17.6  8  1022.8  8  9999.9  0    2.2  8    8.7  8   11.7  999.9    35.2*    3.7*  0.04G 999.9  111000 
268630 99999  19881230    34.1  8    31.0  8  1016.9  8  9999.9  0    6.2  8   13.1  8   19.4   29.1    36.9*   31.1   0.12G 999.9  010000 
268630 99999  19881231    32.9  8    31.6  8  1001.1  8  9999.9  0    3.5  8   20.9  8   31.1   42.7    36.9*   27.7*  0.04G 999.9  011000 































































































































































































































































































































































































































































































































































































































































































































































































































































































































































































































































































































































































































































































































































































































































