0,568181818181818 0,456842105263158 -0,984 0,405555555555556 0,61984126984127 -0,944 1 1 -1 -1 -1 
0,5 0,509473684210526 -0,904 0,292857142857143 0,507142857142857 -0,904 1 1 1 -1 -1 
0,455454545454545 0,498947368421052 -1 0,278571428571429 0,492857142857143 -1 1 -1 -1 -1 -1 
0,467272727272727 0,473684210526316 -1 0,303968253968254 0,518253968253968 -1 1 -1 -1 -1 -1 
0,492727272727273 0,502105263157895 -0,984 0,337301587301587 0,551587301587302 -1 1 -1 -1 -1 -1 
0,522727272727273 0,556842105263158 -0,944 0,33968253968254 0,553968253968254 -1 -1 -1 -1 -1 -1 
0,530909090909091 0,560000000000001 -0,944 0,371428571428571 0,585714285714286 -1 1 -1 -1 -1 -1 
0,565454545454545 0,523157894736843 -0,864 0,417460317460317 0,631746031746032 -1 -1 -1 -1 -1 -1 
0,56 0,52 -0,728 0,408730158730159 0,623015873015873 -0,748 -1 1 1 -1 -1 
0,477272727272727 0,602105263157895 -0,768 0,334126984126984 0,548412698412698 -0,92 -1 -1 1 -1 -1 
0,485454545454545 0,62 -0,984 0,348412698412698 0,562698412698413 -0,968 -1 -1 1 -1 -1 
0,499090909090909 0,592631578947368 -1 0,342857142857143 0,557142857142857 -1 1 -1 -1 -1 -1 
0,501818181818182 0,589473684210526 -1 0,371428571428571 0,585714285714286 -0,904 -1 -1 1 -1 -1 
0,488181818181818 0,513684210526315 -1 0,33968253968254 0,553968253968254 -0,976 1 -1 1 -1 -1 
0,517272727272727 0,538947368421053 -0,984 0,373015873015873 0,587301587301587 -1 1 -1 -1 -1 -1 
0,397272727272727 0,494736842105263 -1 0,253174603174603 0,467460317460317 -1 -1 -1 -1 -1 -1 
0,371818181818182 0,610526315789474 -1 0,232539682539683 0,446825396825397 -1 1 -1 -1 -1 -1 
0,342727272727273 0,653684210526315 -0,92 0,21031746031746 0,424603174603175 -1 1 -1 -1 -1 -1 
0,315454545454545 0,543157894736842 -1 0,174603174603175 0,388888888888889 -1 1 -1 -1 -1 -1 
0,38 0,503157894736842 -0,968 0,241269841269841 0,455555555555556 -0,992 -1 -1 1 -1 -1 
0,605454545454545 0,462105263157895 -0,448 0,464285714285714 0,678571428571429 -0,984 1 1 -1 -1 -1 
0,577272727272727 0,516842105263158 -0,608 0,43968253968254 0,653968253968254 -1 -1 -1 -1 -1 -1 
0,640909090909091 0,472631578947368 -0,032 0,525396825396825 0,73968253968254 -0,976 -1 -1 -1 -1 -1 
0,616363636363636 0,489473684210526 -0,312 0,515873015873016 0,73015873015873 -1 -1 -1 -1 -1 -1 
0,491818181818182 0,614736842105263 -0,736 0,423015873015873 0,637301587301587 -1 -1 -1 -1 -1 -1 
0,372727272727273 0,676842105263157 -0,608 0,312698412698413 0,526984126984127 -0,988 -1 -1 -1 -1 -1 
0,455454545454545 0,561052631578947 0,104 0,318253968253968 0,532539682539683 -1 -1 1 1 -1 -1 
0,306363636363636 0,707368421052632 -0,456 0,265873015873016 0,48015873015873 -1 -1 -1 -1 -1 -1 
0,326363636363636 0,763157894736842 -0,776 0,221428571428571 0,435714285714286 -1 -1 -1 -1 -1 -1 
0,371818181818182 0,736842105263158 -0,872 0,273015873015873 0,487301587301587 -1 -1 -1 1 -1 -1 
0,546363636363636 0,773684210526316 -0,544 0,435714285714286 0,65 -1 -1 -1 -1 -1 -1 
0,568181818181818 0,738947368421053 -0,64 0,403968253968254 0,618253968253968 -1 1 -1 -1 -1 -1 
0,581818181818182 0,637894736842104 -0,736 0,431746031746032 0,646031746031746 -0,988 1 1 -1 -1 -1 
0,539090909090909 0,667368421052633 -0,56 0,435714285714286 0,65 -1 -1 -1 -1 -1 -1 
0,526363636363636 0,708421052631579 -0,752 0,41031746031746 0,624603174603175 -1 -1 -1 -1 -1 -1 
0,514545454545455 0,46421052631579 -0,184 0,435714285714286 0,65 -0,992 -1 -1 -1 -1 -1 
0,511818181818182 0,551578947368421 -0,776 0,403968253968254 0,618253968253968 -1 -1 -1 -1 -1 -1 
0,564545454545455 0,618947368421052 -0,808 0,414285714285714 0,628571428571429 -1 1 -1 -1 -1 -1 
0,582727272727273 0,629473684210526 -0,848 0,438888888888889 0,653174603174603 -1 1 -1 -1 -1 -1 
0,564545454545455 0,668421052631579 -0,824 0,412698412698413 0,626984126984127 -1 1 -1 -1 -1 -1 
0,515454545454546 0,742105263157895 -0,744 0,362698412698413 0,576984126984127 -1 -1 -1 -1 -1 -1 
0,519090909090909 0,76 -0,536 0,407142857142857 0,621428571428571 -1 -1 -1 -1 -1 -1 
0,478181818181818 0,812631578947369 -0,712 0,38015873015873 0,594444444444444 -1 -1 -1 -1 -1 -1 
0,489090909090909 0,769473684210525 -0,752 0,31984126984127 0,534126984126984 -1 1 -1 -1 -1 -1 
0,514545454545455 0,730526315789475 -0,512 0,38015873015873 0,594444444444444 -1 1 -1 -1 -1 -1 
0,450909090909091 0,403157894736842 -0,088 0,364285714285714 0,578571428571429 -0,992 1 -1 -1 -1 -1 
0,402727272727273 0,434736842105263 0,44 0,355555555555556 0,56984126984127 -1 -1 -1 1 -1 -1 
0,475454545454545 0,511578947368421 -0,744 0,351587301587302 0,565873015873016 -0,968 -1 -1 1 -1 -1 
0,481818181818182 0,561052631578947 -0,848 0,318253968253968 0,532539682539683 -1 1 -1 1 -1 -1 
0,503636363636364 0,511578947368421 -0,608 0,357142857142857 0,571428571428571 -1 1 -1 -1 -1 -1 
0,633636363636364 0,368421052631579 -0,28 0,511111111111111 0,725396825396825 -0,992 1 -1 -1 -1 -1 
0,532727272727273 0,443157894736842 0,128 0,446031746031746 0,66031746031746 -0,984 -1 1 -1 -1 -1 
0,521818181818182 0,498947368421052 -0,288 0,411111111111111 0,625396825396825 -1 -1 -1 -1 -1 -1 
0,561818181818182 0,437894736842106 -0,648 0,391269841269841 0,605555555555556 -0,992 1 1 -1 -1 -1 
0,569090909090909 0,315789473684211 -0,376 0,432539682539683 0,646825396825397 -0,952 -1 1 -1 -1 -1 
0,532727272727273 0,48 -0,784 0,434126984126984 0,648412698412698 -0,984 -1 1 -1 -1 -1 
0,553636363636364 0,54421052631579 -0,824 0,43015873015873 0,644444444444444 -1 -1 -1 -1 -1 -1 
0,586363636363636 0,558947368421053 -0,864 0,442857142857143 0,657142857142857 -1 -1 -1 -1 -1 -1 
0,598181818181818 0,503157894736842 -0,688 0,473015873015873 0,687301587301587 -0,992 -1 1 -1 -1 -1 
0,602727272727273 0,529473684210526 -0,728 0,5 0,714285714285714 -1 -1 -1 -1 -1 -1 
0,57 0,353684210526316 -0,36 0,46031746031746 0,674603174603175 -1 -1 1 -1 -1 -1 
0,552727272727273 0,351578947368421 -0,536 0,411111111111111 0,625396825396825 -1 1 -1 -1 -1 -1 
0,480909090909091 0,407368421052632 -0,456 0,398412698412698 0,612698412698413 -1 1 -1 -1 -1 -1 
0,464545454545455 0,562105263157895 -0,808 0,371428571428571 0,585714285714286 -1 -1 -1 -1 -1 -1 
0,407272727272727 0,66 -0,088 0,353968253968254 0,568253968253968 -1 -1 -1 -1 -1 -1 
0,393636363636364 0,670526315789474 -0,744 0,276984126984127 0,491269841269841 -1 -1 -1 -1 -1 -1 
0,416363636363636 0,723157894736843 -0,824 0,335714285714286 0,55 -1 -1 -1 1 -1 -1 
0,438181818181818 0,682105263157894 -0,864 0,338888888888889 0,553174603174603 -1 -1 -1 1 -1 -1 
0,484545454545455 0,6 -0,688 0,361111111111111 0,575396825396825 -1 1 -1 -1 -1 -1 
0,525454545454545 0,481052631578948 -0,736 0,374603174603175 0,588888888888889 -0,992 1 -1 1 -1 -1 
0,449090909090909 0,504210526315789 -0,552 0,392857142857143 0,607142857142857 -1 -1 -1 -1 -1 -1 
0,502727272727273 0,543157894736842 -0,592 0,417460317460317 0,631746031746032 -1 -1 -1 -1 -1 -1 
0,556363636363636 0,562105263157895 -0,712 0,415873015873016 0,63015873015873 -1 -1 -1 -1 -1 -1 
0,602727272727273 0,618947368421052 -0,688 0,467460317460317 0,681746031746032 -1 -1 -1 -1 -1 -1 
0,605454545454545 0,549473684210527 -0,648 0,461111111111111 0,675396825396825 -1 1 -1 -1 -1 -1 
0,502727272727273 0,694736842105263 -0,848 0,362698412698413 0,576984126984127 -1 1 -1 -1 -1 -1 
0,502727272727273 0,683157894736843 -0,784 0,353968253968254 0,568253968253968 -1 1 -1 -1 -1 -1 
0,492727272727273 0,560000000000001 -0,632 0,342857142857143 0,557142857142857 -0,952 1 -1 1 -1 -1 
0,48 0,515789473684211 -0,824 0,338888888888889 0,553174603174603 -1 1 -1 -1 -1 -1 
0,54 0,416842105263158 -0,32 0,334126984126984 0,548412698412698 -0,992 1 -1 1 -1 -1 
0,543636363636364 0,570526315789474 -0,456 0,424603174603175 0,638888888888889 -1 1 1 -1 -1 -1 
0,458181818181818 0,682105263157894 -0,688 0,375396825396825 0,58968253968254 -1 -1 -1 -1 -1 -1 
0,526363636363636 0,617894736842106 -0,808 0,358730158730159 0,573015873015873 -1 1 -1 -1 -1 -1 
0,503636363636364 0,673684210526316 -0,728 0,375396825396825 0,58968253968254 -1 1 -1 -1 -1 -1 
0,491818181818182 0,652631578947368 -0,808 0,31984126984127 0,534126984126984 -0,996 1 -1 1 -1 -1 
0,547272727272727 0,676842105263157 -1 0,394444444444444 0,608730158730159 -1 1 -1 -1 -1 -1 
0,498181818181818 0,698947368421054 -1 0,36984126984127 0,584126984126984 -1 1 -1 -1 -1 -1 
0,48 0,718947368421052 -1 0,357142857142857 0,571428571428571 -1 1 -1 -1 -1 -1 
0,507272727272727 0,718947368421052 -1 0,355555555555556 0,56984126984127 -1 1 -1 -1 -1 -1 
0,545454545454545 0,677894736842106 -1 0,41031746031746 0,624603174603175 -1 1 1 -1 -1 -1 
0,533636363636364 0,504210526315789 -0,88 0,394444444444444 0,608730158730159 -1 -1 -1 1 -1 -1 
0,551818181818182 0,474736842105263 -0,88 0,407142857142857 0,621428571428571 -0,992 -1 1 1 -1 -1 
0,491818181818182 0,54421052631579 -0,6 0,351587301587302 0,565873015873016 -0,988 -1 1 1 -1 -1 
0,384545454545455 0,687368421052631 -0,728 0,325396825396825 0,53968253968254 -1 -1 -1 -1 -1 -1 
0,497272727272727 0,596842105263158 -0,736 0,325396825396825 0,53968253968254 -0,996 -1 -1 1 -1 -1 
