0,720909090909091 0,552631578947368 -0,496 0,651587301587301 0,865873015873016 -0,324 -1 -1 -1 -1 -1 
0,728181818181818 0,561052631578947 -0,784 0,608730158730159 0,823015873015873 -0,984 -1 -1 -1 -1 -1 
0,767272727272727 0,542105263157895 -0,608 0,65 0,864285714285714 -1 -1 -1 -1 -1 -1 
0,799090909090909 0,528421052631579 -0,44 0,678571428571429 0,892857142857143 -1 -1 -1 -1 -1 -1 
0,79 0,503157894736842 -0,576 0,7 0,914285714285714 -1 -1 -1 -1 -1 -1 
0,794545454545455 0,482105263157894 -0,648 0,71031746031746 0,924603174603175 -1 -1 -1 -1 -1 -1 
0,82 0,462105263157895 -0,608 0,696031746031746 0,91031746031746 -0,984 -1 1 -1 -1 1 
0,776363636363636 0,476842105263157 -0,672 0,66031746031746 0,874603174603175 -0,86 -1 -1 -1 -1 -1 
0,784545454545455 0,527368421052632 -0,712 0,671428571428571 0,885714285714286 -1 -1 -1 -1 -1 -1 
0,77 0,551578947368421 -0,608 0,642857142857143 0,857142857142857 -0,936 -1 -1 -1 -1 -1 
0,741818181818182 0,516842105263158 -0,4 0,63968253968254 0,853968253968254 -1 -1 -1 -1 -1 -1 
0,768181818181818 0,54421052631579 -0,648 0,637301587301587 0,851587301587302 -1 -1 1 -1 -1 -1 
0,780909090909091 0,563157894736842 -0,552 0,657142857142857 0,871428571428571 -1 -1 -1 -1 -1 -1 
0,795454545454545 0,556842105263158 -0,624 0,687301587301587 0,901587301587301 -1 -1 -1 -1 -1 -1 
0,798181818181818 0,529473684210526 -0,648 0,696825396825397 0,911111111111111 -1 -1 -1 -1 -1 1 
0,812727272727273 0,488421052631579 -0,808 0,664285714285714 0,878571428571429 -0,984 -1 -1 -1 -1 1 
0,8 0,515789473684211 -0,712 0,657142857142857 0,871428571428571 -1 -1 -1 -1 -1 -1 
0,814545454545454 0,554736842105264 -0,736 0,65 0,864285714285714 -1 -1 -1 -1 -1 -1 
0,840909090909091 0,536842105263158 -0,632 0,671428571428571 0,885714285714286 -1 -1 -1 -1 -1 -1 
0,849090909090909 0,54421052631579 -0,776 0,671428571428571 0,885714285714286 -0,952 -1 1 -1 -1 -1 
0,807272727272727 0,552631578947368 -0,688 0,634126984126984 0,848412698412699 -1 -1 -1 -1 -1 1 
0,72 0,58421052631579 -0,608 0,644444444444444 0,858730158730159 -1 -1 -1 -1 -1 -1 
0,696363636363636 0,58 -0,648 0,623015873015873 0,837301587301587 -1 -1 -1 -1 -1 -1 
0,751818181818182 0,576842105263157 -0,632 0,623015873015873 0,837301587301587 -1 -1 -1 -1 -1 -1 
0,775454545454545 0,590526315789474 -0,576 0,646031746031746 0,86031746031746 -1 -1 -1 -1 -1 -1 
0,759090909090909 0,537894736842106 -0,776 0,66031746031746 0,874603174603175 -1 -1 -1 -1 -1 -1 
0,795454545454545 0,523157894736843 -0,744 0,684126984126984 0,898412698412698 -1 -1 -1 -1 -1 -1 
0,813636363636364 0,531578947368421 -0,712 0,685714285714286 0,9 -1 -1 -1 -1 -1 1 
0,782727272727273 0,548421052631579 -0,64 0,708730158730159 0,923015873015873 -1 -1 -1 -1 -1 -1 
0,757272727272727 0,529473684210526 -0,648 0,7 0,914285714285714 -1 -1 -1 -1 -1 -1 
0,782727272727273 0,548421052631579 -0,64 0,708730158730159 0,923015873015873 -1 -1 -1 -1 -1 -1 
0,757272727272727 0,529473684210526 -0,648 0,7 0,914285714285714 -1 -1 -1 -1 -1 -1 
0,758181818181818 0,5 -0,592 0,691269841269841 0,905555555555556 -1 -1 -1 -1 -1 -1 
0,790909090909091 0,507368421052632 -0,616 0,698412698412698 0,912698412698413 -1 -1 -1 -1 -1 -1 
0,750909090909091 0,563157894736842 -0,528 0,678571428571429 0,892857142857143 -1 -1 -1 -1 -1 -1 
0,846363636363636 0,587368421052631 -0,72 0,673015873015873 0,887301587301587 -1 -1 -1 -1 -1 -1 
0,847272727272727 0,561052631578947 -0,688 0,692857142857143 0,907142857142857 -1 -1 -1 -1 -1 -1 
0,843636363636364 0,533684210526316 -0,736 0,696825396825397 0,911111111111111 -1 -1 -1 -1 -1 -1 
0,842727272727273 0,503157894736842 -0,752 0,701587301587302 0,915873015873016 -1 -1 -1 -1 -1 1 
0,815454545454545 0,506315789473685 -0,584 0,696825396825397 0,911111111111111 -0,976 -1 1 -1 -1 1 
0,714545454545454 0,569473684210527 -0,584 0,655555555555556 0,86984126984127 -1 -1 -1 -1 -1 -1 
0,689090909090909 0,606315789473684 -0,568 0,61984126984127 0,834126984126984 -1 -1 -1 -1 -1 -1 
0,711818181818182 0,652631578947368 -0,632 0,603174603174603 0,817460317460317 -1 -1 -1 -1 -1 -1 
0,712727272727273 0,651578947368422 -0,56 0,596825396825397 0,811111111111111 -1 -1 -1 -1 -1 -1 
0,721818181818182 0,617894736842106 -0,664 0,6 0,814285714285714 -1 -1 -1 -1 -1 -1 
0,712727272727273 0,493684210526316 0,00800000000000001 0,6 0,814285714285714 -0,976 -1 1 -1 -1 -1 
0,701818181818182 0,56421052631579 -0,624 0,582539682539683 0,796825396825397 -0,992 -1 -1 -1 -1 -1 
0,759090909090909 0,560000000000001 -0,752 0,614285714285714 0,828571428571429 -1 -1 -1 -1 -1 -1 
0,787272727272727 0,55578947368421 -0,664 0,614285714285714 0,828571428571429 -1 -1 1 -1 -1 -1 
0,776363636363636 0,531578947368421 -0,04 0,7 0,914285714285714 38,996 -1 1 -1 -1 -1 
0,781818181818182 0,490526315789474 -0,696 0,682539682539683 0,896825396825397 -1 -1 -1 -1 -1 -1 
0,805454545454545 0,507368421052632 -0,672 0,688888888888889 0,903174603174603 -1 -1 1 -1 -1 -1 
0,794545454545455 0,529473684210526 -0,6 0,657142857142857 0,871428571428571 -1 -1 -1 -1 -1 -1 
0,799090909090909 0,497894736842105 -0,656 0,634126984126984 0,848412698412699 -1 -1 -1 -1 -1 -1 
0,813636363636364 0,45578947368421 -0,624 0,665873015873016 0,88015873015873 -1 -1 -1 -1 -1 1 
0,781818181818182 0,502105263157895 -0,552 0,634126984126984 0,848412698412699 -1 -1 -1 -1 -1 -1 
0,685454545454546 0,560000000000001 -0,6 0,618253968253968 0,832539682539683 -1 -1 -1 -1 -1 -1 
0,682727272727273 0,603157894736842 -0,768 0,58015873015873 0,794444444444444 -1 -1 -1 -1 -1 -1 
0,711818181818182 0,583157894736842 -0,776 0,582539682539683 0,796825396825397 -1 -1 -1 -1 -1 -1 
0,731818181818182 0,54421052631579 -0,728 0,608730158730159 0,823015873015873 -1 -1 -1 -1 -1 -1 
0,705454545454545 0,562105263157895 -0,744 0,557142857142857 0,771428571428571 -1 -1 1 -1 -1 -1 
0,699090909090909 0,601052631578948 -0,544 0,558730158730159 0,773015873015873 -0,864 -1 1 -1 -1 -1 
0,661818181818182 0,65578947368421 -0,472 0,557142857142857 0,771428571428571 -0,992 -1 -1 -1 -1 -1 
0,675454545454545 0,668421052631579 -0,648 0,555555555555556 0,76984126984127 -1 -1 -1 -1 -1 -1 
0,67 0,629473684210526 -0,712 0,528571428571429 0,742857142857143 -1 -1 -1 -1 -1 -1 
0,613636363636364 0,534736842105263 -0,344 0,53968253968254 0,753968253968254 -1 -1 -1 -1 -1 -1 
0,624545454545455 0,575789473684211 -0,472 0,531746031746032 0,746031746031746 -1 -1 1 -1 -1 -1 
0,696363636363636 0,508421052631578 -0,664 0,542857142857143 0,757142857142857 -0,956 -1 1 -1 -1 -1 
0,706363636363636 0,489473684210526 -0,688 0,55 0,764285714285714 -0,604 -1 1 -1 -1 -1 
0,657272727272727 0,552631578947368 -0,616 0,531746031746032 0,746031746031746 -0,912 -1 1 -1 -1 -1 
0,703636363636364 0,582105263157894 -0,728 0,63968253968254 0,853968253968254 -1 -1 -1 -1 -1 -1 
0,770909090909091 0,550526315789473 -0,68 0,665873015873016 0,88015873015873 -1 -1 1 -1 -1 -1 
0,785454545454546 0,575789473684211 -0,432 0,65 0,864285714285714 -0,716 -1 1 -1 -1 -1 
0,763636363636364 0,562105263157895 -0,656 0,646031746031746 0,86031746031746 -1 -1 -1 -1 -1 -1 
0,777272727272727 0,553684210526316 -0,696 0,637301587301587 0,851587301587302 -1 -1 -1 -1 -1 -1 
0,69 0,632631578947367 -0,608 0,574603174603175 0,788888888888889 -1 -1 -1 -1 -1 -1 
0,689090909090909 0,642105263157895 -0,52 0,6 0,814285714285714 -1 -1 -1 -1 -1 -1 
0,71 0,626315789473684 -0,64 0,617460317460317 0,831746031746032 -1 -1 -1 -1 -1 -1 
0,712727272727273 0,602105263157895 -0,616 0,631746031746032 0,846031746031746 -1 -1 -1 -1 -1 -1 
0,716363636363636 0,575789473684211 -0,632 0,671428571428571 0,885714285714286 -1 -1 -1 -1 -1 -1 
0,716363636363636 0,575789473684211 -0,632 0,671428571428571 0,885714285714286 -1 -1 -1 -1 -1 -1 
0,732727272727273 0,551578947368421 -0,672 0,665873015873016 0,88015873015873 -1 -1 -1 -1 -1 -1 
0,753636363636364 0,52 -0,728 0,625396825396825 0,83968253968254 -1 -1 1 -1 -1 1 
0,759090909090909 0,550526315789473 -0,744 0,618253968253968 0,832539682539683 -0,984 -1 1 -1 -1 1 
0,726363636363636 0,573684210526316 -0,688 0,617460317460317 0,831746031746032 -1 -1 -1 -1 -1 -1 
0,826363636363636 0,466315789473684 -0,768 0,635714285714286 0,85 -1 -1 -1 -1 -1 -1 
0,865454545454545 0,452631578947368 -0,96 0,685714285714286 0,9 -0,936 -1 1 -1 -1 1 
0,793636363636364 0,484210526315789 -0,688 0,661111111111111 0,875396825396825 -0,952 -1 1 -1 -1 -1 
0,694545454545455 0,541052631578947 -0,744 0,564285714285714 0,778571428571429 -1 -1 -1 -1 -1 -1 
0,704545454545455 0,531578947368421 -0,768 0,5 0,714285714285714 -1 -1 -1 -1 -1 -1 
0,719090909090909 0,546315789473684 -0,92 0,51984126984127 0,734126984126984 -1 -1 -1 -1 -1 -1 
0,795454545454545 0,521052631578947 -0,904 0,6 0,814285714285714 -1 -1 -1 -1 -1 -1 
0,844545454545455 0,497894736842105 -0,816 0,671428571428571 0,885714285714286 -0,984 -1 1 -1 -1 -1 
0,813636363636364 0,554736842105264 -0,848 0,651587301587301 0,865873015873016 -1 -1 1 -1 -1 -1 
0,768181818181818 0,58421052631579 -0,672 0,628571428571429 0,842857142857143 -1 -1 -1 -1 -1 -1 
0,729090909090909 0,562105263157895 -0,96 0,515873015873016 0,73015873015873 -1 -1 -1 -1 -1 -1 
0,77 0,545263157894736 -0,96 0,571428571428571 0,785714285714286 -1 -1 -1 -1 -1 -1 
0,800909090909091 0,534736842105263 -0,96 0,592857142857143 0,807142857142857 -1 -1 -1 -1 -1 -1 
0,802727272727273 0,541052631578947 -0,92 0,653968253968254 0,868253968253968 -1 -1 -1 -1 -1 -1 
0,799090909090909 0,530526315789473 -0,888 0,581746031746032 0,796031746031746 -1 -1 -1 -1 -1 -1 
0,607272727272727 0,505263157894737 -0,264 0,575396825396825 0,78968253968254 -1 -1 -1 -1 -1 -1 
0,646363636363636 0,573684210526316 -0,608 0,534126984126984 0,748412698412698 -1 -1 -1 -1 -1 -1 
0,69 0,556842105263158 -0,656 0,523015873015873 0,737301587301587 -1 -1 -1 -1 -1 -1 
0,774545454545455 0,495789473684211 -0,496 0,594444444444444 0,808730158730159 -1 -1 -1 -1 -1 -1 
0,732727272727273 0,578947368421053 -0,536 0,591269841269841 0,805555555555556 -0,764 -1 1 -1 -1 -1 
0,756363636363636 0,469473684210527 -0,848 0,581746031746032 0,796031746031746 -0,684 -1 1 -1 -1 -1 
0,717272727272727 0,513684210526315 -0,624 0,575396825396825 0,78968253968254 -0,936 -1 -1 -1 -1 1 
0,724545454545455 0,549473684210527 -0,904 0,515873015873016 0,73015873015873 -1 -1 -1 -1 -1 -1 
0,756363636363636 0,493684210526316 -0,848 0,546031746031746 0,76031746031746 -1 -1 -1 -1 -1 -1 
0,792727272727273 0,502105263157895 -0,864 0,585714285714286 0,8 -1 -1 -1 -1 -1 -1 
0,768181818181818 0,569473684210527 -0,864 0,614285714285714 0,828571428571429 -1 -1 -1 -1 -1 -1 
0,770909090909091 0,536842105263158 -0,864 0,578571428571429 0,792857142857143 -1 -1 -1 -1 -1 -1 
0,819090909090909 0,404210526315789 -0,776 0,6 0,814285714285714 -1 -1 1 -1 1 1 
0,728181818181818 0,441052631578947 -0,688 0,608730158730159 0,823015873015873 -0,996 -1 -1 -1 -1 1 
0,751818181818182 0,546315789473684 -0,824 0,55 0,764285714285714 -1 -1 1 -1 -1 -1 
0,836363636363636 0,548421052631579 -0,88 0,646031746031746 0,86031746031746 -1 -1 -1 -1 -1 -1 
0,822727272727273 0,534736842105263 -0,88 0,65 0,864285714285714 -1 1 -1 -1 -1 -1 
0,78 0,476842105263157 -0,768 0,592857142857143 0,807142857142857 -1 -1 -1 -1 -1 -1 
0,73 0,489473684210526 -0,824 0,608730158730159 0,823015873015873 -1 -1 -1 -1 -1 -1 
0,772727272727273 0,485263157894737 -0,952 0,574603174603175 0,788888888888889 -0,92 -1 1 -1 -1 -1 
0,827272727272727 0,511578947368421 -0,248 0,688888888888889 0,903174603174603 -1 -1 -1 -1 -1 -1 
0,731818181818182 0,571578947368421 -0,608 0,623015873015873 0,837301587301587 -1 -1 1 -1 -1 -1 
0,717272727272727 0,557894736842105 -0,792 0,614285714285714 0,828571428571429 -1 -1 -1 -1 -1 -1 
0,76 0,512631578947369 -0,456 0,596825396825397 0,811111111111111 -1 -1 -1 -1 -1 -1 
0,733636363636364 0,483157894736842 -0,272 0,634126984126984 0,848412698412699 -0,872 -1 1 -1 -1 -1 
0,691818181818182 0,443157894736842 -0,688 0,544444444444444 0,758730158730159 -1 -1 1 -1 -1 1 
0,640909090909091 0,529473684210526 -0,736 0,535714285714286 0,75 -0,952 -1 -1 -1 -1 -1 
0,661818181818182 0,553684210526316 -0,56 0,51984126984127 0,734126984126984 -1 -1 -1 -1 -1 -1 
0,723636363636364 0,507368421052632 -0,496 0,548412698412698 0,762698412698413 -1 -1 1 -1 -1 -1 
0,810909090909091 0,491578947368422 -0,728 0,644444444444444 0,858730158730159 -0,996 -1 1 -1 -1 -1 
0,841818181818182 0,45578947368421 -0,536 0,675396825396825 0,88968253968254 -0,992 -1 -1 -1 -1 -1 
0,756363636363636 0,458947368421053 -0,52 0,665873015873016 0,88015873015873 -1 -1 -1 -1 -1 -1 
0,754545454545455 0,431578947368421 -0,512 0,614285714285714 0,828571428571429 -0,952 -1 1 -1 -1 -1 
0,754545454545455 0,442105263157895 -0,536 0,56984126984127 0,784126984126984 -0,952 -1 -1 -1 -1 -1 
0,778181818181818 0,426315789473684 -0,224 0,653174603174603 0,867460317460317 -1 -1 -1 -1 -1 -1 
0,657272727272727 0,492631578947368 -0,44 0,528571428571429 0,742857142857143 -1 -1 1 -1 -1 -1 
0,695454545454545 0,485263157894737 -0,688 0,561111111111111 0,775396825396825 -0,996 -1 1 -1 -1 -1 
0,691818181818182 0,46421052631579 -0,536 0,567460317460317 0,781746031746032 -1 -1 -1 -1 -1 -1 
0,739090909090909 0,405263157894737 -0,496 0,587301587301587 0,801587301587302 -0,796 -1 1 -1 -1 -1 
0,655454545454545 0,433684210526316 -0,4 0,571428571428571 0,785714285714286 -0,828 -1 -1 -1 -1 -1 
0,791818181818182 0,598947368421052 -0,456 0,674603174603175 0,888888888888889 -1 -1 -1 -1 -1 -1 
0,748181818181818 0,578947368421053 -0,336 0,655555555555556 0,86984126984127 -1 -1 -1 -1 -1 -1 
0,695454545454545 0,491578947368422 -0,144 0,661111111111111 0,875396825396825 -1 -1 -1 -1 -1 -1 
0,607272727272727 0,505263157894737 -0,264 0,575396825396825 0,78968253968254 -1 -1 -1 -1 -1 -1 
0,646363636363636 0,573684210526316 -0,608 0,534126984126984 0,748412698412698 -1 -1 -1 -1 -1 -1 
0,717272727272727 0,574736842105263 -0,72 0,561111111111111 0,775396825396825 -1 -1 -1 -1 -1 -1 
0,718181818181818 0,609473684210526 -0,704 0,56984126984127 0,784126984126984 -1 -1 -1 -1 -1 -1 
0,736363636363636 0,589473684210526 -0,744 0,598412698412699 0,812698412698413 -1 -1 1 -1 -1 -1 
0,745454545454545 0,550526315789473 -0,704 0,56984126984127 0,784126984126984 -0,984 -1 -1 -1 -1 -1 
0,757272727272727 0,525263157894737 -0,672 0,573015873015873 0,787301587301587 -1 -1 -1 -1 -1 -1 
0,791818181818182 0,507368421052632 -0,688 0,625396825396825 0,83968253968254 -1 -1 -1 -1 -1 -1 
0,800909090909091 0,371578947368421 -0,504 0,626984126984127 0,841269841269841 -1 -1 1 -1 -1 -1 
0,771818181818182 0,289473684210526 -0,432 0,542857142857143 0,757142857142857 -0,78 -1 1 -1 -1 -1 
0,705454545454545 0,345263157894736 -0,688 0,537301587301587 0,751587301587302 -0,764 -1 1 -1 -1 -1 
0,673636363636364 0,417894736842106 -0,0720000000000001 0,542857142857143 0,757142857142857 -0,952 -1 1 -1 -1 -1 
0,784545454545455 0,568421052631579 -0,488 0,681746031746032 0,896031746031746 -1 -1 -1 -1 -1 -1 
0,78 0,612631578947369 -0,408 0,676984126984127 0,891269841269841 -1 -1 -1 -1 -1 -1 
0,740909090909091 0,611578947368421 -0,512 0,651587301587301 0,865873015873016 -1 -1 -1 -1 -1 -1 
0,764545454545455 0,566315789473684 -0,696 0,63015873015873 0,844444444444444 -1 -1 -1 -1 -1 -1 
0,711818181818182 0,536842105263158 -0,688 0,598412698412699 0,812698412698413 -1 -1 -1 -1 -1 -1 
0,796363636363636 0,490526315789474 -0,704 0,637301587301587 0,851587301587302 -0,956 -1 1 -1 -1 -1 
0,792727272727273 0,431578947368421 -0,624 0,634126984126984 0,848412698412699 -0,968 -1 1 -1 -1 -1 
0,783636363636364 0,437894736842106 -0,632 0,614285714285714 0,828571428571429 -0,968 -1 1 -1 -1 1 
0,742727272727273 0,44421052631579 -0,584 0,614285714285714 0,828571428571429 -0,808 -1 1 -1 -1 -1 
0,722727272727273 0,488421052631579 -0,584 0,608730158730159 0,823015873015873 -1 -1 -1 -1 -1 -1 
0,698181818181818 0,423157894736843 -0,552 0,548412698412698 0,762698412698413 -0,888 -1 1 -1 -1 -1 
0,668181818181818 0,467368421052631 -0,36 0,531746031746032 0,746031746031746 -1 -1 -1 -1 -1 -1 
0,7 0,468421052631579 -0,592 0,531746031746032 0,746031746031746 -0,992 -1 1 -1 -1 -1 
0,696363636363636 0,5 -0,576 0,568253968253968 0,782539682539683 -0,968 -1 1 -1 -1 -1 
0,711818181818182 0,530526315789473 -0,56 0,548412698412698 0,762698412698413 -1 -1 -1 -1 -1 -1 
0,613636363636364 0,58 -0,296 0,557142857142857 0,771428571428571 -1 -1 1 -1 -1 -1 
0,668181818181818 0,582105263157894 -0,568 0,553174603174603 0,767460317460318 -0,98 -1 1 -1 -1 -1 
0,658181818181818 0,522105263157895 -0,712 0,548412698412698 0,762698412698413 -1 -1 -1 -1 -1 -1 
0,708181818181818 0,457894736842105 -0,776 0,568253968253968 0,782539682539683 -0,936 -1 1 -1 -1 1 
0,701818181818182 0,502105263157895 -0,744 0,564285714285714 0,778571428571429 -0,868 -1 1 -1 -1 1 
0,781818181818182 0,486315789473685 -0,44 0,594444444444444 0,808730158730159 -0,94 -1 1 -1 -1 -1 
0,698181818181818 0,52 -0,656 0,576984126984127 0,791269841269841 -0,916 -1 -1 -1 -1 -1 
0,687272727272727 0,54421052631579 -0,624 0,574603174603175 0,788888888888889 -1 -1 1 -1 -1 -1 
0,648181818181818 0,634736842105263 -0,64 0,523015873015873 0,737301587301587 -1 -1 1 -1 -1 -1 
0,679090909090909 0,64421052631579 -0,744 0,512698412698413 0,726984126984127 -0,972 -1 1 -1 -1 -1 
0,827272727272727 0,42 -0,72 0,634126984126984 0,848412698412699 -0,968 -1 1 -1 -1 1 
0,754545454545455 0,493684210526316 -0,736 0,598412698412699 0,812698412698413 -1 -1 -1 -1 -1 -1 
0,741818181818182 0,547368421052632 -0,688 0,628571428571429 0,842857142857143 -1 -1 -1 -1 -1 -1 
0,734545454545455 0,552631578947368 -0,664 0,621428571428571 0,835714285714286 -1 -1 -1 -1 -1 -1 
0,776363636363636 0,525263157894737 -0,68 0,63968253968254 0,853968253968254 -1 -1 -1 -1 -1 -1 
0,738181818181818 0,572631578947368 -0,736 0,638888888888889 0,853174603174603 -1 -1 -1 -1 -1 -1 
0,765454545454546 0,53578947368421 -0,76 0,668253968253968 0,882539682539683 -1 -1 1 -1 -1 1 
0,774545454545455 0,542105263157895 -0,688 0,68968253968254 0,903968253968254 -1 -1 -1 -1 -1 -1 
0,699090909090909 0,618947368421052 -0,656 0,667460317460317 0,881746031746032 -1 -1 -1 -1 -1 -1 
0,675454545454545 0,633684210526316 -0,68 0,638888888888889 0,853174603174603 -1 -1 -1 -1 -1 -1 
0,815454545454545 0,478947368421053 -0,848 0,641269841269841 0,855555555555556 -0,968 -1 1 -1 -1 -1 
0,753636363636364 0,536842105263158 -0,944 0,573015873015873 0,787301587301587 -0,968 -1 1 -1 -1 -1 
0,695454545454545 0,560000000000001 -0,712 0,518253968253968 0,732539682539682 -1 -1 -1 -1 -1 -1 
0,694545454545455 0,574736842105263 -0,88 0,515873015873016 0,73015873015873 -1 -1 -1 -1 -1 -1 
0,705454545454545 0,570526315789474 -0,912 0,565873015873016 0,78015873015873 -1 -1 -1 -1 -1 -1 
0,730909090909091 0,55578947368421 -0,824 0,55 0,764285714285714 -1 -1 -1 -1 -1 -1 
0,703636363636364 0,53578947368421 -0,744 0,574603174603175 0,788888888888889 -1 -1 -1 -1 -1 -1 
0,669090909090909 0,624210526315789 -0,944 0,482539682539682 0,696825396825397 -1 -1 -1 -1 -1 -1 
0,687272727272727 0,596842105263158 -0,92 0,491269841269841 0,705555555555556 -1 -1 -1 -1 -1 -1 
0,707272727272727 0,536842105263158 -0,88 0,505555555555556 0,71984126984127 -1 -1 -1 -1 -1 -1 
