268630 99999  19860216     4.0  8    -1.5  8  1031.1  8  9999.9  0    2.3  8    4.1  8    5.8  999.9    16.2    -8.0   0.00C  15.0  000000 
268630 99999  19860217    12.2  8     6.7  8  1019.0  8  9999.9  0    3.1  8    4.9  8    5.8  999.9    21.0     0.5   0.00G  15.0  000000 
268630 99999  19860218    19.6  8    17.7  8  1005.2  8  9999.9  0    1.2  8    7.0  8   11.7  999.9    23.2    16.2*  0.04G  15.4  001000 
268630 99999  19860219     5.6  8    -0.3  8  1016.4  8  9999.9  0   10.1  8   10.0  8   13.6  999.9    11.8    -4.9*  0.24G  15.7  001000 
268630 99999  19860220    -0.9  8   -10.6  8  1031.7  8  9999.9  0   10.9  8    8.7  8   13.6  999.9     9.5   -14.1   0.01G  15.7  000000 
268630 99999  19860221     3.2  8    -4.8  8  1022.2  8  9999.9  0    4.7  8   15.1  8   19.4   27.2     6.3    -0.8   0.00G  14.6  001000 
268630 99999  19860222    10.0  8     5.7  8  1015.3  8  9999.9  0    4.9  8    7.3  8    9.7  999.9    15.8     4.1   0.08G  18.9  001000 
268630 99999  19860223    13.9  8    11.3  8  1012.7  8  9999.9  0    1.4  8    4.1  8    7.8  999.9    19.2     0.5   0.00G  18.9  101000 
268630 99999  19860224     6.9  7     4.7  7  1010.3  7  9999.9  0    1.3  7    7.2  7   11.7  999.9    12.6    -2.0*  0.00F  16.9  101000 
268630 99999  19860225    -3.0  8    -6.9  8  1020.5  8  9999.9  0    4.6  8    4.6  8    7.8  999.9     7.2    -9.2   0.00C  16.9  000000 
268630 99999  19860226    -2.0  8    -6.9  8  1029.8  8  9999.9  0    5.4  8    5.8  8   13.6  999.9     7.9*  -17.3   0.00C  16.9  100000 
268630 99999  19860227    16.0  7    11.0  7  1027.7  7  9999.9  0    5.8  7   12.8  7   13.6   21.4    22.5*    6.1*  0.00E 999.9  001000 
268630 99999  19860228    15.1  8    11.2  8  1024.8  8  9999.9  0    3.7  8   10.2  8   11.7   19.4    22.8     4.5*  0.03G  16.9  001000
268630 99999  19860301     6.6  9     2.5  9  1028.8  9  9999.9  0    6.2  9   10.4  9   13.6  999.9    19.2    -9.0   0.00G  17.3  001000 
268630 99999  19860302    18.0  8     9.3  8  1024.0  8  9999.9  0    6.4  8   11.9  8   15.5   21.4    25.5    10.8   0.01G  16.9  000000 
268630 99999  19860303    18.8  8     8.7  8  1023.6  8  9999.9  0    6.1  8   10.4  8   11.7  999.9    29.5     6.4   0.00G  16.9  000000 
268630 99999  19860304    18.6  8    12.8  8  1022.0  8  9999.9  0    3.5  8    6.1  8   11.7  999.9    28.8*    5.2   0.00C  16.9  000000 
268630 99999  19860305    26.3  8    20.3  8  1012.3  8  9999.9  0    2.7  8   11.7  8   13.6  999.9    32.9*   18.5   0.02F  17.7  001000 
268630 99999  19860306    35.8  8    31.4  8  1015.0  8  9999.9  0    2.2  8    9.5  8   11.7   19.4    39.4    31.8   0.04E  16.9  010000 
268630 99999  19860307    31.6  8    29.5  8  1021.0  8  9999.9  0    1.8  8    9.2  8   11.7  999.9    36.1*   27.1   0.00E  15.0  100000 
268630 99999  19860308    32.4  8    31.1  8  1027.0  8  9999.9  0    1.0  8    4.4  8    7.8  999.9    34.5    30.4   0.00G  13.8  100000 
268630 99999  19860309    33.4  8    30.9  8  1031.5  8  9999.9  0    1.5  8    5.8  8    7.8  999.9    36.7    30.0*  0.00C  13.8  100000 
268630 99999  19860310    29.8  8    25.8  8  1036.2  8  9999.9  0    4.0  8    7.8  8   11.7   19.4    32.4    24.4   0.00C  12.6  000000 
268630 99999  19860311    29.8  8    24.8  8  1037.8  7  9999.9  0    4.7  8    6.1  8    7.8  999.9    30.9    28.4*  0.00G  12.6  000000 
268630 99999  19860312    27.3  8    22.3  8  1037.5  8  9999.9  0    4.1  8    7.5  8    9.7  999.9    32.2    20.1*  0.00G  12.6  000000 
268630 99999  19860313    24.4  8    20.4  8  1037.9  8  9999.9  0    3.3  8    6.8  8    9.7  999.9    27.7    18.1   0.00G 999.9  001000 
268630 99999  19860314    24.6  8    19.0  8  1040.1  8  9999.9  0    3.1  8    5.3  8    7.8  999.9    29.5    19.6*  0.00C  12.6  000000 
268630 99999  19860315    26.6  8    20.8  8  1046.3  8  9999.9  0    4.3  8    9.0  8   17.5   21.4    34.3    17.1   0.00G  12.6  000000 
268630 99999  19860316    25.5  8    19.7  8  1047.4  8  9999.9  0    3.9  8    2.9  8    5.8  999.9    35.4    16.0   0.00G 999.9  000000 
268630 99999  19860317    26.7  8    19.4  8  1041.2  8  9999.9  0    4.5  8    3.6  8    5.8  999.9    37.6    12.2   0.00G  12.6  000000 
268630 99999  19860318    27.3  9    17.5  9  1035.7  8  9999.9  0    5.5  9    2.2  9    5.8  999.9    38.5    19.8   0.00G  12.6  000000 
268630 99999  19860319    29.8  8    19.6  8  1034.5  8  9999.9  0    4.7  8    1.9  8    3.9  999.9    43.7    17.2   0.00C  12.6  000000 
268630 99999  19860320    31.7  8    21.2  8  1033.9  8  9999.9  0    6.4  8    0.7  8    1.9  999.9    43.9    20.5   0.00C  11.4  000000 
268630 99999  19860321    31.8  8    21.9  8  1029.6  8  9999.9  0    4.1  8    2.2  8    3.9  999.9    43.3    19.9   0.00C  11.0  000000 
268630 99999  19860322    31.3  8    19.6  6  1028.3  8  9999.9  0    4.1  8    3.2  8    9.7  999.9    42.6    19.8   0.00C   9.8  000000 
268630 99999  19860323    32.7  8    25.6  8  1019.8  8  9999.9  0    2.6  8    7.5  8   13.6  999.9    41.9    19.8   0.00G   9.1  000000 
268630 99999  19860324    32.9  8    30.6  8  1003.6  8  9999.9  0    1.4  8   12.4  8   19.4   31.1    34.3*   30.9*  0.00G   6.7  010000 
268630 99999  19860325    32.6  8    29.4  8  1005.1  8  9999.9  0    3.5  8   12.1  8   17.5   25.3    37.2    25.5   0.12G   6.7  110000 
268630 99999  19860326    37.0  8    34.3  8  1009.9  8  9999.9  0    2.5  8    6.6  8    9.7   19.4    47.1    32.5   0.00G   6.7  110000 
268630 99999  19860327    37.6  8    33.6  8  1020.3  8  9999.9  0    2.2  8    6.8  8    9.7  999.9    45.9    29.8   0.00C   5.5  100000 
268630 99999  19860328    41.3  8    35.2  8  1020.6  8  9999.9  0    3.4  8   12.1  8   13.6   21.4    47.3    33.1   0.00C 999.9  000000 
268630 99999  19860329    40.0  8    38.8  8  1017.2  8  9999.9  0    0.7  8    7.0  8   13.6   19.4    43.2    36.9*  0.00G   0.8  110000 
268630 99999  19860330    43.0  8    38.9  7  1013.2  8  9999.9  0    1.6  8    6.8  8    9.7   21.4    50.4    36.0*  0.08G   0.4  010000 
268630 99999  19860331    39.9  9    39.1  9  1008.6  9  9999.9  0    0.9  9    6.9  9    9.7  999.9    47.7    33.1   0.00G   0.4  110000 
268630 99999  19870216    24.9  8    21.2  8  1017.6  8  9999.9  0    3.1  8   11.2  8   13.6  999.9    31.3*   19.9*  0.00C  15.4  100000 
268630 99999  19870217    23.3  8    21.0  8  1013.2  8  9999.9  0    1.6  8    9.0  8   11.7  999.9    25.9    19.2   0.00G  15.4  011000 
268630 99999  19870218    28.4  8    25.8  8  1014.8  7  9999.9  0    1.5  8    4.4  8    5.8  999.9    31.8    25.3   0.20G  16.9  001000 
268630 99999  19870219    31.3  9    30.2  9  1018.6  9  9999.9  0    0.8  9    4.7  9    5.8  999.9    32.7    29.5   0.01G  16.9  111000 
268630 99999  19870220    30.7  8    28.1  8  1021.2  8  9999.9  0    2.0  8    5.8  8    9.7  999.9    33.3    28.6   0.01G  16.5  001000 
268630 99999  19870221    30.3  8    28.8  8  1017.1  8  9999.9  0    1.4  8    4.1  8    5.8  999.9    31.6    29.3   0.00G 999.9  100000 
268630 99999  19870222    30.7  8    26.1  8  1003.3  8  9999.9  0    4.5  8   10.9  8   17.5   21.4    33.4    27.1   0.00G 999.9  001000 
268630 99999  19870223    20.6  8    15.1  8  1001.8  8  9999.9  0    6.1  8   12.4  8   15.5   25.3    30.7*   11.1*  0.08G 999.9  001000 
268630 99999  19870224     9.8  8     3.2  8  1016.6  8  9999.9  0    6.7  8    7.5  8   11.7  999.9    17.8     0.9   0.03G  16.9  001000 
268630 99999  19870225    16.1  8    11.6  8  1016.1  8  9999.9  0    5.5  8    7.5  8   11.7  999.9    23.7     3.6   0.00G  16.9  001000 
268630 99999  19870226     8.0  8     3.3  8  1022.3  8  9999.9  0    3.8  8    9.7  8   13.6  999.9    18.5    -1.3*  0.09F  18.1  001000 
268630 99999  19870227     6.3  7    -1.4  7  1028.5  7  9999.9  0    5.7  7    7.8  7   11.7  999.9    19.6    -4.5   0.00C  18.9  000000 
268630 99999  19870228     9.6  8     3.0  8  1014.4  8  9999.9  0    6.5  8    8.0  8   13.6  999.9    16.3     4.1*  0.02E  17.3  001000 
268630 99999  19870301    -1.7  8    -6.7  8  1019.2  8  9999.9  0    6.4  8    7.0  8   11.7  999.9     8.8   -11.0   0.00B  17.3  000000 
268630 99999  19870302    -6.6  8   -12.3  8  1016.9  8  9999.9  0    4.7  8    5.1  8    7.8  999.9     1.0   -11.9   0.00G 999.9  001000 
268630 99999  19870303    -7.8  9   -13.1  9  1015.3  9  9999.9  0    3.4  9    7.1  9    9.7  999.9     1.9   -12.8   0.02F  17.3  001000 
268630 99999  19870304    -2.0  8    -8.1  8  1018.8  8  9999.9  0    5.5  8    9.7  8   13.6  999.9    10.0   -14.1   0.00C 999.9  000000 
268630 99999  19870305     0.0  8    -5.5  8  1028.1  7  9999.9  0    3.0  8    2.9  8    5.8  999.9    11.8   -15.3   0.00G 999.9  000000 
268630 99999  19870306    12.2  8     7.9  8  1026.3  8  9999.9  0    2.7  8   13.6  8   17.5  999.9    19.8*    1.4   0.08F  17.3  001000 
268630 99999  19870307    21.4  8    15.6  8  1029.7  8  9999.9  0    7.6  8   13.4  8   17.5   23.3    24.8    15.1*  0.08F  16.9  001000 
268630 99999  19870308    16.9  8     6.5  8  1035.2  8  9999.9  0    9.3  8   10.9  8   13.6   21.4    27.1     5.4   0.00C  16.9  000000 
268630 99999  19870309    18.5  8     6.6  8  1036.0  8  9999.9  0    9.3  8    9.7  8   11.7  999.9    28.4    11.1   0.00C  16.9  000000 
268630 99999  19870310    14.1  8     2.7  8  1039.7  8  9999.9  0    9.1  8    9.5  8   15.5  999.9    23.0     5.9   0.00G  16.9  000000 
268630 99999  19870311    10.6  8     0.3  8  1039.7  8  9999.9  0    8.2  8    5.1  8    9.7  999.9    23.7    -3.1   0.00C  16.1  000000 
268630 99999  19870312    12.9  7     3.1  7  1034.0  7  9999.9  0    6.2  7    6.4  7    9.7  999.9    25.3*    1.9   0.00C 999.9  000000 
268630 99999  19870313    15.8  8     5.9  8  1031.7  8  9999.9  0    7.3  8    4.4  8    5.8  999.9    28.9     5.2   0.00C 999.9  000000 
268630 99999  19870314    16.1  8     6.1  8  1030.4  8  9999.9  0    6.2  8    3.2  8    5.8  999.9    29.1     5.2   0.00C  16.1  000000 
268630 99999  19870315    16.5  8     6.4  8  1022.9  8  9999.9  0    4.6  8    2.4  8    3.9  999.9    30.7     1.9   0.00C  15.0  000000 
268630 99999  19870316    17.9  8    10.8  8  1017.6  8  9999.9  0    4.3  7    6.8  8   11.7  999.9    33.4     5.5   0.00C 999.9  000000 
268630 99999  19870317    17.8  8    13.2  8  1018.7  8  9999.9  0    3.3  8    4.1  8    5.8  999.9    28.8     2.7   0.01E  14.6  100000 
268630 99999  19870318    15.7  8    12.0  8  1016.8  8  9999.9  0    2.8  8    2.9  8    7.8  999.9    28.2     3.7   0.02F  14.6  101000 
268630 99999  19870319    19.1  8    13.1  8  1011.8  8  9999.9  0    1.8  8   11.7  8   19.4   27.2    29.5     5.5   0.01F  14.6  101000 
268630 99999  19870320    26.5  8    24.4  8  1010.1  8  9999.9  0    1.1  8   12.1  8   13.6   23.3    29.8    23.2   0.24G  17.3  001000 
268630 99999  19870321    31.8  8    29.9  8  1010.5  8  9999.9  0    1.6  8   14.8  8   21.4   33.0    32.9    28.4   0.20G 999.9  011000 
268630 99999  19870322    30.2  8    26.0  8  1024.3  8  9999.9  0    3.9  8    5.8  8    7.8  999.9    36.1    22.8*  0.00G 999.9  001000 
268630 99999  19870323    25.2  8    19.5  8  1030.1  8  9999.9  0    3.6  8    7.0  8    9.7  999.9    38.3    10.4   0.02E  20.9  100000 
268630 99999  19870324    27.9  8    21.8  7  1025.0  8  9999.9  0    4.8  8    9.0  8   11.7  999.9    31.5    24.6   0.00C 999.9  000000 
268630 99999  19870325    25.8  8    16.2  8  1019.4  8  9999.9  0    8.2  8    7.0  8   11.7  999.9    31.3    20.8   0.00E  19.7  001000 
268630 99999  19870326    29.6  8    23.5  8  1019.1  8  9999.9  0    5.7  8    4.1  8    5.8  999.9    33.6    25.9   0.00G 999.9  000000 
268630 99999  19870327    29.6  8    27.4  8  1017.8  8  9999.9  0    2.7  8    7.0  8    9.7  999.9    31.6    24.8   0.00G 999.9  111000 
268630 99999  19870328    33.6  8    33.0  8  1009.7  8  9999.9  0    0.7  8   13.6  8   17.5   27.2    36.7    29.8   0.02F  19.7  100000 
268630 99999  19870329    35.6  8    34.6  8  1007.5  7  9999.9  0    1.5  8   16.0  8   17.5   25.3    37.0    33.8   0.04G  18.5  110000 
268630 99999  19870330    33.8  9    32.8  9  1019.1  8  9999.9  0    1.7  9   11.4  9   13.6   19.4    36.0*   32.5*  0.51G 999.9  011000 
268630 99999  19870331    33.4  8    32.4  8  1028.6  8  9999.9  0    1.0  8    6.3  8    9.7  999.9    34.5    32.0   0.00G 999.9  011000 
268630 99999  19880216    30.3  8    25.6  8  1031.6  8  9999.9  0    2.6  8    7.8  8    9.7  999.9    34.3    28.2*  0.00G 999.9  000000 
268630 99999  19880217    26.3  8    23.0  8  1014.7  8  9999.9  0    2.0  8    6.8  8    9.7  999.9    27.7*   24.6   0.00G 999.9  001000 
268630 99999  19880218    30.0  8    27.0  8  1006.2  8  9999.9  0    1.6  8    5.1  8    7.8  999.9    34.5    26.6   0.08G 999.9  001000 
268630 99999  19880219    23.7  8    20.4  8  1006.6  8  9999.9  0    2.0  8    7.5  8    9.7  999.9    29.7    17.6*  0.00G 999.9  001000 
268630 99999  19880220    11.7  8     5.9  8  1018.9  8  9999.9  0    2.8  8    7.8  8    9.7  999.9    16.0     5.5*  0.08G   2.0  001000 
268630 99999  19880221     4.4  8    -0.5  8  1027.6  8  9999.9  0    3.4  8    4.1  8    9.7  999.9    14.2    -2.9   0.00G   2.0  000000 
268630 99999  19880222    10.6  8     4.4  8  1021.7  8  9999.9  0    3.4  8    3.9  8    5.8  999.9    21.2    -1.1   0.00C   2.0  000000 
268630 99999  19880223    17.2  9     9.9  8  1019.3  9  9999.9  0    3.3  9    6.3  9    9.7  999.9    23.7    13.1   0.00C 999.9  000000 
268630 99999  19880224    19.5  7    15.1  7  1019.9  7  9999.9  0    2.1  7    8.6  7   13.6  999.9    24.1    15.4   0.00F   1.6  001000 
268630 99999  19880225    24.6  8    19.8  8  1021.7  8  9999.9  0    2.7  8    3.6  8    5.8  999.9    27.1    18.9   0.00B 999.9  000000 
268630 99999  19880226    24.8  8    18.8  8  1029.7  8  9999.9  0    3.3  8    7.5  8    9.7  999.9    33.4    16.7   0.00G   1.2  000000 
268630 99999  19880227    19.2  8    14.1  8  1026.9  8  9999.9  0    4.2  8    8.7  8   11.7  999.9    25.9    14.0   0.00F   1.2  001000 
268630 99999  19880228    14.4  8     9.2  8  1008.6  8  9999.9  0    5.9  8    8.5  8   11.7  999.9    20.3     5.7   0.00E   1.2  001000 
268630 99999  19880229    22.8  8    19.6  8   995.2  8  9999.9  0    1.9  8    8.7  8   11.7  999.9    25.2    19.4   0.11F 999.9  001000 
268630 99999  19880301    27.7  8    25.6  8   994.3  8  9999.9  0    1.3  8    9.7  8   11.7  999.9    30.7*   23.0   0.19F   1.6  001000 
268630 99999  19880302    28.6  8    26.2  8   999.5  8  9999.9  0    1.7  8    7.8  8   11.7  999.9    32.5*   24.8   0.24F   3.5  001000 
268630 99999  19880303    29.3  8    25.3  8  1003.9  8  9999.9  0    3.7  8    7.0  8    7.8  999.9    31.3*   27.9*  0.00F 999.9  001000 
268630 99999  19880304    27.8  8    23.4  8  1007.2  8  9999.9  0    4.5  8    4.4  8    7.8  999.9    29.7    25.9   0.00F   3.9  001000 
268630 99999  19880305    29.0  8    24.6  8  1013.4  8  9999.9  0    3.9  8    4.4  8    7.8  999.9    34.2    23.4*  0.00G 999.9  001000 
268630 99999  19880306    27.9  8    21.5  8  1013.0  8  9999.9  0    3.2  8    9.5  8   11.7  999.9    34.3    15.1   0.00H 999.9  001000 
268630 99999  19880307    28.8  8    25.5  8  1006.5  8  9999.9  0    3.8  8    8.5  8   15.5  999.9    31.8    22.1*  0.17F 999.9  101000 
268630 99999  19880308    22.0  8    16.9  8  1015.1  8  9999.9  0    3.4  8    3.9  8    5.8  999.9    33.1    12.4   0.00E 999.9  100000 
268630 99999  19880309    25.8  8    19.5  8  1021.7  8  9999.9  0    4.5  8    4.4  8    5.8  999.9    33.1    17.2   0.00G 999.9  001000 
268630 99999  19880310    29.5  8    23.4  8  1022.4  8  9999.9  0    2.5  8    4.1  8    7.8  999.9    34.0    24.1   0.00G 999.9  001000 
268630 99999  19880311    28.0  8    21.2  8  1016.9  8  9999.9  0    3.6  8    4.1  8    7.8  999.9    33.1    23.2   0.03G 999.9  000000 
268630 99999  19880312    28.8  8    24.0  8  1005.4  8  9999.9  0    2.4  8    9.7  8   11.7  999.9    31.5    26.1   0.00G 999.9  001000 
268630 99999  19880313    29.2  8    26.8  8   995.2  8  9999.9  0    1.4  8    9.7  8   13.6  999.9    31.8    27.3*  0.01G 999.9  001000 
268630 99999  19880314    24.2  8    18.1  8   996.1  8  9999.9  0    7.1  8   11.4  8   17.5   21.4    29.8    18.3*  0.24G 999.9  001000 
268630 99999  19880315    22.4  8    15.3  8  1003.7  7  9999.9  0    7.1  8   10.2  8   13.6  999.9    30.7    11.8   0.00G   3.1  001000 
268630 99999  19880316    25.0  8    20.6  8  1002.2  8  9999.9  0    3.9  8   11.7  8   19.4  999.9    34.9*   15.3   0.12E   2.8  001000 
268630 99999  19880317    35.9  8    33.7  8   991.3  8  9999.9  0    2.3  8    7.5  8    9.7  999.9    37.0    32.5   0.31G 999.9  010000 
268630 99999  19880318    32.7  8    26.3  8  1000.3  8  9999.9  0    9.3  8    8.0  8   11.7  999.9    36.3    27.5*  0.24G   1.2  010000 
268630 99999  19880319    28.1  8    20.9  8  1011.6  8  9999.9  0    7.8  8    2.9  8    5.8  999.9    34.5    17.4   0.00G 999.9  000000 
268630 99999  19880320    31.9  8    26.7  8  1018.2  8  9999.9  0    4.9  8    4.9  8    5.8  999.9    34.5    28.4   0.00G 999.9  010000 
268630 99999  19880321    31.6  8    29.5  8  1021.0  8  9999.9  0    2.3  8    9.2  8   13.6  999.9    33.4    28.9   0.24F 999.9  011000 
268630 99999  19880322    32.6  8    31.0  8  1019.6  8  9999.9  0    1.7  8   13.8  8   19.4   29.1    33.1    31.8   0.18F   2.0  011000 
268630 99999  19880323    34.3  8    31.1  8  1021.9  8  9999.9  0    3.5  8   11.7  8   15.5  999.9    36.0    32.5   0.04F   1.6  010000 
268630 99999  19880324    35.5  8    32.5  8  1018.0  7  9999.9  0    3.2  8   10.9  8   13.6  999.9    37.6    33.3   0.00G 999.9  011000 
268630 99999  19880325    37.4  8    34.2  7  1011.8  8  9999.9  0    1.8  8    9.0  8   11.7  999.9    41.9    34.5   0.16G 999.9  010000 
268630 99999  19880326    36.2  9    35.0  9  1009.5  9  9999.9  0    1.3  9    5.0  9    5.8  999.9    41.0    33.8   0.00G 999.9  110000 
268630 99999  19880327    35.5  8    34.5  8  1009.1  8  9999.9  0    1.5  8    7.0  8    7.8  999.9    38.3    34.3   0.03G 999.9  110000 
268630 99999  19880328    36.9  8    34.3  8  1017.0  8  9999.9  0    2.5  8    3.4  8    5.8  999.9    41.9    32.9   0.35G 999.9  100000 
268630 99999  19880329    35.8  8    35.2  8  1020.9  8  9999.9  0    0.7  8    4.1  8    5.8  999.9    38.8    32.5*  0.00G 999.9  100000 
268630 99999  19880330    37.2  8    33.4  8  1021.6  8  9999.9  0    2.0  8    6.1  8    7.8  999.9    46.9    30.4   0.00C 999.9  000000 
268630 99999  19880331    40.6  8    32.9  8  1025.5  8  9999.9  0    4.5  8    6.3  8   11.7  999.9    52.9    30.4   0.00C 999.9  000000 

































































































































































































































































































































































































































































































































































































































































































































































































































































































































































