0,745454545454545 0,533684210526316 -0,92 0,557142857142857 0,771428571428571 -1 1 -1 -1 -1 -1 
0,750909090909091 0,538947368421053 -0,768 0,558730158730159 0,773015873015873 -1 1 -1 -1 -1 -1 
0,728181818181818 0,574736842105263 -0,752 0,564285714285714 0,778571428571429 -1 -1 -1 -1 -1 -1 
0,75 0,622105263157894 -0,864 0,542857142857143 0,757142857142857 -1 -1 -1 -1 -1 -1 
0,778181818181818 0,609473684210526 -0,984 0,585714285714286 0,8 -1 -1 -1 -1 -1 -1 
0,728181818181818 0,574736842105263 -0,752 0,564285714285714 0,778571428571429 -1 -1 -1 -1 -1 -1 
0,75 0,622105263157894 -0,864 0,542857142857143 0,757142857142857 -1 -1 -1 -1 -1 -1 
0,778181818181818 0,609473684210526 -0,984 0,585714285714286 0,8 -1 -1 -1 -1 -1 -1 
0,768181818181818 0,592631578947368 -0,952 0,565873015873016 0,78015873015873 -1 1 -1 -1 -1 -1 
0,748181818181818 0,582105263157894 -0,88 0,546031746031746 0,76031746031746 -1 1 -1 -1 -1 -1 
0,800909090909091 0,64421052631579 -0,864 0,598412698412699 0,812698412698413 -1 1 -1 -1 -1 -1 
0,78 0,602105263157895 -0,904 0,576984126984127 0,791269841269841 -1 -1 -1 -1 -1 -1 
0,741818181818182 0,573684210526316 -0,92 0,507142857142857 0,721428571428571 -1 1 -1 -1 -1 -1 
0,770909090909091 0,574736842105263 -0,96 0,55 0,764285714285714 -1 1 -1 -1 -1 -1 
0,799090909090909 0,56421052631579 -0,904 0,621428571428571 0,835714285714286 -1 -1 -1 -1 -1 -1 
0,676363636363636 0,690526315789473 -1 0,496825396825397 0,711111111111111 -1 1 -1 -1 -1 -1 
0,696363636363636 0,677894736842106 -0,944 0,496031746031746 0,71031746031746 -1 1 -1 -1 -1 -1 
0,696363636363636 0,62 -0,848 0,494444444444444 0,708730158730159 -1 1 -1 -1 -1 -1 
0,702727272727273 0,623157894736843 -0,864 0,498412698412698 0,712698412698413 -1 1 -1 -1 -1 -1 
0,684545454545455 0,615789473684211 -0,96 0,491269841269841 0,705555555555556 -1 1 -1 -1 -1 -1 
0,666363636363636 0,668421052631579 -0,768 0,531746031746032 0,746031746031746 -1 -1 -1 -1 -1 -1 
0,702727272727273 0,65578947368421 -0,744 0,587301587301587 0,801587301587302 -1 1 -1 -1 -1 -1 
0,724545454545455 0,634736842105263 -0,864 0,58968253968254 0,803968253968254 -1 -1 -1 -1 -1 -1 
0,710909090909091 0,625263157894738 -0,728 0,535714285714286 0,75 -1 1 -1 -1 -1 -1 
0,687272727272727 0,6 -0,632 0,546031746031746 0,76031746031746 -1 -1 -1 -1 -1 -1 
0,723636363636364 0,554736842105264 -0,688 0,592857142857143 0,807142857142857 -0,992 -1 -1 -1 -1 -1 
0,728181818181818 0,558947368421053 -0,712 0,53968253968254 0,753968253968254 -1 -1 -1 -1 -1 -1 
0,759090909090909 0,489473684210526 -0,416 0,614285714285714 0,828571428571429 -1 -1 -1 -1 -1 -1 
0,797272727272727 0,436842105263158 -0,136 0,661111111111111 0,875396825396825 -0,996 -1 1 -1 -1 1 
0,751818181818182 0,467368421052631 -0,6 0,621428571428571 0,835714285714286 -0,952 -1 1 -1 -1 -1 
0,701818181818182 0,550526315789473 -0,496 0,564285714285714 0,778571428571429 -1 -1 -1 -1 -1 -1 
0,753636363636364 0,573684210526316 -0,744 0,587301587301587 0,801587301587302 -0,888 1 1 -1 -1 -1 
0,751818181818182 0,608421052631578 -0,864 0,588888888888889 0,803174603174603 -0,68 -1 1 -1 -1 1 
0,757272727272727 0,591578947368422 -0,728 0,591269841269841 0,805555555555556 -0,732 -1 1 -1 -1 1 
0,74 0,543157894736842 -0,536 0,575396825396825 0,78968253968254 -0,512 -1 1 -1 -1 -1 
0,700909090909091 0,637894736842104 -0,672 0,535714285714286 0,75 -1 -1 -1 -1 -1 -1 
0,703636363636364 0,570526315789474 -0,744 0,553174603174603 0,767460317460318 -1 -1 -1 -1 -1 -1 
0,723636363636364 0,529473684210526 -0,672 0,562698412698413 0,776984126984127 -1 -1 -1 -1 -1 -1 
0,737272727272727 0,472631578947368 -0,744 0,53015873015873 0,744444444444444 -1 -1 -1 -1 -1 -1 
0,741818181818182 0,462105263157895 -0,536 0,617460317460317 0,831746031746032 -1 -1 -1 -1 -1 -1 
0,790909090909091 0,546315789473684 -0,712 0,648412698412698 0,862698412698413 -1 -1 -1 -1 -1 -1 
0,81 0,531578947368421 -0,784 0,668253968253968 0,882539682539683 -1 -1 -1 -1 -1 -1 
0,818181818181818 0,505263157894737 -0,704 0,667460317460317 0,881746031746032 -0,92 1 1 -1 -1 -1 
0,755454545454545 0,567368421052631 -0,768 0,603968253968254 0,818253968253968 -1 -1 -1 -1 -1 -1 
0,738181818181818 0,604210526315789 -0,712 0,585714285714286 0,8 -1 -1 -1 -1 -1 -1 
0,597272727272727 0,524210526315789 -0,56 0,491269841269841 0,705555555555556 -1 -1 -1 -1 -1 -1 
0,61 0,617894736842106 -0,688 0,46031746031746 0,674603174603175 -1 -1 -1 -1 -1 -1 
0,638181818181818 0,664210526315788 -0,744 0,48968253968254 0,703968253968254 -1 -1 -1 -1 -1 -1 
0,695454545454545 0,632631578947367 -0,768 0,568253968253968 0,782539682539683 -1 -1 -1 -1 -1 -1 
0,712727272727273 0,615789473684211 -0,8 0,561111111111111 0,775396825396825 -1 -1 -1 -1 -1 -1 
0,741818181818182 0,64 -0,744 0,592857142857143 0,807142857142857 -1 -1 -1 -1 -1 -1 
0,73 0,607368421052632 -0,688 0,584126984126984 0,798412698412698 -1 -1 -1 -1 -1 -1 
0,730909090909091 0,597894736842105 -0,648 0,571428571428571 0,785714285714286 -1 -1 -1 -1 -1 -1 
0,717272727272727 0,629473684210526 -0,712 0,571428571428571 0,785714285714286 -1 -1 -1 -1 -1 -1 
0,717272727272727 0,675789473684211 -0,848 0,56984126984127 0,784126984126984 -1 1 -1 -1 -1 -1 
0,689090909090909 0,562105263157895 -0,784 0,521428571428571 0,735714285714286 -1 -1 -1 -1 -1 -1 
0,678181818181818 0,631578947368421 -0,648 0,555555555555556 0,76984126984127 -1 -1 -1 -1 -1 -1 
0,702727272727273 0,615789473684211 -0,552 0,517460317460318 0,731746031746032 -0,996 -1 1 -1 -1 -1 
0,691818181818182 0,55578947368421 -0,296 0,58968253968254 0,803968253968254 -1 -1 -1 -1 -1 -1 
0,718181818181818 0,497894736842105 -0,608 0,553174603174603 0,767460317460318 -1 -1 -1 -1 -1 -1 
0,679090909090909 0,618947368421052 -0,768 0,514285714285714 0,728571428571429 -1 -1 -1 -1 -1 -1 
0,691818181818182 0,614736842105263 -0,648 0,517460317460318 0,731746031746032 -1 1 -1 -1 -1 -1 
0,686363636363636 0,566315789473684 -0,752 0,541269841269841 0,755555555555556 -1 -1 -1 -1 -1 -1 
0,708181818181818 0,504210526315789 -0,728 0,56984126984127 0,784126984126984 -1 -1 -1 -1 -1 -1 
0,758181818181818 0,486315789473685 -0,648 0,594444444444444 0,808730158730159 -0,952 1 1 -1 -1 -1 
0,717272727272727 0,538947368421053 -0,688 0,56031746031746 0,774603174603175 -1 -1 -1 -1 -1 -1 
0,747272727272727 0,508421052631578 -0,6 0,564285714285714 0,778571428571429 -1 -1 -1 -1 -1 -1 
0,772727272727273 0,527368421052632 -0,712 0,598412698412699 0,812698412698413 -1 -1 -1 -1 -1 -1 
0,790909090909091 0,525263157894737 -0,608 0,605555555555556 0,81984126984127 -1 -1 -1 -1 -1 -1 
0,787272727272727 0,441052631578947 -0,456 0,638888888888889 0,853174603174603 -1 -1 1 -1 -1 -1 
0,747272727272727 0,508421052631578 -0,6 0,564285714285714 0,778571428571429 -1 -1 -1 -1 -1 -1 
0,772727272727273 0,527368421052632 -0,712 0,598412698412699 0,812698412698413 -1 -1 -1 -1 -1 -1 
0,790909090909091 0,525263157894737 -0,608 0,605555555555556 0,81984126984127 -1 -1 -1 -1 -1 -1 
0,787272727272727 0,441052631578947 -0,456 0,638888888888889 0,853174603174603 -1 -1 1 -1 -1 -1 
0,663636363636364 0,388421052631579 0,208 0,58015873015873 0,794444444444444 -0,92 -1 1 -1 -1 -1 
0,705454545454545 0,617894736842106 -0,728 0,542857142857143 0,757142857142857 -1 -1 -1 -1 -1 -1 
0,729090909090909 0,581052631578948 -0,712 0,557142857142857 0,771428571428571 -1 -1 -1 -1 -1 -1 
0,771818181818182 0,52 -0,72 0,575396825396825 0,78968253968254 -1 -1 1 -1 -1 -1 
0,811818181818182 0,465263157894737 -0,36 0,621428571428571 0,835714285714286 -1 1 1 -1 -1 -1 
0,808181818181818 0,389473684210526 -0,6 0,618253968253968 0,832539682539683 -0,904 1 1 -1 -1 -1 
0,747272727272727 0,561052631578947 -0,72 0,56984126984127 0,784126984126984 -0,992 -1 1 -1 -1 -1 
0,776363636363636 0,571578947368421 -0,608 0,591269841269841 0,805555555555556 -1 -1 1 -1 -1 -1 
0,774545454545455 0,603157894736842 -0,744 0,611111111111111 0,825396825396825 -0,992 -1 1 -1 -1 -1 
0,773636363636364 0,604210526315789 -0,576 0,605555555555556 0,81984126984127 -0,86 -1 1 -1 -1 -1 
0,759090909090909 0,524210526315789 -0,6 0,594444444444444 0,808730158730159 -1 1 -1 -1 -1 -1 
0,69 0,502105263157895 -0,408 0,564285714285714 0,778571428571429 -1 -1 -1 -1 -1 -1 
0,724545454545455 0,468421052631579 -0,808 0,578571428571429 0,792857142857143 -0,968 -1 1 -1 -1 -1 
0,651818181818182 0,516842105263158 -0,576 0,508730158730159 0,723015873015873 -0,968 -1 1 -1 -1 -1 
0,61 0,606315789473684 -0,664 0,485714285714286 0,7 -0,992 -1 -1 -1 -1 -1 
0,682727272727273 0,603157894736842 -0,72 0,532539682539683 0,746825396825397 -1 1 1 -1 -1 -1 
0,735454545454545 0,528421052631579 -0,736 0,582539682539683 0,796825396825397 -1 -1 1 -1 -1 -1 
0,671818181818182 0,551578947368421 -0,656 0,553174603174603 0,767460317460318 -0,996 -1 1 -1 -1 -1 
0,683636363636364 0,531578947368421 -0,744 0,51984126984127 0,734126984126984 -0,78 -1 1 -1 -1 -1 
0,601818181818182 0,672631578947369 -0,536 0,46984126984127 0,684126984126984 -0,968 -1 -1 -1 -1 -1 
0,638181818181818 0,689473684210526 -0,576 0,488888888888889 0,703174603174603 -1 -1 -1 -1 -1 -1 
0,73 0,501052631578948 -0,744 0,568253968253968 0,782539682539683 -0,888 -1 1 -1 -1 -1 
0,7 0,562105263157895 -0,592 0,553968253968254 0,768253968253968 -0,952 -1 1 -1 -1 -1 
0,685454545454546 0,628421052631579 -0,696 0,524603174603175 0,738888888888889 -0,984 -1 1 -1 -1 -1 
0,647272727272727 0,634736842105263 -0,64 0,496031746031746 0,71031746031746 -1 -1 -1 -1 -1 -1 
0,684545454545455 0,58 -0,656 0,524603174603175 0,738888888888889 -1 -1 1 -1 -1 -1 
0,669090909090909 0,551578947368421 -0,744 0,538888888888889 0,753174603174603 -1 -1 -1 -1 -1 -1 
0,700909090909091 0,497894736842105 -0,616 0,541269841269841 0,755555555555556 -0,908 1 1 -1 -1 -1 
0,728181818181818 0,501052631578948 -0,48 0,557142857142857 0,771428571428571 -1 -1 -1 -1 -1 -1 
0,757272727272727 0,543157894736842 -0,744 0,574603174603175 0,788888888888889 -0,92 -1 1 -1 -1 -1 
0,68 0,576842105263157 -0,12 0,553174603174603 0,767460317460318 -1 -1 -1 -1 -1 -1 
0,716363636363636 0,562105263157895 -0,48 0,58015873015873 0,794444444444444 -0,952 -1 1 -1 -1 -1 
0,707272727272727 0,626315789473684 -0,592 0,562698412698413 0,776984126984127 -0,84 -1 1 -1 -1 -1 
0,675454545454545 0,642105263157895 -0,688 0,553174603174603 0,767460317460318 -1 -1 -1 -1 -1 -1 
0,685454545454546 0,638947368421053 -0,728 0,551587301587302 0,765873015873016 -1 -1 -1 -1 -1 -1 
0,673636363636364 0,64 -0,768 0,51984126984127 0,734126984126984 -1 -1 -1 -1 -1 -1 
0,578181818181818 0,696842105263158 -0,712 0,467460317460317 0,681746031746032 -1 -1 -1 -1 -1 -1 
0,573636363636364 0,627368421052631 -0,76 0,465873015873016 0,68015873015873 -1 -1 1 -1 -1 -1 
0,642727272727273 0,574736842105263 -0,712 0,507142857142857 0,721428571428571 -0,988 -1 -1 -1 -1 -1 
0,678181818181818 0,532631578947369 -0,744 0,496825396825397 0,711111111111111 -1 -1 -1 -1 -1 -1 
0,668181818181818 0,546315789473684 -0,696 0,492857142857143 0,707142857142857 -0,992 -1 1 -1 -1 -1 
0,724545454545455 0,552631578947368 -0,76 0,567460317460317 0,781746031746032 -1 -1 -1 -1 -1 -1 
0,766363636363636 0,530526315789473 -0,728 0,568253968253968 0,782539682539683 -1 -1 -1 -1 -1 -1 
0,79 0,506315789473685 -0,744 0,592857142857143 0,807142857142857 -0,936 1 1 -1 -1 -1 
0,822727272727273 0,458947368421053 -0,672 0,628571428571429 0,842857142857143 -0,888 1 1 -1 -1 -1 
0,787272727272727 0,486315789473685 -0,688 0,603174603174603 0,817460317460317 -0,932 1 1 -1 -1 -1 
0,728181818181818 0,650526315789473 -0,848 0,53968253968254 0,753968253968254 -0,932 1 1 -1 -1 -1 
0,729090909090909 0,604210526315789 -0,92 0,562698412698413 0,776984126984127 -0,992 1 1 -1 -1 -1 
0,729090909090909 0,586315789473685 -0,824 0,553174603174603 0,767460317460318 -0,988 -1 1 -1 -1 -1 
0,709090909090909 0,581052631578948 -0,712 0,537301587301587 0,751587301587302 -1 -1 -1 -1 -1 -1 
0,749090909090909 0,5 -0,728 0,571428571428571 0,785714285714286 -1 1 -1 -1 -1 -1 
0,67 0,635789473684211 -0,688 0,55 0,764285714285714 -1 -1 -1 -1 -1 -1 
0,687272727272727 0,614736842105263 -0,696 0,55 0,764285714285714 -1 -1 -1 -1 -1 -1 
0,701818181818182 0,567368421052631 -0,736 0,534126984126984 0,748412698412698 -1 -1 -1 -1 -1 -1 
0,679090909090909 0,549473684210527 -0,528 0,546031746031746 0,76031746031746 -0,992 -1 1 -1 -1 -1 
0,672727272727273 0,498947368421052 -0,744 0,492857142857143 0,707142857142857 -1 -1 1 -1 -1 -1 
0,645454545454546 0,474736842105263 -0,592 0,507142857142857 0,721428571428571 -1 -1 1 -1 -1 -1 
0,678181818181818 0,5 -0,776 0,511111111111111 0,725396825396825 -0,744 1 1 -1 -1 -1 
0,679090909090909 0,55578947368421 -0,712 0,51984126984127 0,734126984126984 -0,824 1 -1 -1 -1 -1 
0,701818181818182 0,55578947368421 -0,768 0,537301587301587 0,751587301587302 -1 1 1 -1 -1 -1 
0,721818181818182 0,503157894736842 -0,696 0,555555555555556 0,76984126984127 -0,996 1 -1 -1 -1 -1 
0,678181818181818 0,5 -0,776 0,511111111111111 0,725396825396825 -0,744 1 1 -1 -1 -1 
0,679090909090909 0,55578947368421 -0,712 0,51984126984127 0,734126984126984 -0,824 1 -1 -1 -1 -1 
0,701818181818182 0,55578947368421 -0,768 0,537301587301587 0,751587301587302 -1 1 1 -1 -1 -1 
0,721818181818182 0,503157894736842 -0,696 0,555555555555556 0,76984126984127 -0,996 1 -1 -1 -1 -1 
0,749090909090909 0,422105263157895 -0,504 0,561111111111111 0,775396825396825 -1 1 -1 -1 -1 -1 
0,7 0,425263157894737 -0,592 0,507142857142857 0,721428571428571 -0,968 1 1 -1 -1 -1 
0,728181818181818 0,42 -0,76 0,56031746031746 0,774603174603175 -1 1 1 -1 -1 -1 
0,686363636363636 0,495789473684211 -0,64 0,488888888888889 0,703174603174603 -0,936 1 1 -1 -1 -1 
0,625454545454545 0,576842105263157 -0,64 0,437301587301587 0,651587301587301 -0,86 1 -1 -1 -1 -1 
0,606363636363636 0,52 0,208 0,526984126984127 0,741269841269841 -1 -1 1 -1 -1 -1 
0,66 0,461052631578947 -0,224 0,488888888888889 0,703174603174603 -1 -1 1 -1 -1 -1 
0,663636363636364 0,394736842105263 -0,6 0,494444444444444 0,708730158730159 -0,736 -1 1 -1 -1 -1 
0,621818181818182 0,429473684210526 -0,48 0,478571428571429 0,692857142857143 -0,948 -1 -1 -1 -1 -1 
0,65 0,543157894736842 -0,576 0,491269841269841 0,705555555555556 -1 -1 -1 -1 -1 -1 
0,696363636363636 0,577894736842105 -0,552 0,574603174603175 0,788888888888889 -1 -1 -1 -1 -1 -1 
0,621818181818182 0,429473684210526 -0,48 0,478571428571429 0,692857142857143 -0,948 -1 -1 -1 -1 -1 
0,65 0,543157894736842 -0,576 0,491269841269841 0,705555555555556 -1 -1 -1 -1 -1 -1 
0,696363636363636 0,577894736842105 -0,552 0,574603174603175 0,788888888888889 -1 -1 -1 -1 -1 -1 
0,623636363636364 0,595789473684211 -0,504 0,5 0,714285714285714 -1 -1 -1 -1 -1 -1 
0,575454545454545 0,623157894736843 -0,56 0,478571428571429 0,692857142857143 -1 -1 -1 -1 -1 -1 
0,557272727272727 0,614736842105263 -0,704 0,496825396825397 0,711111111111111 -1 -1 1 -1 -1 -1 
0,625454545454545 0,525263157894737 -0,752 0,507142857142857 0,721428571428571 -0,952 1 1 -1 -1 -1 
0,694545454545455 0,445263157894736 -0,552 0,534126984126984 0,748412698412698 -0,836 1 1 -1 -1 -1 
0,633636363636364 0,438947368421053 -0,456 0,505555555555556 0,71984126984127 -0,588 -1 1 -1 -1 -1 
0,634545454545455 0,516842105263158 -0,392 0,484126984126984 0,698412698412698 -1 1 -1 -1 -1 -1 
0,647272727272727 0,526315789473684 -0,696 0,51031746031746 0,724603174603175 -1 -1 -1 -1 -1 -1 
0,631818181818182 0,545263157894736 -0,752 0,517460317460318 0,731746031746032 -1 -1 -1 -1 -1 -1 
0,638181818181818 0,551578947368421 -0,88 0,505555555555556 0,71984126984127 -0,968 1 1 -1 -1 -1 
0,696363636363636 0,613684210526315 -0,864 0,555555555555556 0,76984126984127 -1 1 1 -1 -1 -1 
0,730909090909091 0,582105263157894 -0,824 0,575396825396825 0,78968253968254 -0,948 1 1 -1 -1 -1 
0,726363636363636 0,53578947368421 -0,768 0,558730158730159 0,773015873015873 -0,976 1 1 -1 -1 -1 
0,749090909090909 0,542105263157895 -0,856 0,576984126984127 0,791269841269841 -0,98 1 -1 -1 -1 -1 
0,708181818181818 0,581052631578948 -0,664 0,565873015873016 0,78015873015873 -1 1 -1 -1 -1 -1 
0,69 0,604210526315789 -0,608 0,546031746031746 0,76031746031746 -1 -1 -1 -1 -1 -1 
0,711818181818182 0,576842105263157 -0,512 0,553174603174603 0,767460317460318 -1 -1 -1 -1 -1 -1 
0,625454545454545 0,562105263157895 -0,76 0,496825396825397 0,711111111111111 -1 -1 1 -1 -1 -1 
0,604545454545455 0,572631578947368 -0,68 0,48015873015873 0,694444444444444 -0,94 -1 1 -1 -1 -1 
0,543636363636364 0,633684210526316 -0,624 0,421428571428571 0,635714285714286 -0,992 -1 -1 -1 -1 -1 
0,549090909090909 0,627368421052631 -0,488 0,451587301587302 0,665873015873016 -1 -1 -1 -1 -1 -1 
0,599090909090909 0,552631578947368 -0,272 0,488888888888889 0,703174603174603 -1 -1 1 -1 -1 -1 
0,628181818181818 0,557894736842105 -0,616 0,482539682539682 0,696825396825397 -0,996 -1 1 -1 -1 -1 
0,652727272727273 0,503157894736842 -0,632 0,538888888888889 0,753174603174603 -1 -1 1 -1 -1 -1 
0,733636363636364 0,483157894736842 -0,728 0,565873015873016 0,78015873015873 -0,984 1 1 -1 -1 -1 
0,725454545454545 0,512631578947369 -0,656 0,587301587301587 0,801587301587302 -0,984 1 1 -1 -1 -1 
0,721818181818182 0,563157894736842 -0,768 0,562698412698413 0,776984126984127 -1 -1 -1 -1 -1 -1 
0,700909090909091 0,390526315789474 -0,768 0,542857142857143 0,757142857142857 -1 -1 1 -1 -1 -1 
0,617272727272727 0,518947368421052 -0,784 0,484126984126984 0,698412698412698 -1 -1 -1 -1 -1 -1 
0,555454545454545 0,58 -0,92 0,391269841269841 0,605555555555556 -1 -1 -1 -1 -1 -1 
0,59 0,591578947368422 -0,984 0,414285714285714 0,628571428571429 -1 -1 -1 -1 -1 -1 
0,609090909090909 0,632631578947367 -0,904 0,453968253968254 0,668253968253968 -0,996 -1 -1 -1 -1 -1 
0,700909090909091 0,608421052631578 -1 0,514285714285714 0,728571428571429 -1 1 -1 -1 -1 -1 
0,694545454545455 0,608421052631578 -1 0,544444444444444 0,758730158730159 -1 -1 -1 -1 -1 -1 
0,68 0,622105263157894 -1 0,525396825396825 0,73968253968254 -1 -1 -1 -1 -1 -1 
0,700909090909091 0,638947368421053 -1 0,542857142857143 0,757142857142857 -0,992 -1 1 -1 -1 -1 
0,696363636363636 0,654736842105264 -0,96 0,551587301587302 0,765873015873016 -0,988 -1 1 -1 -1 -1 
0,685454545454546 0,678947368421053 -0,976 0,487301587301587 0,701587301587302 -1 1 -1 -1 -1 -1 
0,673636363636364 0,65578947368421 -0,976 0,485714285714286 0,7 -1 1 -1 -1 -1 -1 
0,669090909090909 0,569473684210527 -0,824 0,464285714285714 0,678571428571429 -1 1 -1 -1 -1 -1 
0,628181818181818 0,561052631578947 -0,784 0,496825396825397 0,711111111111111 -1 -1 -1 -1 -1 -1 
0,633636363636364 0,613684210526315 -0,912 0,434126984126984 0,648412698412698 -1 -1 -1 -1 -1 -1 
0,535454545454545 0,633684210526316 -0,848 0,362698412698413 0,576984126984127 -1 1 -1 -1 -1 -1 
0,511818181818182 0,665263157894737 -0,864 0,298412698412698 0,512698412698413 -1 1 1 -1 -1 -1 
0,533636363636364 0,670526315789474 -0,864 0,357142857142857 0,571428571428571 -1 1 -1 -1 -1 -1 
0,582727272727273 0,674736842105262 -0,864 0,394444444444444 0,608730158730159 -1 1 -1 -1 -1 -1 
0,565454545454545 0,69578947368421 -0,88 0,421428571428571 0,635714285714286 -1 1 -1 -1 -1 -1 
