0,813636363636364 0,5 -0,864 0,634126984126984 0,848412698412699 -1 -1 -1 -1 -1 -1 
0,813636363636364 0,527368421052632 -0,904 0,614285714285714 0,828571428571429 -1 -1 -1 -1 -1 -1 
0,822727272727273 0,562105263157895 -0,848 0,66031746031746 0,874603174603175 -1 -1 -1 -1 -1 -1 
0,775454545454545 0,575789473684211 -0,704 0,615873015873016 0,83015873015873 -1 -1 -1 -1 -1 -1 
0,786363636363636 0,585263157894737 -0,824 0,601587301587302 0,815873015873016 -1 -1 -1 -1 -1 -1 
0,784545454545455 0,488421052631579 -0,864 0,56984126984127 0,784126984126984 -0,904 -1 1 -1 -1 1 
0,789090909090909 0,511578947368421 -0,688 0,614285714285714 0,828571428571429 -0,984 -1 1 -1 -1 -1 
0,776363636363636 0,548421052631579 -0,744 0,591269841269841 0,805555555555556 -1 -1 -1 -1 -1 -1 
0,78 0,560000000000001 -0,784 0,585714285714286 0,8 -1 -1 -1 -1 -1 -1 
0,804545454545455 0,562105263157895 -0,96 0,607142857142857 0,821428571428571 -1 -1 -1 -1 -1 -1 
0,775454545454545 0,575789473684211 -0,704 0,615873015873016 0,83015873015873 -1 -1 -1 -1 -1 -1 
0,786363636363636 0,585263157894737 -0,824 0,601587301587302 0,815873015873016 -1 -1 -1 -1 -1 -1 
0,821818181818182 0,569473684210527 -0,92 0,632539682539683 0,846825396825397 -1 -1 -1 -1 -1 -1 
0,840909090909091 0,542105263157895 -0,904 0,651587301587301 0,865873015873016 -1 -1 -1 -1 -1 -1 
0,84 0,543157894736842 -0,88 0,642857142857143 0,857142857142857 -1 -1 -1 -1 -1 -1 
0,843636363636364 0,513684210526315 0,376 0,717460317460317 0,931746031746032 -1 -1 -1 -1 -1 -1 
0,791818181818182 0,532631578947369 -0,144 0,703174603174603 0,917460317460317 -1 -1 -1 -1 -1 -1 
0,790909090909091 0,560000000000001 -0,44 0,68015873015873 0,894444444444444 -1 -1 -1 -1 -1 -1 
0,811818181818182 0,547368421052632 -0,592 0,685714285714286 0,9 -1 -1 -1 -1 -1 -1 
0,818181818181818 0,545263157894736 -0,624 0,687301587301587 0,901587301587301 -1 -1 -1 -1 -1 1 
0,831818181818182 0,481052631578948 -0,496 0,692857142857143 0,907142857142857 -0,996 -1 1 -1 -1 -1 
0,837272727272727 0,505263157894737 -0,472 0,68015873015873 0,894444444444444 -1 -1 1 -1 -1 -1 
0,85 0,529473684210526 -0,608 0,692857142857143 0,907142857142857 -1 -1 -1 -1 -1 -1 
0,860909090909091 0,539999999999999 -0,672 0,694444444444444 0,908730158730159 -1 -1 -1 -1 -1 -1 
0,858181818181818 0,531578947368421 -0,744 0,701587301587302 0,915873015873016 -1 -1 -1 -1 -1 -1 
0,740909090909091 0,56421052631579 -0,712 0,635714285714286 0,85 -1 -1 -1 -1 -1 -1 
0,781818181818182 0,542105263157895 -0,776 0,661111111111111 0,875396825396825 -1 -1 -1 -1 -1 -1 
0,822727272727273 0,526315789473684 -0,728 0,692857142857143 0,907142857142857 -1 -1 -1 -1 -1 -1 
0,825454545454545 0,545263157894736 -0,224 0,731746031746032 0,946031746031746 -1 -1 -1 -1 -1 -1 
0,753636363636364 0,550526315789473 -0,224 0,692857142857143 0,907142857142857 -1 -1 1 -1 -1 -1 
0,809090909090909 0,531578947368421 -0,808 0,712698412698413 0,926984126984127 -0,984 -1 -1 -1 -1 1 
0,810909090909091 0,501052631578948 -0,704 0,692857142857143 0,907142857142857 -1 -1 -1 -1 -1 -1 
0,83 0,511578947368421 -0,688 0,707142857142857 0,921428571428571 -1 -1 -1 -1 -1 -1 
0,841818181818182 0,525263157894737 -0,648 0,714285714285714 0,928571428571429 -0,996 -1 -1 -1 -1 1 
0,795454545454545 0,6 -0,552 0,714285714285714 0,928571428571429 -0,952 -1 -1 -1 -1 -1 
0,858181818181818 0,531578947368421 -0,744 0,701587301587302 0,915873015873016 -1 -1 -1 -1 -1 -1 
0,861818181818182 0,539999999999999 -0,576 0,707142857142857 0,921428571428571 -1 -1 -1 -1 -1 -1 
0,854545454545455 0,561052631578947 -0,648 0,703174603174603 0,917460317460317 -1 -1 1 -1 -1 -1 
0,828181818181818 0,55578947368421 -0,608 0,66031746031746 0,874603174603175 -1 -1 -1 -1 -1 -1 
0,859090909090909 0,507368421052632 -0,632 0,692857142857143 0,907142857142857 -0,968 -1 1 -1 -1 1 
0,780909090909091 0,552631578947368 -0,36 0,671428571428571 0,885714285714286 -1 -1 -1 -1 -1 -1 
0,780909090909091 0,58 -0,608 0,628571428571429 0,842857142857143 -1 -1 -1 -1 -1 -1 
0,803636363636364 0,525263157894737 -0,608 0,657142857142857 0,871428571428571 -1 -1 -1 -1 -1 -1 
0,774545454545455 0,578947368421053 -0,472 0,66984126984127 0,884126984126984 -1 -1 -1 -1 -1 -1 
0,770909090909091 0,597894736842105 -0,736 0,641269841269841 0,855555555555556 -1 -1 -1 -1 -1 -1 
0,774545454545455 0,578947368421053 -0,472 0,66984126984127 0,884126984126984 -1 -1 -1 -1 -1 -1 
0,770909090909091 0,597894736842105 -0,736 0,641269841269841 0,855555555555556 -1 -1 -1 -1 -1 -1 
0,8 0,581052631578948 -0,736 0,668253968253968 0,882539682539683 -1 -1 -1 -1 -1 -1 
0,824545454545455 0,574736842105263 -0,736 0,696031746031746 0,91031746031746 -1 -1 -1 -1 -1 -1 
0,830909090909091 0,54421052631579 -0,592 0,718253968253968 0,932539682539683 -1 -1 -1 -1 -1 -1 
0,697272727272727 0,569473684210527 -0,656 0,594444444444444 0,808730158730159 -1 -1 -1 -1 -1 -1 
0,741818181818182 0,569473684210527 -0,632 0,61984126984127 0,834126984126984 -1 -1 -1 -1 -1 -1 
0,833636363636364 0,570526315789474 -0,712 0,691269841269841 0,905555555555556 -1 -1 -1 -1 -1 -1 
0,861818181818182 0,56421052631579 -0,744 0,717460317460317 0,931746031746032 -1 -1 -1 -1 -1 -1 
0,87 0,536842105263158 -0,728 0,742857142857143 0,957142857142857 -1 -1 -1 -1 -1 -1 
0,87 0,536842105263158 -0,728 0,742857142857143 0,957142857142857 -1 -1 -1 -1 -1 -1 
0,874545454545455 0,529473684210526 -0,632 0,731746031746032 0,946031746031746 -1 -1 -1 -1 -1 1 
0,809090909090909 0,549473684210527 -0,496 0,711111111111111 0,925396825396825 -1 -1 -1 -1 -1 -1 
0,748181818181818 0,547368421052632 -0,376 0,667460317460317 0,881746031746032 -1 -1 -1 -1 -1 -1 
0,757272727272727 0,54421052631579 -0,688 0,671428571428571 0,885714285714286 -1 -1 -1 -1 -1 -1 
0,861818181818182 0,56421052631579 -0,744 0,717460317460317 0,931746031746032 -1 -1 -1 -1 -1 -1 
0,87 0,536842105263158 -0,728 0,742857142857143 0,957142857142857 -1 -1 -1 -1 -1 -1 
0,874545454545455 0,529473684210526 -0,632 0,731746031746032 0,946031746031746 -1 -1 -1 -1 -1 1 
0,809090909090909 0,549473684210527 -0,496 0,711111111111111 0,925396825396825 -1 -1 -1 -1 -1 -1 
0,748181818181818 0,547368421052632 -0,376 0,667460317460317 0,881746031746032 -1 -1 -1 -1 -1 -1 
0,764545454545455 0,569473684210527 -0,264 0,658730158730159 0,873015873015873 -1 -1 -1 -1 -1 -1 
0,739090909090909 0,55578947368421 -0,4 0,657142857142857 0,871428571428571 -1 -1 -1 -1 -1 -1 
0,749090909090909 0,557894736842105 -0,624 0,653174603174603 0,867460317460317 -1 -1 -1 -1 -1 -1 
0,758181818181818 0,558947368421053 -0,728 0,665873015873016 0,88015873015873 -1 -1 -1 -1 -1 -1 
0,751818181818182 0,542105263157895 -0,552 0,673015873015873 0,887301587301587 -1 -1 -1 -1 -1 -1 
0,725454545454545 0,493684210526316 -0,552 0,6 0,814285714285714 -0,952 -1 1 -1 -1 -1 
0,771818181818182 0,488421052631579 -0,592 0,615873015873016 0,83015873015873 -1 -1 1 -1 -1 -1 
0,793636363636364 0,513684210526315 -0,688 0,61984126984127 0,834126984126984 -0,888 -1 1 -1 -1 1 
0,776363636363636 0,549473684210527 -0,6 0,601587301587302 0,815873015873016 -1 -1 -1 -1 -1 -1 
0,823636363636364 0,515789473684211 -0,672 0,65 0,864285714285714 -1 -1 -1 -1 -1 -1 
0,759090909090909 0,486315789473685 -0,32 0,615873015873016 0,83015873015873 -1 -1 -1 -1 -1 -1 
0,759090909090909 0,524210526315789 -0,28 0,653968253968254 0,868253968253968 -1 -1 1 -1 -1 -1 
0,753636363636364 0,576842105263157 -0,648 0,631746031746032 0,846031746031746 -0,992 -1 -1 -1 -1 -1 
0,79 0,553684210526316 -0,552 0,646825396825397 0,861111111111111 -1 -1 -1 -1 -1 -1 
0,842727272727273 0,533684210526316 -0,712 0,673015873015873 0,887301587301587 -0,716 -1 1 -1 -1 -1 
0,842727272727273 0,533684210526316 -0,712 0,673015873015873 0,887301587301587 -0,716 -1 1 -1 -1 -1 
0,841818181818182 0,474736842105263 -0,624 0,678571428571429 0,892857142857143 -1 -1 1 -1 -1 1 
0,802727272727273 0,511578947368421 -0,632 0,673015873015873 0,887301587301587 -0,968 -1 1 -1 -1 -1 
0,780909090909091 0,55578947368421 -0,632 0,657142857142857 0,871428571428571 -1 -1 -1 -1 -1 -1 
0,804545454545455 0,568421052631579 -0,552 0,668253968253968 0,882539682539683 -1 -1 -1 -1 -1 -1 
0,767272727272727 0,548421052631579 -0,632 0,614285714285714 0,828571428571429 -1 -1 -1 -1 -1 -1 
0,796363636363636 0,543157894736842 -0,64 0,657142857142857 0,871428571428571 -1 -1 -1 -1 -1 -1 
0,817272727272727 0,532631578947369 -0,688 0,655555555555556 0,86984126984127 -1 -1 -1 -1 -1 -1 
0,827272727272727 0,501052631578948 -0,648 0,674603174603175 0,888888888888889 -0,936 -1 1 -1 -1 -1 
0,802727272727273 0,450526315789473 -0,648 0,635714285714286 0,85 -0,996 -1 1 -1 -1 -1 
0,783636363636364 0,453684210526316 -0,376 0,631746031746032 0,846031746031746 -0,992 1 1 -1 -1 -1 
0,761818181818182 0,490526315789474 -0,472 0,642857142857143 0,857142857142857 -0,992 -1 -1 -1 -1 -1 
0,780909090909091 0,525263157894737 -0,824 0,598412698412699 0,812698412698413 -1 -1 -1 -1 -1 -1 
0,813636363636364 0,552631578947368 -0,712 0,653968253968254 0,868253968253968 -1 -1 -1 -1 -1 -1 
0,834545454545454 0,525263157894737 -0,768 0,664285714285714 0,878571428571429 -1 -1 -1 -1 -1 -1 
0,824545454545455 0,538947368421053 -0,688 0,674603174603175 0,888888888888889 -1 -1 -1 -1 -1 1 
0,816363636363636 0,532631578947369 -0,688 0,653968253968254 0,868253968253968 -1 -1 -1 -1 -1 -1 
0,804545454545455 0,513684210526315 -0,648 0,655555555555556 0,86984126984127 -1 -1 -1 -1 -1 -1 
0,778181818181818 0,525263157894737 -0,6 0,653174603174603 0,867460317460317 -1 -1 -1 -1 -1 -1 
0,787272727272727 0,549473684210527 -0,6 0,646825396825397 0,861111111111111 -1 -1 -1 -1 -1 -1 
0,762727272727273 0,522105263157895 -0,68 0,608730158730159 0,823015873015873 -0,992 -1 1 -1 -1 -1 
0,793636363636364 0,516842105263158 -0,752 0,628571428571429 0,842857142857143 -1 -1 1 -1 -1 -1 
0,796363636363636 0,534736842105263 -0,712 0,635714285714286 0,85 -1 1 -1 -1 -1 -1 
0,830909090909091 0,532631578947369 -0,744 0,662698412698413 0,876984126984127 -1 -1 1 -1 -1 -1 
0,851818181818182 0,515789473684211 -0,696 0,673015873015873 0,887301587301587 -0,992 -1 -1 -1 -1 1 
0,834545454545454 0,554736842105264 -0,712 0,696825396825397 0,911111111111111 -1 -1 -1 -1 -1 -1 
0,858181818181818 0,554736842105264 -0,784 0,714285714285714 0,928571428571429 -1 -1 -1 -1 -1 -1 
0,875454545454545 0,537894736842106 -0,712 0,73015873015873 0,944444444444444 -1 -1 -1 -1 -1 -1 
0,881818181818182 0,533684210526316 -0,64 0,711111111111111 0,925396825396825 -1 -1 1 -1 -1 1 
0,843636363636364 0,53578947368421 -0,568 0,7 0,914285714285714 -0,984 -1 1 -1 -1 1 
0,835454545454546 0,426315789473684 -0,72 0,658730158730159 0,873015873015873 -0,684 1 1 -1 -1 1 
0,783636363636364 0,383157894736842 -0,488 0,596031746031746 0,81031746031746 -0,608 -1 1 -1 -1 -1 
0,727272727272727 0,510526315789474 -0,448 0,582539682539683 0,796825396825397 -0,992 -1 1 -1 -1 -1 
0,723636363636364 0,587368421052631 -0,544 0,573015873015873 0,787301587301587 -0,936 -1 1 -1 -1 -1 
0,701818181818182 0,575789473684211 -0,64 0,575396825396825 0,78968253968254 -1 -1 -1 -1 -1 -1 
0,817272727272727 0,523157894736843 -0,648 0,664285714285714 0,878571428571429 -1 -1 -1 -1 -1 -1 
0,84 0,529473684210526 -0,712 0,681746031746032 0,896031746031746 -1 -1 -1 -1 -1 -1 
0,855454545454545 0,528421052631579 -0,712 0,68968253968254 0,903968253968254 -1 -1 -1 -1 -1 -1 
0,864545454545455 0,508421052631578 -0,56 0,711111111111111 0,925396825396825 -1 -1 -1 -1 -1 -1 
0,875454545454545 0,509473684210526 -0,584 0,698412698412698 0,912698412698413 -0,828 -1 1 -1 -1 1 
0,784545454545455 0,565263157894737 -0,664 0,642857142857143 0,857142857142857 -1 -1 -1 -1 -1 -1 
0,8 0,53578947368421 -0,712 0,657142857142857 0,871428571428571 -1 -1 -1 -1 -1 -1 
0,844545454545455 0,511578947368421 -0,648 0,664285714285714 0,878571428571429 -1 -1 -1 -1 -1 -1 
0,824545454545455 0,490526315789474 -0,48 0,667460317460317 0,881746031746032 -1 -1 1 -1 -1 -1 
0,821818181818182 0,477894736842105 -0,64 0,63968253968254 0,853968253968254 -0,656 -1 1 -1 -1 1 
0,632727272727273 0,618947368421052 -0,64 0,532539682539683 0,746825396825397 -0,988 -1 1 -1 -1 -1 
0,64 0,662105263157896 -0,68 0,55 0,764285714285714 -1 -1 -1 -1 -1 -1 
0,666363636363636 0,642105263157895 -0,712 0,548412698412698 0,762698412698413 -1 -1 -1 -1 -1 -1 
0,703636363636364 0,582105263157894 -0,712 0,603968253968254 0,818253968253968 -1 -1 -1 -1 -1 -1 
0,72 0,516842105263158 -0,64 0,661111111111111 0,875396825396825 -1 -1 -1 -1 -1 -1 
0,77 0,497894736842105 -0,528 0,723015873015873 0,937301587301587 -1 -1 -1 -1 -1 -1 
0,774545454545455 0,484210526315789 -0,576 0,671428571428571 0,885714285714286 -1 -1 -1 -1 -1 -1 
0,789090909090909 0,486315789473685 -0,688 0,601587301587302 0,815873015873016 -0,876 -1 1 -1 -1 -1 
0,749090909090909 0,530526315789473 -0,712 0,582539682539683 0,796825396825397 -0,976 -1 1 -1 -1 1 
0,650909090909091 0,548421052631579 -0,496 0,575396825396825 0,78968253968254 -0,912 -1 -1 -1 -1 -1 
0,787272727272727 0,406315789473684 -0,504 0,667460317460317 0,881746031746032 -1 -1 -1 -1 -1 1 
0,740909090909091 0,425263157894737 -0,56 0,56984126984127 0,784126984126984 -0,784 -1 1 -1 -1 -1 
0,729090909090909 0,44 -0,504 0,541269841269841 0,755555555555556 -1 -1 -1 -1 -1 -1 
0,768181818181818 0,404210526315789 -0,44 0,635714285714286 0,85 -0,968 -1 1 -1 -1 -1 
0,783636363636364 0,432631578947369 -0,456 0,631746031746032 0,846031746031746 -0,908 -1 1 -1 -1 -1 
0,667272727272727 0,424210526315789 -0,472 0,596825396825397 0,811111111111111 -0,908 -1 1 -1 -1 -1 
0,75 0,407368421052632 -0,792 0,615873015873016 0,83015873015873 -0,988 -1 1 -1 -1 -1 
0,790909090909091 0,410526315789474 -0,576 0,61031746031746 0,824603174603175 -0,78 -1 1 -1 -1 -1 
0,749090909090909 0,454736842105264 -0,168 0,598412698412699 0,812698412698413 -0,752 -1 1 -1 -1 -1 
0,779090909090909 0,523157894736843 -0,784 0,626984126984127 0,841269841269841 -0,936 -1 1 -1 -1 -1 
0,8 0,452631578947368 -0,432 0,658730158730159 0,873015873015873 -1 -1 -1 -1 -1 -1 
0,824545454545455 0,451578947368421 -0,536 0,675396825396825 0,88968253968254 -0,828 -1 1 -1 -1 1 
0,798181818181818 0,498947368421052 -0,6 0,661111111111111 0,875396825396825 -1 -1 -1 -1 -1 -1 
0,809090909090909 0,489473684210526 -0,728 0,648412698412698 0,862698412698413 -1 -1 1 -1 -1 -1 
0,777272727272727 0,44421052631579 -0,288 0,646825396825397 0,861111111111111 -0,908 -1 1 -1 -1 -1 
0,756363636363636 0,442105263157895 -0,456 0,608730158730159 0,823015873015873 -0,904 -1 -1 -1 -1 1 
0,68 0,478947368421053 -0,04 0,573015873015873 0,787301587301587 -1 -1 -1 -1 -1 -1 
0,753636363636364 0,512631578947369 -0,00800000000000001 0,644444444444444 0,858730158730159 -0,988 -1 1 -1 -1 -1 
0,758181818181818 0,565263157894737 -0,712 0,617460317460317 0,831746031746032 -0,988 -1 1 -1 -1 -1 
0,750909090909091 0,556842105263158 -0,736 0,621428571428571 0,835714285714286 -1 -1 -1 -1 -1 -1 
0,674545454545455 0,531578947368421 -0,584 0,605555555555556 0,81984126984127 -1 -1 -1 -1 -1 -1 
0,751818181818182 0,495789473684211 -0,344 0,641269841269841 0,855555555555556 -1 -1 -1 -1 -1 -1 
0,791818181818182 0,476842105263157 -0,408 0,732539682539682 0,946825396825397 -1 -1 -1 -1 -1 -1 
0,798181818181818 0,46 -0,224 0,661111111111111 0,875396825396825 -0,904 -1 1 -1 -1 1 
0,731818181818182 0,565263157894737 -0,664 0,608730158730159 0,823015873015873 -1 -1 -1 -1 -1 -1 
0,746363636363636 0,48 -0,0720000000000001 0,682539682539683 0,896825396825397 -0,984 -1 1 -1 -1 -1 
0,652727272727273 0,497894736842105 -0,36 0,608730158730159 0,823015873015873 -1 -1 -1 -1 -1 -1 
0,644545454545455 0,516842105263158 -0,488 0,58968253968254 0,803968253968254 -1 -1 -1 -1 -1 -1 
0,72 0,530526315789473 -0,68 0,596825396825397 0,811111111111111 -1 -1 1 -1 -1 -1 
0,790909090909091 0,508421052631578 -0,4 0,664285714285714 0,878571428571429 -0,992 -1 1 -1 -1 -1 
0,822727272727273 0,569473684210527 -0,688 0,673015873015873 0,887301587301587 -0,988 -1 -1 -1 -1 -1 
0,822727272727273 0,553684210526316 -0,672 0,678571428571429 0,892857142857143 -1 -1 1 -1 -1 1 
0,84 0,545263157894736 -0,68 0,675396825396825 0,88968253968254 -0,972 -1 -1 -1 -1 -1 
0,849090909090909 0,536842105263158 -0,68 0,715873015873016 0,93015873015873 -1 -1 -1 -1 -1 1 
0,845454545454545 0,545263157894736 -0,72 0,691269841269841 0,905555555555556 -0,892 -1 1 -1 -1 1 
0,757272727272727 0,546315789473684 -0,624 0,655555555555556 0,86984126984127 -1 -1 -1 -1 -1 -1 
0,819090909090909 0,539999999999999 -0,704 0,681746031746032 0,896031746031746 -0,888 -1 1 -1 -1 1 
0,81 0,541052631578947 -0,616 0,667460317460317 0,881746031746032 -1 -1 -1 -1 -1 -1 
0,811818181818182 0,538947368421053 -0,72 0,657142857142857 0,871428571428571 -1 -1 -1 -1 -1 -1 
0,849090909090909 0,534736842105263 -0,68 0,685714285714286 0,9 -0,936 -1 1 -1 -1 1 
0,73 0,514736842105263 -0,624 0,605555555555556 0,81984126984127 -0,952 -1 -1 -1 -1 1 
0,731818181818182 0,558947368421053 -0,608 0,6 0,814285714285714 -0,984 -1 1 -1 -1 -1 
0,759090909090909 0,571578947368421 -0,696 0,61984126984127 0,834126984126984 -1 -1 -1 -1 -1 -1 
0,782727272727273 0,585263157894737 -0,624 0,674603174603175 0,888888888888889 -1 -1 -1 -1 -1 -1 
0,776363636363636 0,570526315789474 -0,64 0,707142857142857 0,921428571428571 -1 -1 -1 -1 -1 -1 
0,797272727272727 0,448421052631579 -0,696 0,657142857142857 0,871428571428571 -0,992 -1 1 -1 -1 -1 
0,810909090909091 0,451578947368421 -0,672 0,662698412698413 0,876984126984127 -1 -1 1 -1 -1 -1 
0,824545454545455 0,471578947368421 -0,744 0,664285714285714 0,878571428571429 -0,996 -1 1 -1 -1 1 
0,824545454545455 0,485263157894737 -0,792 0,68015873015873 0,894444444444444 -0,992 -1 1 -1 -1 -1 
0,806363636363636 0,517894736842106 -0,592 0,725396825396825 0,93968253968254 -1 -1 -1 -1 -1 1 
0,848181818181818 0,533684210526316 -0,88 0,655555555555556 0,86984126984127 -0,996 -1 -1 -1 -1 1 
0,837272727272727 0,5 -0,88 0,655555555555556 0,86984126984127 -0,876 -1 1 -1 -1 1 
0,770909090909091 0,495789473684211 -0,88 0,63968253968254 0,853968253968254 -1 -1 -1 -1 -1 -1 
0,728181818181818 0,502105263157895 -0,848 0,607142857142857 0,821428571428571 -0,988 -1 1 -1 -1 -1 
0,697272727272727 0,538947368421053 -0,864 0,531746031746032 0,746031746031746 -1 -1 -1 -1 -1 -1 
0,775454545454545 0,55578947368421 -0,712 0,671428571428571 0,885714285714286 -1 -1 -1 -1 -1 -1 
0,794545454545455 0,547368421052632 -0,672 0,66984126984127 0,884126984126984 -1 -1 -1 -1 -1 -1 
0,803636363636364 0,56421052631579 -0,704 0,675396825396825 0,88968253968254 -1 -1 -1 -1 -1 1 
0,822727272727273 0,596842105263158 -0,744 0,671428571428571 0,885714285714286 -0,924 -1 -1 -1 -1 -1 
0,798181818181818 0,604210526315789 -0,64 0,7 0,914285714285714 -1 -1 -1 -1 -1 -1 
0,821818181818182 0,575789473684211 -0,744 0,717460317460317 0,931746031746032 -1 -1 -1 -1 -1 -1 
0,836363636363636 0,549473684210527 -0,696 0,703174603174603 0,917460317460317 -1 -1 1 -1 -1 1 
0,859090909090909 0,543157894736842 -0,72 0,68968253968254 0,903968253968254 -0,96 -1 -1 -1 -1 1 
0,846363636363636 0,554736842105264 -0,696 0,71984126984127 0,934126984126984 -1 -1 -1 -1 -1 1 
0,834545454545454 0,550526315789473 -0,672 0,7 0,914285714285714 -1 -1 -1 -1 -1 1 
