268630 99999  19861101    36.9  7    36.4  7  1016.3  7  9999.9  0    0.9  7    8.3  7    9.7  999.9    38.3*   34.7   0.02F 999.9  110000 
268630 99999  19861102    39.3  8    38.0  8  1011.8  8  9999.9  0    1.6  8   10.2  8   15.5   21.4    42.6    37.4   0.02E 999.9  110000 
268630 99999  19861103    36.7  8    34.6  8  1010.7  8  9999.9  0    8.5  8   10.7  8   13.6   19.4    38.8    33.8*  0.12G 999.9  010000 
268630 99999  19861104    31.2  8    24.5  8  1021.3  8  9999.9  0    9.3  8   10.0  8   13.6   19.4    34.2*   28.0*  0.00G 999.9  000000 
268630 99999  19861105    31.6  8    29.0  8  1016.4  8  9999.9  0    4.4  8    9.5  8   11.7  999.9    34.7    27.7   0.08F 999.9  001000 
268630 99999  19861106    32.0  8    31.2  8  1005.0  8  9999.9  0    2.8  8    7.3  8   13.6  999.9    33.1    31.6   0.14F 999.9  101000 
268630 99999  19861107    32.7  8    31.3  8  1001.6  7  9999.9  0    3.6  8    4.1  8    7.8  999.9    34.2    31.5   0.12F   2.4  011000 
268630 99999  19861108    30.0  7    27.3  7  1017.4  7  9999.9  0    3.3  7    3.9  7    5.8  999.9    32.2    29.3   0.01E   1.6  000000 
268630 99999  19861109    31.0  8    28.9  8  1016.2  8  9999.9  0    1.6  8    7.0  8    9.7  999.9    32.9*   28.9   0.00G   1.6  001000 
268630 99999  19861110    33.1  7    32.3  7  1025.8  7  9999.9  0    3.0  7    5.5  7    5.8  999.9    34.0*   30.9   0.12G 999.9  101000 
268630 99999  19861111    38.4  8    35.8  8  1024.9  8  9999.9  0    2.7  8   10.9  8   13.6   19.4    41.7    34.9   0.00G 999.9  010000 
268630 99999  19861112    42.6  8    38.9  8  1018.6  8  9999.9  0    2.7  8   12.4  8   17.5   33.0    45.7    40.8*  0.00H 999.9  110000 
268630 99999  19861113    33.6  8    25.3  8  1025.1  8  9999.9  0   10.4  8   14.8  8   21.4   29.1    41.4*   22.5*  0.00G 999.9  000000 
268630 99999  19861114    26.8  8    21.1  8  1035.8  8  9999.9  0    6.2  8    4.6  8    5.8  999.9    37.0    20.5*  0.00C 999.9  000000 
268630 99999  19861115    27.6  8    22.8  8  1031.7  8  9999.9  0    6.5  8    8.3  8    9.7  999.9    32.5    20.3   0.00C 999.9  000000 
268630 99999  19861116    32.6  8    30.9  8  1029.5  8  9999.9  0    1.7  8    4.9  8    7.8  999.9    34.2    30.7   0.00G 999.9  110000 
268630 99999  19861117    34.0  8    33.8  8  1028.3  8  9999.9  0    0.5  8    5.1  8    7.8  999.9    35.4    32.2   0.00F 999.9  110000 
268630 99999  19861118    34.4  8    34.1  7  1027.2  7  9999.9  0    0.6  8    2.4  8    5.8  999.9    37.2    32.7   0.04G 999.9  110000 
268630 99999  19861119    33.4  8    32.9  8  1026.3  8  9999.9  0    0.9  8    6.6  8    9.7  999.9    34.3    32.5   0.00G 999.9  110000 
268630 99999  19861120    34.9  9    34.9  9  1023.9  9  9999.9  0    0.4  9   10.8  9   15.5  999.9    36.5    32.9   0.07F 999.9  110000 
268630 99999  19861121    35.2  8    34.8  8  1024.6  8  9999.9  0    0.7  8   10.0  8   13.6  999.9    36.0    34.2   0.02F 999.9  110000 
268630 99999  19861122    36.0  8    34.2  8  1026.0  8  9999.9  0    1.7  8   10.9  8   13.6   23.3    38.1    34.9   0.02F 999.9  010000 
268630 99999  19861123    33.4  7    30.1  7  1025.0  7  9999.9  0    2.6  7   18.0  7   19.4   27.2    34.7*   32.5*  0.00C 999.9  000000 
268630 99999  19861124    30.1  7    28.0  7  1028.6  7  9999.9  0    2.9  7   18.6  7   23.3   29.1    32.2*   28.4*  0.00E 999.9  010000 
268630 99999  19861125    30.4  8    28.5  8  1026.1  8  9999.9  0    1.5  8   13.6  8   17.5   27.2    31.8    28.4   0.00G   0.8  011000 
268630 99999  19861126    33.4  8    32.9  8  1028.0  8  9999.9  0    0.6  8   11.4  8   13.6  999.9    34.9*   30.6   0.07F   1.6  110000 
268630 99999  19861127    34.2  8    34.2  7  1029.1  8  9999.9  0    0.6  8   10.2  8   11.7  999.9    35.6*   32.7*  0.00F 999.9  110000 
268630 99999  19861128    36.6  8    33.9  8  1033.5  8  9999.9  0    4.2  8    7.0  8    7.8  999.9    38.8    33.8   0.01E 999.9  010000 
268630 99999  19861129    37.0  8    34.3  8  1027.8  8  9999.9  0    3.4  8   11.7  8   13.6  999.9    38.7    35.6   0.00E 999.9  010000 
268630 99999  19861130    37.0  8    32.9  8  1023.0  8  9999.9  0    4.4  8   10.2  8   13.6  999.9    43.2    29.5*  0.00E 999.9  000000 
268630 99999  19861201    35.0  7    32.6  7  1018.6  7  9999.9  0    1.8  7   11.1  7   13.6   23.3    36.9    28.9   0.00E 999.9  010000 
268630 99999  19861202    32.3  8    28.8  7  1006.2  8  9999.9  0    2.6  8   18.2  8   25.3   44.7    35.2*   28.8   0.08E 999.9  011000 
268630 99999  19861203    31.3  8    24.6  8  1016.2  8  9999.9  0    7.9  8   16.3  8   27.2   42.7    35.4*   26.4   0.04F 999.9  011000 
268630 99999  19861204    44.1  8    40.0  8  1004.3  8  9999.9  0    5.8  8   20.9  8   23.3   33.0    45.5    31.8   0.05F 999.9  010000 
268630 99999  19861205    43.8  8    37.9  7  1009.8  8  9999.9  0    8.0  8   15.5  8   19.4   31.1    46.8    41.4*  0.04F 999.9  010000 
268630 99999  19861206    41.6  8    36.9  8  1006.1  8  9999.9  0    6.3  8   15.3  8   17.5   27.2    44.2*   39.4   0.08E 999.9  010000 
268630 99999  19861207    31.3  8    24.6  8  1018.5  8  9999.9  0    7.3  8   18.2  8   21.4   36.9    38.3*   23.2*  0.00G 999.9  011000 
268630 99999  19861208    20.6  8    13.4  8  1043.7  8  9999.9  0    7.8  8    5.8  8    7.8  999.9    27.1    15.3   0.00G 999.9  000000 
268630 99999  19861209    21.1  7    14.3  7  1038.4  7  9999.9  0    8.9  7   12.5  7   15.5  999.9    27.0    16.7   0.00C 999.9  000000 
268630 99999  19861210    21.5  7    19.3  7  1033.2  7  9999.9  0    2.6  7    8.0  7    9.7  999.9    27.7*   18.5   0.00C 999.9  000000 
268630 99999  19871101    30.3  8    21.0  8  1029.2  8  9999.9  0    3.5  8    3.4  8    5.8  999.9    42.6    21.7   0.00G 999.9  000000 
268630 99999  19871102    28.6  8    22.5  8  1025.1  8  9999.9  0    3.0  8    2.2  8    3.9  999.9    42.4    19.2   0.00C 999.9  000000 
268630 99999  19871103    30.6  8    24.8  8  1023.7  8  9999.9  0    2.5  8    4.4  8    7.8  999.9    40.8    19.4   0.00B 999.9  000000 
268630 99999  19871104    34.3  8    30.8  8  1025.6  8  9999.9  0    5.1  8    8.0  8   11.7  999.9    39.4    31.1*  0.00E 999.9  111000 
268630 99999  19871105    36.9  8    34.1  8  1018.3  8  9999.9  0    8.1  8   11.7  8   15.5   21.4    42.8    30.2   0.00G 999.9  010000 
268630 99999  19871106    39.8  8    38.5  8  1010.3  7  9999.9  0    5.0  8   10.2  8   15.5  999.9    42.4    34.7   0.24F 999.9  010000 
268630 99999  19871107    25.4  8    22.9  8  1012.0  7  9999.9  0    7.1  8    7.3  8    9.7  999.9    33.4*   17.2*  0.20E   1.6  011000 
268630 99999  19871108    27.0  8    24.8  8  1008.0  8  9999.9  0    4.1  8    6.1  8    7.8  999.9    31.8    14.4   0.03G   2.0  001000 
268630 99999  19871109    21.4  8    16.7  8  1014.9  8  9999.9  0   10.5  8   11.7  8   15.5  999.9    27.3    11.1   0.00G   3.5  000000 
268630 99999  19871110    22.2  8    18.7  8  1019.7  8  9999.9  0    5.3  8    7.5  8    9.7  999.9    29.1    15.8   0.00C 999.9  000000 
268630 99999  19871111    21.0  8    16.8  8  1017.2  8  9999.9  0    5.2  8    7.8  8    9.7  999.9    28.6    13.8   0.00C 999.9  100000 
268630 99999  19871112    24.5  8    23.1  8  1012.8  8  9999.9  0    1.8  8    5.3  7    7.8  999.9    29.1*   18.9   0.00G   3.1  100000 
268630 99999  19871113    33.2  9    32.5  9  1007.4  9  9999.9  0    0.9  9    9.5  9   11.7  999.9    36.3*   28.2   0.16F 999.9  111000 
268630 99999  19871114    34.7  8    34.5  8  1005.8  8  9999.9  0    0.8  8    8.7  8   13.6  999.9    38.8*   32.9   0.31F 999.9  010000 
268630 99999  19871115    39.3  8    37.0  8  1010.3  8  9999.9  0    4.2  8    9.5  8   15.5   25.3    41.2    33.8*  0.08F 999.9  010000 
268630 99999  19871116    35.2  7    33.5  7  1019.6  7  9999.9  0    3.5  7    5.8  7    9.7  999.9    37.8*   32.2   0.00E 999.9  000000 
268630 99999  19871117    35.8  8    34.8  8  1018.3  8  9999.9  0    1.3  8    9.5  8   13.6  999.9    39.0*   34.0*  0.00G 999.9  011000 
268630 99999  19871118    40.9  8    40.6  8  1016.1  8  9999.9  0    1.1  8    6.1  8    7.8  999.9    42.6    37.4   0.24G 999.9  110000 
268630 99999  19871119    40.3  8    39.7  8  1017.2  7  9999.9  0    1.6  8    2.7  8    3.9  999.9    42.8    38.8*  0.24G 999.9  110000 
268630 99999  19871120    37.6  8    36.9  8  1012.5  8  9999.9  0    1.5  8    7.5  8   11.7  999.9    39.2    35.2*  0.00G 999.9  110000 
268630 99999  19871121    30.2  8    26.9  7  1018.5  7  9999.9  0    4.1  8   11.7  8   13.6   21.4    32.9*   28.0*  0.00E 999.9  000000 
268630 99999  19871122    27.2  8    23.9  8  1020.4  7  9999.9  0    4.1  8   10.2  8   11.7   21.4    28.0*   25.9*  0.01G 999.9  001000 
268630 99999  19871123    22.4  8    19.1  8  1013.7  8  9999.9  0    3.6  8   11.7  8   17.5   21.4    23.7    21.2   0.12G   1.6  001000 
268630 99999  19871124    25.0  7    21.7  7  1019.2  7  9999.9  0    3.5  7    4.7  7    9.7  999.9    26.6    22.1   0.00G 999.9  001000 
268630 99999  19871125    33.2  8    32.9  8  1020.6  8  9999.9  0    0.5  8    7.0  8    9.7  999.9    38.1*   24.4   0.02F   1.6  110000 
268630 99999  19871126    38.3  8    37.4  8  1019.2  8  9999.9  0    1.0  8   12.6  8   13.6   21.4    39.6    35.4   0.06F 999.9  010000 
268630 99999  19871127    33.3  8    31.9  8  1023.1  8  9999.9  0    1.7  8   13.1  8   15.5   21.4    36.1*   31.6*  0.05F 999.9  010000 
268630 99999  19871128    31.4  8    28.9  8  1022.2  8  9999.9  0    2.2  8   12.4  8   17.5   27.2    31.8    31.1*  0.04E 999.9  010000 
268630 99999  19871129    31.5  8    31.5  8  1029.3  8  9999.9  0    0.3  8    7.3  8   11.7  999.9    32.2    30.2   0.02E 999.9  110000 
268630 99999  19871130    31.8  8    31.3  8  1032.7  8  9999.9  0    0.7  8    5.8  8    7.8  999.9    32.4    30.9*  0.00C 999.9  100000 
268630 99999  19871201    29.5  8    27.4  8  1031.1  8  9999.9  0    1.1  8    3.9  8    5.8  999.9    30.7*   28.8*  0.01G   1.2  001000 
268630 99999  19871202    29.8  8    27.5  8  1029.8  8  9999.9  0    4.9  8    6.8  8    9.7  999.9    31.6*   28.4*  0.31G   2.4  011000 
268630 99999  19871203    30.8  8    29.3  8  1031.1  8  9999.9  0    2.7  8    2.7  8    5.8  999.9    33.4    27.7*  0.01G   2.0  001000 
268630 99999  19871204    24.1  8    23.5  8  1036.0  8  9999.9  0    1.4  8    4.4  8    7.8  999.9    27.9    17.8   0.00G   2.0  100000 
268630 99999  19871205    27.9  8    26.1  8  1026.9  8  9999.9  0    4.0  8    7.3  8    7.8  999.9    29.3    25.7   0.00G   2.0  000000 
268630 99999  19871206    21.0  8    19.0  8  1018.4  8  9999.9  0    2.1  8    6.8  8    7.8  999.9    27.0*   12.0*  0.00G 999.9  010000 
268630 99999  19871207    23.9  8    21.0  8  1005.5  8  9999.9  0    2.1  8    9.2  8   11.7  999.9    27.7    11.3   0.20E 999.9  001000 
268630 99999  19871208    17.7  8    13.4  8  1008.3  8  9999.9  0    8.0  8   12.1  8   15.5   23.3    25.5*   10.0   0.05F 999.9  001000 
268630 99999  19871209    24.5  8    21.6  8  1003.4  8  9999.9  0    3.0  8   15.3  8   19.4   27.2    29.7*   18.5   0.12F 999.9  001000 
268630 99999  19871210    24.3  8    20.7  8   999.1  8  9999.9  0    6.1  8   10.2  8   17.5   25.3    29.8*   17.6   0.05F 999.9  001000 
268630 99999  19881101    24.8  8    17.7  8  1018.5  8  9999.9  0    5.9  8    6.3  8    7.8  999.9    34.0    18.1   0.00G 999.9  001000 
268630 99999  19881102    31.2  8    29.6  8  1004.4  8  9999.9  0    2.3  8   11.4  8   15.5   21.4    34.7    23.5   0.00G 999.9  011000 
268630 99999  19881103    24.4  8    19.6  8  1016.3  8  9999.9  0    5.5  8   11.7  8   15.5   25.3    34.0*   14.4*  0.10F   0.8  011000 
268630 99999  19881104    26.2  8    22.6  7  1030.5  8  9999.9  0    5.5  8    9.0  8    9.7  999.9    33.3    13.5   0.02F   1.2  001000 
268630 99999  19881105    33.1  8    29.6  8  1031.6  7  9999.9  0    2.6  8    8.5  8    9.7  999.9    40.6    27.9*  0.00E 999.9  001000 
268630 99999  19881106    28.6  9    18.6  9  1019.7  9  9999.9  0    5.1  8   10.1  9   13.6  999.9    35.4    22.6   0.00C   1.2  000000 
268630 99999  19881107    31.9  8    26.8  8  1009.7  8  9999.9  0    4.3  8    9.7  8   11.7  999.9    36.5    27.9   0.02E 999.9  001000 
268630 99999  19881108    27.3  8    23.6  8  1017.2  8  9999.9  0    5.8  8    7.5  8   11.7  999.9    31.5*   21.0   0.01E   1.2  001000 
268630 99999  19881109    21.2  8    16.8  8  1030.0  8  9999.9  0    5.2  8    9.0  8   11.7  999.9    23.9*   14.9*  0.00G   1.2  001000 
268630 99999  19881110    15.5  9     9.7  8  1036.8  9  9999.9  0    8.3  9    6.3  9    9.7  999.9    23.7     8.8   0.00E 999.9  000000 
268630 99999  19881111    21.5  8    11.8  8  1034.8  8  9999.9  0    6.5  8    6.3  8    9.7  999.9    32.9    10.8   0.00C 999.9  000000 
268630 99999  19881112    28.4  8    18.5  8  1027.9  7  9999.9  0    5.9  8    7.5  8    9.7  999.9    35.2    22.5   0.00C   1.2  000000 
268630 99999  19881113    30.0  9    28.7  8  1016.5  9  9999.9  0    1.6  9    8.2  9    9.7  999.9    31.1    28.0   0.01G   1.2  010000 
268630 99999  19881114    31.4  8    31.0  8  1004.5  8  9999.9  0    0.6  8    5.1  8    7.8  999.9    32.7    29.7*  0.00G   1.2  111000 
268630 99999  19881115    30.2  9    29.0  9  1004.3  9  9999.9  0    1.2  9   10.4  9   11.7  999.9    31.1*   29.3   0.43G   4.7  001000 
268630 99999  19881116    27.6  7    24.8  6  1019.3  7  9999.9  0    2.2  7   10.5  7   13.6   19.4    28.4    26.2*  0.16G 999.9  001000 
268630 99999  19881117    27.0  8    24.7  8  1019.9  8  9999.9  0    4.0  8    8.0  8   11.7  999.9    29.8*   24.4   0.02G 999.9  001000 
268630 99999  19881118    32.5  8    32.0  8  1009.9  8  9999.9  0    0.7  8    8.7  8   13.6   21.4    33.4    27.9   0.03G   5.1  111000 
268630 99999  19881119    27.9  8    23.9  7   997.1  8  9999.9  0    3.7  8   14.3  8   19.4   27.2    33.8*   16.0*  0.16G 999.9  011000 
268630 99999  19881120    18.3  8    12.7  8  1010.7  8  9999.9  0    6.2  8    7.0  8    9.7  999.9    23.0    11.3   0.00G 999.9  001000 
268630 99999  19881121    18.7  8    15.1  8  1015.2  8  9999.9  0    5.2  8    6.1  8    7.8  999.9    23.2    13.8   0.00E 999.9  001000 
268630 99999  19881122    15.5  8    14.0  8  1018.1  8  9999.9  0    1.0  8    1.9  8    3.9  999.9    20.3     6.3*  0.01G 999.9  101000 
268630 99999  19881123    16.3  8    11.5  8  1013.1  8  9999.9  0    3.5  8   13.1  8   17.5   19.4    26.1     5.7   0.00G 999.9  001000 
268630 99999  19881124    15.5  8    12.0  8  1015.8  8  9999.9  0    4.1  8    8.7  8   11.7  999.9    28.0*    0.9   0.02E 999.9  011000 
268630 99999  19881125    32.2  8    30.5  7  1003.4  8  9999.9  0    3.2  7   10.2  8   13.6   21.4    35.4*   27.1   0.04F 999.9  011000 
268630 99999  19881126    32.7  9    29.6  9  1004.7  8  9999.9  0    6.1  9   10.6  9   13.6   21.4    35.1*   26.2*  0.12E   3.5  001000 
268630 99999  19881127    22.5  8    20.7  8  1007.3  8  9999.9  0    3.8  7    6.6  8   13.6  999.9    26.4*   17.6   0.02F   4.3  101000 
268630 99999  19881128    17.8  8    12.9  8  1013.0  8  9999.9  0    7.7  7   10.4  8   13.6   21.4    21.4*   13.6*  0.03F 999.9  001000 
268630 99999  19881129    27.2  8    25.1  8   990.3  8  9999.9  0    2.1  8   11.7  8   15.5   19.4    31.8    13.5   0.03G   5.9  001000 
268630 99999  19881130    21.3  8    18.8  8   982.4  8  9999.9  0    0.9  8   14.3  8   23.3   35.0    32.5*   14.2*  0.16G 999.9  001000 
268630 99999  19881201    11.4  8     6.8  8  1013.3  8  9999.9  0    4.5  8   12.6  8   17.5  999.9    15.4*    5.5*  0.00G 999.9  001000 
268630 99999  19881202     2.7  8    -1.0  8  1027.0  8  9999.9  0    3.1  8    2.9  8    7.8  999.9     9.1*   -6.5*  0.01G 999.9  001000 
268630 99999  19881203    -2.9  8    -5.1  8  1031.6  8  9999.9  0    0.7  8    1.0  8    5.8  999.9     4.5   -10.3   0.00G 999.9  101000 
268630 99999  19881204     6.2  8     3.3  8  1026.3  8  9999.9  0    3.5  8    7.0  8    9.7  999.9    12.9*    2.1   0.02G   5.5  101000 
268630 99999  19881205    20.6  9    17.0  8  1003.4  8  9999.9  0    3.6  9   13.8  9   17.5   21.4    27.0*    7.7   0.00G 999.9  001000 
268630 99999  19881206    31.3  8    30.2  8   996.4  8  9999.9  0    1.3  8    8.3  8   11.7  999.9    33.1    24.4   0.12G   5.9  101000 
268630 99999  19881207    31.3  8    28.5  8  1003.3  8  9999.9  0    4.6  8    5.3  8    9.7  999.9    32.4    29.8   0.00G   5.9  000000 
268630 99999  19881208    30.9  8    28.7  8  1015.6  8  9999.9  0    2.8  8    4.6  8    5.8  999.9    32.2    29.5   0.00G   5.5  001000 
268630 99999  19881209    28.6  8    26.1  7  1009.9  8  9999.9  0    5.4  8   10.7  8   13.6   23.3    30.6*   27.3*  0.01G   5.5  001000 
268630 99999  19881210    25.3  8    21.5  8  1006.4  8  9999.9  0    6.0  8   11.9  8   13.6  999.9    29.5*   22.3*  0.00G 999.9  001000 








































































































































































































































































































































































































































































































































































































































































































































































































































































