0,595454545454545 0,507368421052632 -0,632 0,401587301587302 0,615873015873016 -1 1 -1 -1 -1 -1 
0,663636363636364 0,526315789473684 -0,512 0,491269841269841 0,705555555555556 -1 -1 -1 -1 -1 -1 
0,704545454545455 0,536842105263158 -0,648 0,562698412698413 0,776984126984127 -1 -1 -1 -1 -1 -1 
0,712727272727273 0,554736842105264 -0,712 0,525396825396825 0,73968253968254 -1 -1 -1 -1 -1 -1 
0,693636363636364 0,527368421052632 -0,808 0,525396825396825 0,73968253968254 -1 -1 -1 -1 -1 -1 
0,704545454545455 0,558947368421053 -0,712 0,523015873015873 0,737301587301587 -1 -1 -1 -1 -1 -1 
0,75 0,545263157894736 -0,864 0,571428571428571 0,785714285714286 -0,6 -1 1 -1 -1 -1 
0,702727272727273 0,582105263157894 -0,864 0,558730158730159 0,773015873015873 -0,984 -1 1 -1 -1 -1 
0,688181818181818 0,575789473684211 -0,944 0,498412698412698 0,712698412698413 -1 -1 -1 -1 -1 -1 
0,746363636363636 0,552631578947368 -0,88 0,574603174603175 0,788888888888889 -0,952 -1 1 -1 -1 -1 
0,653636363636364 0,709473684210527 -0,92 0,526984126984127 0,741269841269841 -1 -1 -1 -1 -1 -1 
0,664545454545454 0,627368421052631 -0,904 0,478571428571429 0,692857142857143 -1 -1 -1 -1 -1 -1 
0,69 0,531578947368421 -0,88 0,518253968253968 0,732539682539682 -1 -1 -1 -1 -1 -1 
0,709090909090909 0,485263157894737 -0,912 0,575396825396825 0,78968253968254 -1 -1 -1 -1 -1 -1 
0,723636363636364 0,454736842105264 -0,88 0,528571428571429 0,742857142857143 -0,988 -1 1 -1 -1 -1 
0,685454545454546 0,512631578947369 -0,824 0,485714285714286 0,7 -1 -1 -1 -1 -1 -1 
0,682727272727273 0,541052631578947 -0,848 0,521428571428571 0,735714285714286 -1 -1 -1 -1 -1 -1 
0,672727272727273 0,541052631578947 -0,672 0,468253968253968 0,682539682539683 -1 -1 -1 -1 -1 -1 
0,74 0,503157894736842 -0,416 0,607142857142857 0,821428571428571 -0,992 -1 1 -1 -1 -1 
0,745454545454545 0,512631578947369 -0,776 0,596825396825397 0,811111111111111 -0,988 -1 1 -1 -1 -1 
0,648181818181818 0,648421052631578 -0,536 0,485714285714286 0,7 -1 -1 -1 -1 -1 -1 
0,669090909090909 0,607368421052632 -0,896 0,508730158730159 0,723015873015873 -0,888 -1 -1 -1 -1 -1 
0,704545454545455 0,571578947368421 -0,848 0,523015873015873 0,737301587301587 -1 -1 1 -1 -1 -1 
0,706363636363636 0,556842105263158 -0,92 0,538888888888889 0,753174603174603 -1 -1 -1 -1 -1 -1 
0,710909090909091 0,536842105263158 -0,872 0,537301587301587 0,751587301587302 -1 -1 -1 -1 -1 -1 
0,72 0,553684210526316 -0,688 0,574603174603175 0,788888888888889 -0,92 -1 -1 -1 -1 -1 
0,734545454545455 0,52 -0,592 0,594444444444444 0,808730158730159 -1 -1 1 -1 -1 1 
0,722727272727273 0,513684210526315 -0,688 0,605555555555556 0,81984126984127 -1 -1 -1 -1 -1 -1 
0,729090909090909 0,481052631578948 -0,592 0,587301587301587 0,801587301587302 -1 -1 -1 -1 -1 -1 
0,729090909090909 0,545263157894736 -0,648 0,6 0,814285714285714 -1 -1 -1 -1 -1 1 
0,647272727272727 0,492631578947368 -0,496 0,573015873015873 0,787301587301587 -1 -1 -1 -1 -1 -1 
0,672727272727273 0,560000000000001 -0,664 0,596825396825397 0,811111111111111 -1 -1 -1 -1 -1 -1 
0,680909090909091 0,581052631578948 -0,552 0,615873015873016 0,83015873015873 -1 -1 -1 -1 -1 -1 
0,693636363636364 0,570526315789474 -0,632 0,614285714285714 0,828571428571429 -1 -1 -1 -1 -1 -1 
0,683636363636364 0,514736842105263 -0,552 0,584126984126984 0,798412698412698 -1 -1 -1 -1 -1 -1 
0,569090909090909 0,476842105263157 0,592 0,476984126984127 0,691269841269841 -1 -1 -1 -1 -1 -1 
0,585454545454546 0,482105263157894 0,152 0,546825396825397 0,761111111111111 -1 -1 -1 -1 -1 -1 
0,575454545454545 0,532631578947369 -0,464 0,478571428571429 0,692857142857143 -1 -1 -1 -1 -1 -1 
0,597272727272727 0,577894736842105 -0,488 0,557142857142857 0,771428571428571 -1 -1 -1 -1 -1 -1 
0,607272727272727 0,577894736842105 -0,648 0,56031746031746 0,774603174603175 -1 -1 -1 -1 -1 -1 
0,72 0,578947368421053 -0,648 0,611111111111111 0,825396825396825 -1 -1 -1 -1 -1 -1 
0,726363636363636 0,570526315789474 -0,656 0,607142857142857 0,821428571428571 -1 -1 1 -1 -1 -1 
0,696363636363636 0,546315789473684 -0,632 0,596031746031746 0,81031746031746 -1 -1 1 -1 -1 -1 
0,68 0,482105263157894 -0,552 0,564285714285714 0,778571428571429 -1 -1 1 -1 -1 1 
0,737272727272727 0,430526315789473 -0,472 0,6 0,814285714285714 -0,968 -1 1 -1 -1 1 
0,653636363636364 0,468421052631579 -0,552 0,515873015873016 0,73015873015873 -1 -1 1 -1 -1 -1 
0,687272727272727 0,512631578947369 -0,512 0,528571428571429 0,742857142857143 -0,684 -1 1 -1 -1 -1 
0,704545454545455 0,567368421052631 -0,72 0,528571428571429 0,742857142857143 -0,984 -1 -1 -1 -1 -1 
0,656363636363636 0,585263157894737 -0,544 0,544444444444444 0,758730158730159 -1 -1 -1 -1 -1 -1 
0,657272727272727 0,568421052631579 -0,592 0,531746031746032 0,746031746031746 -1 -1 -1 -1 -1 -1 
0,656363636363636 0,585263157894737 -0,544 0,544444444444444 0,758730158730159 -1 -1 -1 -1 -1 -1 
0,657272727272727 0,568421052631579 -0,592 0,531746031746032 0,746031746031746 -1 -1 -1 -1 -1 -1 
0,707272727272727 0,550526315789473 -0,64 0,574603174603175 0,788888888888889 -0,996 -1 1 -1 -1 1 
0,690909090909091 0,532631578947369 -0,664 0,558730158730159 0,773015873015873 -0,904 -1 -1 -1 -1 -1 
0,678181818181818 0,505263157894737 -0,6 0,564285714285714 0,778571428571429 -1 -1 -1 -1 -1 -1 
0,737272727272727 0,517894736842106 -0,648 0,575396825396825 0,78968253968254 -1 -1 1 -1 -1 -1 
0,742727272727273 0,484210526315789 -0,712 0,568253968253968 0,782539682539683 -0,992 1 1 -1 -1 -1 
0,749090909090909 0,465263157894737 -0,736 0,546031746031746 0,76031746031746 -0,716 1 -1 -1 -1 -1 
0,754545454545455 0,346315789473684 -0,592 0,564285714285714 0,778571428571429 -1 -1 1 -1 -1 -1 
0,673636363636364 0,385263157894737 -0,512 0,532539682539683 0,746825396825397 -0,48 -1 1 -1 -1 -1 
0,722727272727273 0,530526315789473 -0,72 0,555555555555556 0,76984126984127 -0,992 -1 1 -1 -1 -1 
0,726363636363636 0,496842105263158 -0,744 0,56984126984127 0,784126984126984 -0,932 -1 1 -1 -1 -1 
0,737272727272727 0,516842105263158 -0,664 0,564285714285714 0,778571428571429 -0,748 1 1 -1 -1 -1 
0,725454545454545 0,524210526315789 -0,6 0,562698412698413 0,776984126984127 -0,876 -1 1 -1 -1 -1 
0,732727272727273 0,53578947368421 -0,76 0,562698412698413 0,776984126984127 -0,972 -1 1 -1 -1 -1 
0,734545454545455 0,527368421052632 -0,36 0,628571428571429 0,842857142857143 -0,988 -1 -1 -1 -1 -1 
0,636363636363636 0,567368421052631 -0,328 0,6 0,814285714285714 -1 -1 -1 -1 -1 -1 
0,639090909090909 0,546315789473684 -0,496 0,568253968253968 0,782539682539683 -0,988 -1 1 -1 -1 -1 
0,666363636363636 0,497894736842105 -0,536 0,587301587301587 0,801587301587302 -0,988 -1 1 -1 -1 -1 
0,597272727272727 0,526315789473684 -0,44 0,546825396825397 0,761111111111111 -0,988 -1 1 -1 -1 -1 
0,731818181818182 0,418947368421052 -0,56 0,581746031746032 0,796031746031746 -0,952 -1 1 -1 -1 1 
0,750909090909091 0,349473684210527 -0,504 0,596825396825397 0,811111111111111 -0,956 -1 1 -1 -1 1 
0,716363636363636 0,321052631578947 -0,576 0,551587301587302 0,765873015873016 -0,968 -1 1 -1 -1 1 
0,681818181818182 0,36421052631579 -0,624 0,514285714285714 0,728571428571429 -0,812 -1 1 -1 -1 -1 
0,677272727272727 0,42 -0,504 0,534126984126984 0,748412698412698 -0,996 -1 1 -1 -1 -1 
0,411818181818182 0,68842105263158 -0,568 0,43015873015873 0,644444444444444 -1 -1 -1 -1 -1 -1 
0,442727272727273 0,696842105263158 -0,64 0,437301587301587 0,651587301587301 -1 -1 -1 -1 -1 -1 
0,459090909090909 0,683157894736843 -0,688 0,478571428571429 0,692857142857143 -1 -1 -1 -1 -1 -1 
0,479090909090909 0,687368421052631 -0,592 0,5 0,714285714285714 -1 -1 -1 -1 -1 -1 
0,460909090909091 0,670526315789474 -0,52 0,511111111111111 0,725396825396825 -1 -1 -1 -1 -1 -1 
0,606363636363636 0,447368421052632 -0,432 0,542857142857143 0,757142857142857 -1 -1 -1 -1 -1 -1 
0,650909090909091 0,543157894736842 -0,624 0,523015873015873 0,737301587301587 -1 -1 1 -1 -1 -1 
0,548181818181818 0,623157894736843 -0,304 0,505555555555556 0,71984126984127 -0,86 -1 1 -1 -1 -1 
0,558181818181818 0,567368421052631 -0,48 0,538888888888889 0,753174603174603 -1 -1 1 -1 -1 -1 
0,69 0,474736842105263 -0,632 0,531746031746032 0,746031746031746 -0,956 -1 1 -1 -1 -1 
0,737272727272727 0,469473684210527 -0,592 0,567460317460317 0,781746031746032 -0,844 -1 1 -1 -1 -1 
0,674545454545455 0,54421052631579 -0,608 0,532539682539683 0,746825396825397 -0,872 -1 -1 -1 -1 -1 
0,65 0,560000000000001 -0,44 0,558730158730159 0,773015873015873 -0,932 -1 1 -1 -1 -1 
0,601818181818182 0,590526315789474 -0,424 0,538888888888889 0,753174603174603 -1 -1 -1 -1 -1 -1 
0,584545454545454 0,576842105263157 -0,656 0,528571428571429 0,742857142857143 -1 -1 -1 -1 -1 -1 
0,549090909090909 0,545263157894736 -0,448 0,512698412698413 0,726984126984127 -1 -1 -1 -1 -1 -1 
0,580909090909091 0,530526315789473 -0,424 0,541269841269841 0,755555555555556 -1 -1 1 -1 -1 -1 
0,612727272727273 0,592631578947368 -0,632 0,521428571428571 0,735714285714286 -0,996 -1 1 -1 -1 -1 
0,630909090909091 0,62 -0,672 0,518253968253968 0,732539682539682 -1 -1 -1 -1 -1 -1 
0,553636363636364 0,631578947368421 -0,672 0,557142857142857 0,771428571428571 -1 -1 -1 -1 -1 -1 
0,632727272727273 0,546315789473684 -0,672 0,618253968253968 0,832539682539683 -1 -1 -1 -1 -1 -1 
0,653636363636364 0,509473684210526 -0,448 0,567460317460317 0,781746031746032 -1 -1 1 -1 -1 -1 
0,536363636363636 0,511578947368421 -0,584 0,521428571428571 0,735714285714286 -1 -1 -1 -1 -1 -1 
0,466363636363636 0,531578947368421 -0,576 0,471428571428571 0,685714285714286 -1 -1 -1 -1 -1 -1 
0,46 0,570526315789474 -0,6 0,434126984126984 0,648412698412698 -1 -1 -1 -1 -1 -1 
0,46 0,570526315789474 -0,6 0,434126984126984 0,648412698412698 -1 -1 -1 -1 -1 -1 
0,518181818181818 0,531578947368421 -0,696 0,487301587301587 0,701587301587302 -1 -1 -1 -1 -1 -1 
0,591818181818182 0,510526315789474 -0,696 0,535714285714286 0,75 -1 -1 1 -1 -1 -1 
0,755454545454545 0,483157894736842 -0,624 0,596031746031746 0,81031746031746 -0,616 1 1 -1 -1 -1 
0,776363636363636 0,476842105263157 -0,616 0,596825396825397 0,811111111111111 -0,8 -1 1 -1 -1 1 
0,64 0,412631578947369 -0,576 0,432539682539683 0,646825396825397 -1 1 1 -1 -1 1 
0,546363636363636 0,469473684210527 -0,544 0,468253968253968 0,682539682539683 -0,816 -1 1 -1 -1 -1 
0,663636363636364 0,417894736842106 -0,608 0,521428571428571 0,735714285714286 -1 -1 -1 -1 -1 -1 
0,727272727272727 0,395789473684211 -0,376 0,562698412698413 0,776984126984127 -1 -1 1 -1 -1 -1 
0,757272727272727 0,403157894736842 -0,304 0,591269841269841 0,805555555555556 -1 -1 1 -1 -1 1 
0,718181818181818 0,404210526315789 -0,48 0,558730158730159 0,773015873015873 -1 -1 1 -1 -1 -1 
0,647272727272727 0,45578947368421 -0,504 0,544444444444444 0,758730158730159 -1 -1 -1 -1 -1 -1 
0,676363636363636 0,448421052631579 -0,56 0,528571428571429 0,742857142857143 -1 -1 1 -1 -1 -1 
0,725454545454545 0,389473684210526 -0,608 0,558730158730159 0,773015873015873 -0,932 -1 1 -1 1 1 
0,642727272727273 0,496842105263158 -0,536 0,546031746031746 0,76031746031746 -0,948 -1 -1 -1 -1 -1 
0,628181818181818 0,545263157894736 -0,648 0,591269841269841 0,805555555555556 -1 -1 -1 -1 -1 -1 
0,616363636363636 0,523157894736843 -0,712 0,56031746031746 0,774603174603175 -1 -1 -1 -1 -1 -1 
0,625454545454545 0,546315789473684 -0,632 0,575396825396825 0,78968253968254 -0,988 -1 1 -1 -1 1 
0,613636363636364 0,553684210526316 -0,552 0,562698412698413 0,776984126984127 -1 -1 1 -1 -1 1 
0,645454545454546 0,530526315789473 -0,64 0,581746031746032 0,796031746031746 -1 -1 1 -1 -1 1 
0,758181818181818 0,478947368421053 -0,904 0,576984126984127 0,791269841269841 -0,936 -1 1 -1 -1 -1 
0,729090909090909 0,511578947368421 -0,88 0,567460317460317 0,781746031746032 -0,996 -1 -1 -1 -1 -1 
0,727272727272727 0,45578947368421 -0,688 0,553968253968254 0,768253968253968 -1 -1 1 -1 -1 -1 
0,681818181818182 0,402105263157895 -0,16 0,575396825396825 0,78968253968254 -0,952 -1 1 -1 -1 -1 
0,558181818181818 0,503157894736842 -0,32 0,488888888888889 0,703174603174603 -1 -1 -1 -1 -1 -1 
0,690909090909091 0,478947368421053 -0,784 0,5 0,714285714285714 -0,996 -1 1 -1 -1 -1 
0,53 0,55578947368421 -0,104 0,465873015873016 0,68015873015873 -0,876 -1 1 -1 -1 -1 
0,496363636363636 0,605263157894737 -0,464 0,412698412698413 0,626984126984127 -1 -1 -1 -1 -1 -1 
0,525454545454545 0,567368421052631 -0,536 0,425396825396825 0,63968253968254 -1 -1 -1 -1 -1 -1 
0,579090909090909 0,56421052631579 -0,744 0,442857142857143 0,657142857142857 -1 -1 -1 -1 -1 -1 
0,547272727272727 0,537894736842106 -0,608 0,392857142857143 0,607142857142857 -1 -1 -1 -1 -1 -1 
0,599090909090909 0,549473684210527 -0,864 0,414285714285714 0,628571428571429 -1 -1 -1 -1 -1 -1 
0,614545454545455 0,589473684210526 -0,864 0,43968253968254 0,653968253968254 -1 -1 -1 -1 -1 -1 
0,635454545454545 0,568421052631579 -0,784 0,457142857142857 0,671428571428571 -1 -1 -1 -1 -1 -1 
0,669090909090909 0,518947368421052 -0,792 0,507142857142857 0,721428571428571 -1 -1 -1 -1 -1 -1 
0,541818181818182 0,395789473684211 -0,784 0,401587301587302 0,615873015873016 -1 -1 -1 -1 -1 -1 
0,527272727272727 0,481052631578948 -0,688 0,426984126984127 0,641269841269841 -1 -1 -1 -1 -1 -1 
0,576363636363636 0,523157894736843 -0,872 0,446031746031746 0,66031746031746 -1 -1 -1 -1 -1 -1 
0,598181818181818 0,53578947368421 -0,872 0,482539682539682 0,696825396825397 -1 -1 -1 -1 -1 -1 
0,607272727272727 0,484210526315789 -0,664 0,412698412698413 0,626984126984127 -1 -1 -1 -1 -1 -1 
0,680909090909091 0,485263157894737 -0,624 0,531746031746032 0,746031746031746 -0,976 -1 1 -1 -1 -1 
0,679090909090909 0,498947368421052 -0,848 0,528571428571429 0,742857142857143 -0,98 -1 -1 -1 -1 1 
0,663636363636364 0,5 -0,792 0,484126984126984 0,698412698412698 -1 -1 1 -1 -1 -1 
0,663636363636364 0,507368421052632 -0,688 0,481746031746032 0,696031746031746 -0,984 -1 1 -1 -1 -1 
0,561818181818182 0,546315789473684 -0,536 0,531746031746032 0,746031746031746 -1 -1 -1 -1 -1 -1 
0,552727272727273 0,553684210526316 -0,608 0,476984126984127 0,691269841269841 -1 -1 -1 -1 -1 -1 
0,561818181818182 0,517894736842106 -0,424 0,453174603174603 0,667460317460317 -1 -1 -1 -1 -1 -1 
0,604545454545455 0,498947368421052 -0,672 0,532539682539683 0,746825396825397 -1 -1 1 -1 -1 -1 
0,600909090909091 0,481052631578948 -0,712 0,485714285714286 0,7 -1 -1 -1 -1 -1 -1 
0,604545454545455 0,44421052631579 -0,688 0,498412698412698 0,712698412698413 -1 -1 1 -1 -1 -1 
0,604545454545455 0,498947368421052 -0,672 0,532539682539683 0,746825396825397 -1 -1 1 -1 -1 -1 
0,600909090909091 0,481052631578948 -0,712 0,485714285714286 0,7 -1 -1 -1 -1 -1 -1 
0,604545454545455 0,44421052631579 -0,688 0,498412698412698 0,712698412698413 -1 -1 1 -1 -1 -1 
0,641818181818182 0,485263157894737 -0,6 0,56031746031746 0,774603174603175 -1 -1 1 -1 -1 -1 
0,644545454545455 0,52 -0,688 0,546031746031746 0,76031746031746 -1 -1 -1 -1 -1 -1 
0,59 0,36 -0,56 0,467460317460317 0,681746031746032 -0,904 -1 1 -1 -1 -1 
0,568181818181818 0,45578947368421 -0,688 0,43015873015873 0,644444444444444 -0,952 1 1 -1 -1 -1 
0,554545454545455 0,508421052631578 -0,512 0,41984126984127 0,634126984126984 -1 -1 -1 -1 -1 -1 
0,519090909090909 0,571578947368421 -0,576 0,431746031746032 0,646031746031746 -1 -1 -1 -1 -1 -1 
0,523636363636364 0,563157894736842 -0,624 0,442857142857143 0,657142857142857 -1 -1 -1 -1 -1 -1 
0,570909090909091 0,401052631578948 -0,0479999999999999 0,5 0,714285714285714 -0,984 -1 1 -1 -1 -1 
0,579090909090909 0,451578947368421 -0,24 0,481746031746032 0,696031746031746 -0,888 -1 1 -1 -1 -1 
0,538181818181818 0,561052631578947 -0,536 0,468253968253968 0,682539682539683 -1 -1 -1 -1 -1 -1 
0,529090909090909 0,578947368421053 -0,44 0,471428571428571 0,685714285714286 -1 -1 -1 -1 -1 -1 
0,520909090909091 0,530526315789473 -0,304 0,428571428571429 0,642857142857143 -1 -1 -1 -1 -1 -1 
0,58 0,511578947368421 -0,496 0,425396825396825 0,63968253968254 -1 -1 -1 -1 -1 -1 
0,532727272727273 0,505263157894737 -0,144 0,494444444444444 0,708730158730159 -1 -1 -1 -1 -1 -1 
0,509090909090909 0,587368421052631 -0,456 0,437301587301587 0,651587301587301 -1 -1 -1 -1 -1 -1 
0,560909090909091 0,507368421052632 -0,576 0,46031746031746 0,674603174603175 -1 -1 1 -1 -1 -1 
0,640909090909091 0,426315789473684 -0,552 0,557142857142857 0,771428571428571 -1 -1 1 -1 -1 -1 
0,558181818181818 0,521052631578947 -0,648 0,425396825396825 0,63968253968254 -1 -1 -1 -1 -1 -1 
0,575454545454545 0,501052631578948 -0,648 0,441269841269841 0,655555555555556 -1 -1 -1 -1 -1 -1 
0,629090909090909 0,477894736842105 -0,824 0,5 0,714285714285714 -0,968 -1 1 -1 -1 -1 
0,661818181818182 0,488421052631579 -0,672 0,507142857142857 0,721428571428571 -1 1 1 -1 -1 -1 
0,645454545454546 0,46421052631579 -0,672 0,503968253968254 0,718253968253968 -0,968 1 1 -1 -1 -1 
0,62 0,406315789473684 -0,664 0,485714285714286 0,7 -0,984 1 -1 -1 -1 -1 
0,606363636363636 0,454736842105264 -0,632 0,485714285714286 0,7 -1 -1 1 -1 -1 1 
0,590909090909091 0,507368421052632 -0,552 0,481746031746032 0,696031746031746 -0,952 -1 -1 -1 -1 -1 
0,52 0,522105263157895 -0,632 0,446825396825397 0,661111111111111 -1 -1 -1 -1 -1 -1 
0,521818181818182 0,489473684210526 -0,712 0,396825396825397 0,611111111111111 -1 -1 -1 -1 -1 -1 
0,637272727272727 0,485263157894737 -0,768 0,485714285714286 0,7 -0,936 -1 1 -1 -1 -1 
0,645454545454546 0,478947368421053 -0,576 0,476984126984127 0,691269841269841 -0,86 1 1 -1 -1 -1 
0,588181818181818 0,483157894736842 0,416 0,503174603174603 0,717460317460317 -0,888 -1 1 -1 -1 -1 
0,543636363636364 0,554736842105264 -0,44 0,46984126984127 0,684126984126984 -1 -1 -1 -1 -1 -1 
0,598181818181818 0,531578947368421 -0,552 0,45 0,664285714285714 -1 -1 -1 -1 -1 -1 
0,681818181818182 0,348421052631579 -0,464 0,505555555555556 0,71984126984127 -0,84 -1 1 -1 -1 -1 
0,596363636363636 0,48 -0,416 0,453968253968254 0,668253968253968 -0,904 -1 1 -1 -1 -1 
0,591818181818182 0,56421052631579 -0,456 0,442857142857143 0,657142857142857 -1 -1 -1 -1 -1 -1 
0,628181818181818 0,487368421052631 -0,472 0,484126984126984 0,698412698412698 -1 1 1 -1 -1 -1 
0,637272727272727 0,368421052631579 -0,496 0,5 0,714285714285714 -0,828 -1 1 -1 -1 -1 
0,629090909090909 0,481052631578948 0,128 0,567460317460317 0,781746031746032 -1 -1 -1 -1 -1 -1 
0,633636363636364 0,475789473684211 0,0880000000000001 0,6 0,814285714285714 -0,996 -1 -1 -1 -1 -1 
0,56 0,605263157894737 -0,536 0,475396825396825 0,68968253968254 -1 -1 -1 -1 -1 -1 
0,599090909090909 0,556842105263158 -0,472 0,46031746031746 0,674603174603175 -1 -1 -1 -1 -1 -1 
0,621818181818182 0,481052631578948 -0,00800000000000001 0,58015873015873 0,794444444444444 -1 -1 -1 -1 -1 -1 
0,576363636363636 0,546315789473684 -0,464 0,501587301587302 0,715873015873016 -1 -1 -1 -1 -1 -1 
0,578181818181818 0,572631578947368 -0,376 0,5 0,714285714285714 -1 -1 -1 -1 -1 -1 
0,575454545454545 0,606315789473684 -0,624 0,503968253968254 0,718253968253968 -1 -1 -1 -1 -1 -1 
0,562727272727273 0,592631578947368 -0,448 0,496825396825397 0,711111111111111 -1 -1 -1 -1 -1 -1 
0,559090909090909 0,549473684210527 -0,376 0,488888888888889 0,703174603174603 -1 -1 -1 -1 -1 -1 
