268630 99999  19860401    45.4  8    38.4  8  1007.4  8  9999.9  0    5.1  8    9.2  8   13.6  999.9    57.4    33.1   0.12G 999.9  010000 
268630 99999  19860402    35.7  8    29.8  8  1013.6  8  9999.9  0    5.1  7   10.0  8   11.7   21.4    44.2    31.5   0.02G 999.9  010000 
268630 99999  19860403    39.5  8    30.6  8  1017.2  8  9999.9  0    5.2  8    8.3  8   11.7  999.9    47.8    29.8   0.00G 999.9  000000 
268630 99999  19860404    50.0  8    43.2  8  1009.2  8  9999.9  0    3.6  8    9.5  8   11.7   21.4    66.0    37.0   0.12E 999.9  010000 
268630 99999  19860405    38.3  8    35.4  8  1020.2  8  9999.9  0    4.5  8    7.0  8   11.7  999.9    40.8*   35.6   0.00G 999.9  010000 
268630 99999  19860406    39.7  8    39.3  8  1024.0  7  9999.9  0    0.5  8    5.3  8    7.8  999.9    43.7    36.1   0.00E 999.9  110000 
268630 99999  19860407    42.3  8    40.3  8  1028.3  8  9999.9  0    1.6  8    4.6  8    7.8  999.9    46.4    38.8   0.02E 999.9  110000 
268630 99999  19860408    42.3  8    39.0  8  1025.5  8  9999.9  0    2.4  8    9.5  8   11.7  999.9    51.1*   36.0   0.00G 999.9  000000 
268630 99999  19860409    51.7  8    41.9  8  1011.2  8  9999.9  0    2.8  8    9.7  8   13.6  999.9    73.0    37.9   0.03G 999.9  110000 
268630 99999  19860410    45.4  8    41.7  8  1001.5  8  9999.9  0    1.3  8    7.8  8   13.6  999.9    59.2    38.1   0.00G 999.9  100000 
268630 99999  19860411    37.5  8    35.7  8   998.1  8  9999.9  0    1.6  8   13.8  8   15.5   25.3    43.2*   32.7*  0.00G 999.9  010000 
268630 99999  19860412    26.7  8    22.4  8  1002.0  8  9999.9  0    5.2  8   14.8  8   19.4   23.3    29.7*   24.1*  0.20G   1.6  001000 
268630 99999  19860413    30.4  8    21.4  8  1009.6  8  9999.9  0    7.6  8    5.1  8    9.7  999.9    34.7    23.2   0.00G   0.8  000000 
268630 99999  19860414    34.0  8    22.9  8  1008.9  8  9999.9  0    8.6  8   10.0  8   13.6  999.9    39.4    27.5   0.00G 999.9  000000 
268630 99999  19860415    31.1  8    28.2  8  1007.8  8  9999.9  0    6.8  8    9.7  8   13.6  999.9    32.7    29.7   0.16G   2.4  011000 
268630 99999  19860416    35.8  8    23.2  8  1014.4  8  9999.9  0   10.1  8   10.9  8   15.5  999.9    46.6    25.5   0.12G   2.0  001000 
268630 99999  19860417    38.2  8    26.7  8  1018.9  8  9999.9  0    8.3  8    5.3  8    9.7  999.9    48.2    24.6   0.00G 999.9  000000 
268630 99999  19860418    45.6  9    38.8  9  1013.0  9  9999.9  0    6.0  9   12.1  9   19.4   33.0    53.4    37.9   0.00G 999.9  010000 
268630 99999  19860419    47.2  8    41.6  8  1006.3  8  9999.9  0    4.2  8   14.8  8   23.3   35.0    53.4    39.4   0.00G 999.9  010000 
268630 99999  19860420    46.5  8    44.9  7   996.3  8  9999.9  0    4.5  8   12.6  8   15.5   23.3    50.5    36.3*  0.28F 999.9  010000 
268630 99999  19860421    41.8  8    34.0  8  1009.0  8  9999.9  0    8.4  8    9.2  8   13.6   23.3    49.3    37.4*  0.01F 999.9  010000 
268630 99999  19860422    47.1  8    37.8  8  1017.5  8  9999.9  0    6.5  8    3.6  8    7.8  999.9    55.9    38.1   0.00C 999.9  000000 
268630 99999  19860423    50.7  8    39.3  8  1021.0  8  9999.9  0    6.2  8    6.1  8   11.7  999.9    63.3    34.3   0.00G 999.9  100000 
268630 99999  19860424    55.8  8    39.7  8  1025.7  8  9999.9  0   10.5  8    8.0  8   13.6   19.4    67.8    41.9   0.00C 999.9  000000 
268630 99999  19860425    57.2  8    42.1  8  1025.0  8  9999.9  0    6.9  8    6.3  8   13.6  999.9    70.0    43.2   0.00C 999.9  000000 
268630 99999  19860426    58.3  8    45.5  8  1021.4  7  9999.9  0    5.9  8    5.1  8   13.6  999.9    71.8    47.1   0.00C 999.9  000000 
268630 99999  19860427    59.4  8    44.9  8  1016.3  7  9999.9  0    8.8  8    7.8  8   19.4  999.9    73.8    47.5   0.00H 999.9  010010 
268630 99999  19860428    55.4  8    47.0  8  1011.6  8  9999.9  0    4.7  8    4.6  8    9.7  999.9    68.4    44.2   0.12E 999.9  010010 
268630 99999  19860429    57.1  8    48.0  8  1011.5  7  9999.9  0    4.5  7    5.3  8   11.7  999.9    73.0    41.5   0.01E 999.9  100000 
268630 99999  19860430    60.3  8    47.8  8  1013.8  8  9999.9  0    6.6  8    6.3  8    7.8   21.4    74.3    46.6   0.00E 999.9  000000 
268630 99999  19860501    52.0  8    44.7  8  1015.5  8  9999.9  0    6.8  8    8.7  8   17.5   25.3    62.2    43.7   0.00H 999.9  010000 
268630 99999  19860502    43.9  8    37.0  8  1016.6  8  9999.9  0    9.3  8   13.6  8   19.4   31.1    48.7    36.7   0.02G 999.9  000000 
268630 99999  19860503    46.6  8    34.8  8  1017.9  8  9999.9  0    8.2  8    9.7  8   13.6   19.4    55.0    37.9   0.00G 999.9  000000 
268630 99999  19860504    44.3  8    27.5  8  1021.7  8  9999.9  0    9.3  8    9.7  8   13.6   21.4    54.7    32.4   0.00C 999.9  000000 
268630 99999  19860505    46.1  8    28.2  8  1022.9  8  9999.9  0    9.3  8    7.5  8    9.7   21.4    59.2    32.5   0.00C 999.9  000000 
268630 99999  19860506    44.8  8    26.4  8  1024.3  8  9999.9  0    8.9  8    5.6  8    7.8  999.9    57.0    28.9   0.00C 999.9  000000 
268630 99999  19860507    52.9  8    31.9  8  1024.0  8  9999.9  0   10.1  8    5.6  8    7.8  999.9    68.2    31.5   0.00C 999.9  000000 
268630 99999  19860508    59.1  8    39.0  8  1021.4  8  9999.9  0   11.3  8    6.8  8    9.7  999.9    72.9    43.9   0.00E 999.9  010000 
268630 99999  19860509    59.1  8    43.7  8  1018.3  8  9999.9  0    8.9  8    5.1  8    9.7  999.9    73.2    47.3   0.00G 999.9  010010 
268630 99999  19860510    58.4  8    47.5  8  1018.8  8  9999.9  0    8.0  8    4.9  8    7.8  999.9    69.8    45.9   0.00E 999.9  000010 
268630 99999  19860511    56.5  8    48.4  8  1017.9  8  9999.9  0    7.3  8    5.6  8    9.7   21.4    69.6    44.8   0.00G 999.9  010010 
268630 99999  19860512    57.0  8    48.6  7  1012.6  8  9999.9  0    5.9  8    5.8  8    9.7  999.9    66.4    48.4   0.02E 999.9  100010 
268630 99999  19860513    53.2  8    43.7  8  1017.3  8  9999.9  0    8.8  8    8.5  8   11.7  999.9    61.2    45.7*  0.04E 999.9  000000 
268630 99999  19860514    55.7  7    42.6  7  1020.0  7  9999.9  0    8.3  7    3.3  7    5.8  999.9    68.4    40.3*  0.00C 999.9  000000 
268630 99999  19860515    60.7  7    46.3  6  1019.1  7  9999.9  0    7.5  7    7.5  7   11.7  999.9    74.3    47.3   0.00G 999.9  000000 
268630 99999  19870401    34.9  8    29.1  8  1029.1  8  9999.9  0    4.6  8    8.0  8    9.7  999.9    41.2    31.3   0.20G 999.9  000000 
268630 99999  19870402    34.3  8    24.3  8  1027.4  8  9999.9  0    7.5  8   10.4  8   13.6  999.9    40.3    26.4   0.00G  10.6  000000 
268630 99999  19870403    31.6  8    26.8  8  1027.9  8  9999.9  0    5.2  8    9.0  8   11.7  999.9    36.5    26.8   0.00C 999.9  000000 
268630 99999  19870404    32.7  9    24.7  9  1029.7  9  9999.9  0    6.6  8    5.2  9    7.8  999.9    40.6    23.7   0.00C  10.2  000000 
268630 99999  19870405    32.6  8    21.6  8  1019.2  8  9999.9  0    7.0  8   11.2  8   15.5  999.9    41.5    20.5   0.00C 999.9  000000 
268630 99999  19870406    34.0  8    32.8  8   999.9  8  9999.9  0    0.7  8    8.7  8   11.7  999.9    36.7*   31.3   0.12G   9.8  111000 
268630 99999  19870407    33.6  8    26.9  8  1003.6  8  9999.9  0    8.6  8   15.1  8   21.4   25.3    37.0    30.6   0.00G   5.9  000000 
268630 99999  19870408    35.6  8    30.1  8  1006.6  8  9999.9  0    4.8  8    8.0  8   11.7  999.9    42.4    30.2   0.01E   6.3  011000 
268630 99999  19870409    34.7  8    29.1  8  1010.4  7  9999.9  0    5.6  8    7.8  8   11.7  999.9    39.7    32.4   0.24G 999.9  001000 
268630 99999  19870410    33.1  8    21.8  8  1021.3  8  9999.9  0    9.1  8    4.9  8    7.8  999.9    39.0    27.9   0.00G 999.9  000000 
268630 99999  19870411    34.1  9    22.5  9  1025.0  9  9999.9  0    6.6  9    9.3  9   13.6  999.9    39.9*   25.0   0.00C   3.5  000000 
268630 99999  19870412    34.5  8    22.7  8  1026.1  8  9999.9  0    7.2  8    7.0  8    9.7  999.9    42.8    26.2   0.00C   2.4  000000 
268630 99999  19870413    37.8  7    24.2  7  1028.0  7  9999.9  0    6.4  7    5.0  7    7.8  999.9    46.0    26.6   0.00B   0.8  000000 
268630 99999  19870414    38.6  8    25.7  8  1025.4  8  9999.9  0    5.8  8    1.7  8    3.9  999.9    48.6*   27.3   0.00C 999.9  000000 
268630 99999  19870415    40.1  9    31.7  9  1022.5  9  9999.9  0    5.0  9    4.3  9    7.8  999.9    50.5    29.1   0.00C 999.9  000000 
268630 99999  19870416    38.6  8    34.1  7  1015.7  8  9999.9  0    3.0  8    9.0  8   11.7  999.9    44.1    32.0   0.04G 999.9  010000 
268630 99999  19870417    40.7  7    34.3  6  1006.0  7  9999.9  0    6.0  7   11.9  7   13.6   29.1    50.4    34.3   0.00G 999.9  010000 
268630 99999  19870418    33.3  8    28.5  8  1001.8  8  9999.9  0    7.5  8   16.0  8   23.3   35.0    40.3    30.9   0.08G 999.9  011000 
268630 99999  19870419    33.7  8    24.1  8  1012.1  8  9999.9  0    7.1  8   16.3  8   23.3   31.1    39.0    30.4*  0.08G 999.9  001000 
268630 99999  19870420    34.9  8    19.4  8  1013.1  8  9999.9  0    7.4  8    8.5  8   15.5  999.9    45.0    26.1   0.00G 999.9  000000 
268630 99999  19870421    36.5  8    24.0  8  1009.7  8  9999.9  0    6.2  8    5.3  8    9.7  999.9    41.9    30.6   0.00B 999.9  000000 
268630 99999  19870422    32.3  8    21.6  8  1019.3  8  9999.9  0    7.4  8    8.5  8   13.6   21.4    38.1    26.1   0.00C 999.9  000000 
268630 99999  19870423    35.2  8    19.6  8  1024.3  8  9999.9  0    8.1  8    7.5  8    9.7  999.9    46.6    25.0   0.00C 999.9  000000 
268630 99999  19870424    37.7  5    32.5  5  1019.5  5  9999.9  0    3.7  5    8.9  5   11.7  999.9    43.5*   30.4   0.00H 999.9  010000 
268630 99999  19870425    42.9  7    32.7  7  1009.3  7  9999.9  0    4.9  7    6.7  7   11.7  999.9    48.6*   34.7   0.16G 999.9  010000 
268630 99999  19870426    35.1  8    33.4  7  1005.9  8  9999.9  0    2.5  8   10.7  8   15.5   21.4    38.1*   32.5   0.16G 999.9  011000 
268630 99999  19870427    37.0  8    30.4  7  1014.9  8  9999.9  0    5.6  8   12.6  8   15.5   21.4    43.5    32.9   0.00G 999.9  001000 
268630 99999  19870428    42.4  8    27.5  8  1024.6  8  9999.9  0    7.0  8    9.2  8   11.7  999.9    52.7    30.9   0.00C 999.9  000000 
268630 99999  19870429    51.2  8    41.9  8  1026.6  8  9999.9  0    4.1  8    6.6  8    9.7  999.9    64.4    41.0   0.00C 999.9  000000 
268630 99999  19870430    56.6  8    44.2  8  1025.3  8  9999.9  0    4.3  8    2.7  8    5.8  999.9    70.0*   41.4   0.00C 999.9  000000 
268630 99999  19870501    60.4  8    43.4  8  1020.9  8  9999.9  0    4.4  8    3.4  8    7.8  999.9    72.7    44.6   0.00C 999.9  000000 
268630 99999  19870502    60.3  8    45.1  8  1017.7  7  9999.9  0    4.0  8    5.6  8    7.8  999.9    72.0    46.8   0.00C 999.9  000000 
268630 99999  19870503    58.7  8    44.8  8  1018.6  8  9999.9  0    4.3  8    6.6  8   13.6  999.9    69.6    49.6   0.00C 999.9  000000 
268630 99999  19870504    56.5  9    39.4  9  1020.6  9  9999.9  0    6.4  9    6.3  9   11.7  999.9    68.9    43.5   0.00C 999.9  000000 
268630 99999  19870505    56.4  8    45.6  8  1019.5  8  9999.9  0    5.0  8    5.3  8    7.8  999.9    64.8    48.2   0.00C 999.9  000000 
268630 99999  19870506    58.3  8    45.8  8  1013.3  8  9999.9  0    5.2  8    6.1  8    9.7  999.9    68.5    48.4   0.00G 999.9  000000 
268630 99999  19870507    48.3  6    43.5  6  1005.8  6  9999.9  0    5.5  6    7.4  6   13.6  999.9    56.7*   36.5*  0.00H 999.9  010000 
268630 99999  19870508    38.1  8    32.2  8  1001.0  8  9999.9  0    9.3  8   12.6  8   15.5   21.4    40.8    34.5   0.51G 999.9  010000 
268630 99999  19870509    37.5  8    34.9  8  1001.8  8  9999.9  0    5.5  8    9.0  8    9.7  999.9    39.2    36.1   0.00G 999.9  010000 
268630 99999  19870510    49.1  8    35.7  8  1008.1  8  9999.9  0    7.1  8    7.5  8   11.7  999.9    61.5    34.9   0.35G 999.9  000000 
268630 99999  19870511    52.8  6    43.0  6  1005.7  6  9999.9  0    8.8  6   12.9  6   17.5  999.9    61.7*   45.1   0.00G 999.9  010000 
268630 99999  19870512    48.1  8    41.9  8  1011.4  8  9999.9  0    5.1  8    6.3  8    9.7  999.9    57.6    41.7   0.02F 999.9  110000 
268630 99999  19870513    57.1  8    46.2  8  1012.2  8  9999.9  0    6.2  8   10.2  8   15.5  999.9    68.5    41.0   0.00C 999.9  000000 
268630 99999  19870514    62.7  8    44.8  8  1011.3  8  9999.9  0    8.5  8   12.4  8   19.4  999.9    73.4    50.9   0.00G 999.9  000000 
268630 99999  19870515    50.6  8    43.3  8  1015.0  8  9999.9  0    8.4  8    7.8  8   11.7  999.9    58.1    40.1*  0.04F 999.9  010000 
268630 99999  19880401    42.5  7    36.2  7  1025.0  7  9999.9  0    4.5  7    8.0  7   13.6  999.9    50.2    33.8*  0.00B 999.9  000000 
268630 99999  19880402    43.6  8    37.1  8  1021.5  8  9999.9  0    5.7  8   12.9  8   17.5   25.3    46.8    39.9   0.12E 999.9  010000 
268630 99999  19880403    42.6  8    35.6  8  1024.1  8  9999.9  0    4.7  8    6.1  8    9.7  999.9    48.9    36.1*  0.03E 999.9  000000 
268630 99999  19880404    37.0  8    35.0  8  1028.8  8  9999.9  0    1.3  8    5.6  8    7.8  999.9    39.6    32.5   0.00G 999.9  010000 
268630 99999  19880405    38.6  8    38.5  8  1028.2  8  9999.9  0    0.3  8    2.4  8    3.9  999.9    41.2    36.0   0.08G 999.9  110000 
268630 99999  19880406    42.1  9    36.5  9  1024.3  9  9999.9  0    3.1  9    7.0  8    9.7  999.9    52.2    29.7   0.00G 999.9  100000 
268630 99999  19880407    45.5  8    34.6  8  1023.0  8  9999.9  0    4.1  8    5.1  8    7.8  999.9    57.7    34.7   0.00C 999.9  000000 
268630 99999  19880408    50.5  8    38.0  8  1009.3  8  9999.9  0    4.9  8   10.4  8   15.5  999.9    59.2    39.7   0.00C 999.9  000000 
268630 99999  19880409    45.0  8    35.4  8   999.6  8  9999.9  0    3.9  8   10.7  8   19.4  999.9    54.1    34.2*  0.00G 999.9  010000 
268630 99999  19880410    34.8  8    24.2  8  1010.1  8  9999.9  0    6.3  8   10.2  8   13.6   23.3    43.2    30.4*  0.04E 999.9  001000 
268630 99999  19880411    33.7  8    28.6  8  1007.4  8  9999.9  0    5.3  8   13.8  8   25.3   38.9    38.7*   29.1   0.00H 999.9  011000 
268630 99999  19880412    37.1  8    26.8  8  1013.3  8  9999.9  0    9.3  8   13.6  8   21.4   27.2    46.4    32.9   0.00E 999.9  011000 
268630 99999  19880413    46.1  8    33.1  8  1011.9  7  9999.9  0    5.0  8    7.3  8    9.7  999.9    67.8    31.1   0.00E 999.9  010000 
268630 99999  19880414    34.2  8    31.4  8  1010.7  8  9999.9  0    3.9  8   14.3  8   17.5   29.1    48.0*   30.7*  0.16E   0.4  011000 
268630 99999  19880415    33.2  8    20.4  8  1022.3  8  9999.9  0   10.8  8    9.7  8   11.7  999.9    40.5    27.3   0.00B   0.8  000000 
268630 99999  19880416    39.4  8    24.6  8  1025.1  8  9999.9  0    6.7  8    3.9  8    7.8  999.9    51.3    25.0   0.00G 999.9  000000 
268630 99999  19880417    45.3  8    29.0  8  1023.7  8  9999.9  0    8.2  8    7.5  8   11.7  999.9    58.1    29.7   0.00C 999.9  000000 
268630 99999  19880418    52.0  8    38.4  8  1016.8  8  9999.9  0    6.5  8    6.6  8    7.8  999.9    65.3    33.1   0.00C 999.9  000000 
268630 99999  19880419    49.8  8    45.1  8  1013.6  8  9999.9  0    5.2  8    6.6  8    7.8  999.9    59.4    41.5   0.00G 999.9  000000 
268630 99999  19880420    50.1  8    38.9  8  1015.9  8  9999.9  0    6.0  8    5.3  8    7.8  999.9    62.2    34.9   0.00C 999.9  000000 
268630 99999  19880421    59.6  8    46.7  8  1012.3  8  9999.9  0    5.3  8   10.4  8   17.5  999.9    70.9    49.1   0.00C 999.9  000000 
268630 99999  19880422    48.9  8    42.6  8  1008.2  8  9999.9  0    5.8  8    4.9  8    9.7  999.9    54.5    41.5   0.00C 999.9  000000 
268630 99999  19880423    41.1  8    34.4  8  1003.9  8  9999.9  0    5.9  8   12.1  8   17.5  999.9    47.7*   31.6*  0.02G 999.9  010000 
268630 99999  19880424    30.4  8    24.5  8  1003.7  8  9999.9  0    5.6  8   12.6  8   19.4  999.9    33.4    26.6   0.00G 999.9  011100 
268630 99999  19880425    29.9  8    25.3  8  1009.8  8  9999.9  0    5.6  8   11.9  8   15.5   29.1    36.9    25.5   0.03F 999.9  001000 
268630 99999  19880426    33.9  9    24.5  9  1017.5  8  9999.9  0    7.0  9    9.3  9   15.5   21.4    43.2    27.0   0.08G   1.2  011000 
268630 99999  19880427    32.8  8    26.0  8  1023.4  8  9999.9  0    5.7  8    5.8  8    7.8  999.9    41.0    28.4   0.00G 999.9  011000 
268630 99999  19880428    35.4  8    24.8  8  1025.1  8  9999.9  0    5.9  7    8.3  8   13.6  999.9    43.9    25.9   0.00B 999.9  000000 
268630 99999  19880429    41.4  8    29.7  8  1020.4  8  9999.9  0    6.8  8    8.0  8   11.7  999.9    50.5    31.5   0.00C 999.9  000000 
268630 99999  19880430    45.1  8    30.1  8  1021.0  8  9999.9  0    5.9  8    3.6  8    9.7  999.9    57.2    28.6   0.00C 999.9  000000 
268630 99999  19880501    51.6  9    36.1  9  1017.3  8  9999.9  0    7.1  9    8.6  9    9.7  999.9    64.9    38.5   0.00C 999.9  000000 
268630 99999  19880502    56.5  8    39.9  8  1015.0  8  9999.9  0    4.8  8    7.3  8    9.7  999.9    71.1    44.2   0.00E 999.9  010000 
268630 99999  19880503    62.0  8    36.5  8  1013.3  8  9999.9  0    5.7  8   10.2  8   13.6   21.4    73.9    49.6   0.00B 999.9  000000 
268630 99999  19880504    61.9  8    45.9  8  1010.7  8  9999.9  0    6.4  8   10.0  8   11.7  999.9    71.2    54.7   0.00E 999.9  010000 
268630 99999  19880505    57.6  8    48.8  8  1013.3  8  9999.9  0    3.9  8    9.0  8   11.7   21.4    69.6    49.8   0.08G 999.9  010010 
268630 99999  19880506    54.8  9    45.3  9  1014.3  9  9999.9  0    4.8  9    7.3  9    9.7  999.9    63.0*   47.5   0.12G 999.9  000000 
268630 99999  19880507    53.2 10    45.3 10  1017.7 10  9999.9  0    7.1  9    8.5 10    9.7  999.9    61.3    43.9   0.00G 999.9  010010 
268630 99999  19880508    52.2  8    40.1  8  1022.2  8  9999.9  0   10.0  8    9.2  8   15.5  999.9    59.9*   43.3   0.08G 999.9  000000 
268630 99999  19880509    44.3  8    32.4  8  1020.7  8  9999.9  0   11.3  8   15.1  8   19.4   27.2    50.0    39.4*  0.00G 999.9  000000 
268630 99999  19880510    45.3  8    41.8  8  1015.6  7  9999.9  0    4.0  8   11.2  8   13.6   25.3    51.3*   36.7   0.08G 999.9  010000 
268630 99999  19880511    51.4  8    36.5  8  1019.8  8  9999.9  0    7.0  8   10.4  8   15.5  999.9    58.6    44.2   0.00G 999.9  000000 
268630 99999  19880512    51.3  8    35.2  8  1020.6  8  9999.9  0    6.2  8    7.3  8   15.5   21.4    63.3    35.4   0.00C 999.9  000000 
268630 99999  19880513    52.8  8    38.1  8  1019.2  8  9999.9  0    6.8  8    4.6  8    7.8  999.9    63.5    37.0   0.00C 999.9  000000 
268630 99999  19880514    56.1  8    42.4  8  1018.8  8  9999.9  0    6.0  7    4.9  8    9.7  999.9    65.8    46.8   0.00E 999.9  000000 
268630 99999  19880515    57.5  8    41.5  8  1017.2  8  9999.9  0    7.0  8    7.3  8    9.7  999.9    70.7    43.3   0.00C 999.9  000000 

















































































































































































































































































































































































































































































































































































































































































































































































































































































































































































