268630 99999  19860816    57.7  8    49.7  7  1016.8  8  9999.9  0    5.6  8    3.9  8    7.8  999.9    68.7    46.6   0.00G 999.9  110000 
268630 99999  19860817    61.4  8    55.3  8  1012.7  8  9999.9  0    5.1  8    6.1  8    9.7  999.9    70.3    54.5*  0.31E 999.9  010010 
268630 99999  19860818    63.1  8    55.2  8  1009.6  8  9999.9  0    4.5  8    6.6  8   15.5   21.4    73.9    52.9   0.00E 999.9  010000 
268630 99999  19860819    62.5  8    54.6  8  1008.6  8  9999.9  0    4.8  8    3.4  8    5.8  999.9    72.5    54.7*  0.20G 999.9  000010 
268630 99999  19860820    61.2  8    50.7  8  1008.1  8  9999.9  0    7.6  8    4.1  8    7.8  999.9    73.0    48.4   0.00G 999.9  000000 
268630 99999  19860821    56.7  7    54.1  7   994.0  6  9999.9  0    4.3  7   10.3  7   15.5   23.3    59.2*   54.7*  0.00G 999.9  010000 
268630 99999  19860822    57.3  8    51.2  8  1003.2  8  9999.9  0    6.1  8   13.6  8   17.5   29.1    64.2    54.0*  1.14G 999.9  010000 
268630 99999  19860823    57.8  8    50.0  7  1008.5  8  9999.9  0    6.5  8    8.3  8    9.7  999.9    64.8    50.4   0.08G 999.9  010000 
268630 99999  19860824    58.8  8    52.8  8  1003.9  8  9999.9  0    7.7  8    9.5  8   11.7   23.3    68.5    51.6*  0.00G 999.9  010000 
268630 99999  19860825    56.1  8    49.2  8  1011.2  8  9999.9  0    7.3  8    5.8  8    7.8  999.9    64.8    46.8   0.02G 999.9  010000 
268630 99999  19860826    53.9  8    44.3  8  1011.8  8  9999.9  0    8.2  8    9.0  8   13.6  999.9    63.7    44.4   0.00G 999.9  000000 
268630 99999  19860827    56.1  7    45.6  7  1015.1  7  9999.9  0    8.2  7    7.2  7   11.7  999.9    67.1    42.8   0.00C 999.9  000000 
268630 99999  19860828    64.0  7    56.4  7  1014.8  6  9999.9  0    4.8  7    5.8  7    9.7  999.9    73.9    56.3   0.00G 999.9  000000 
268630 99999  19860829    65.0  7    53.2  7  1015.0  7  9999.9  0    5.3  7    7.5  7   13.6  999.9    77.0    53.8*  0.00B 999.9  000000 
268630 99999  19860830    59.2  8    55.0  8  1012.5  8  9999.9  0    4.6  8    8.5  8   11.7  999.9    67.3    54.9   0.00G 999.9  010000 
268630 99999  19860831    52.6  8    49.8  8  1005.1  8  9999.9  0    4.2  8   13.4  8   17.5   27.2    56.1    49.8*  1.50F 999.9  010000 
268630 99999  19860901    52.3  8    47.3  8  1009.5  8  9999.9  0    7.5  8   11.2  8   19.4   23.3    59.2    48.4   0.01E 999.9  010000 
268630 99999  19860902    52.7  8    47.7  8  1014.3  8  9999.9  0    6.2  8   10.2  8   11.7  999.9    56.7    48.9   0.01F 999.9  010000 
268630 99999  19860903    52.4  8    48.0  8  1011.9  8  9999.9  0    5.2  8   10.2  8   13.6  999.9    61.0    49.3   0.00G 999.9  000000 
268630 99999  19860904    56.7  8    50.5  8  1008.9  8  9999.9  0    5.5  8   11.7  8   15.5  999.9    68.9    48.9   0.00G 999.9  010000 
268630 99999  19860905    51.5  8    45.3  8  1012.6  8  9999.9  0    6.2  8    9.7  8   11.7  999.9    57.9    48.0*  0.16G 999.9  000000 
268630 99999  19860906    52.7  8    48.5  8  1013.9  8  9999.9  0    5.4  8    9.7  8   15.5  999.9    57.9    47.1   0.00G 999.9  010000 
268630 99999  19860907    53.2  8    48.4  8  1010.9  8  9999.9  0    3.5  8   10.0  8   13.6   21.4    59.5    48.9*  0.12E 999.9  010000 
268630 99999  19860908    50.7  8    43.6  8  1012.0  8  9999.9  0    5.8  8   10.0  8   15.5   19.4    60.4    45.0   0.14F 999.9  010000 
268630 99999  19860909    48.8  8    41.4  8  1016.4  8  9999.9  0    6.8  8    7.3  8    9.7  999.9    56.3    42.1   0.00C 999.9  000000 
268630 99999  19860910    47.7  7    40.6  7  1023.2  7  9999.9  0    5.9  7    3.1  7    5.8  999.9    60.6    35.2   0.00G 999.9  100000 
268630 99999  19860911    51.2  8    48.0  8  1019.9  8  9999.9  0    3.6  8    8.3  8   11.7   23.3    57.7    43.7   0.02E 999.9  010000 
268630 99999  19860912    49.6  8    44.9  8  1020.6  7  9999.9  0    3.8  8    3.2  8    7.8  999.9    55.6    42.8   0.01E 999.9  110000 
268630 99999  19860913    49.7  8    48.5  8  1016.5  8  9999.9  0    1.6  8    3.2  8    5.8  999.9    52.7    45.9*  0.18F 999.9  110000 
268630 99999  19860914    49.0  8    41.2  7  1019.9  8  9999.9  0    6.7  8    3.2  8    7.8  999.9    58.3    41.5*  0.00E 999.9  100000 
268630 99999  19860915    52.8  8    49.3  8  1015.5  8  9999.9  0    5.0  8    7.8  8   13.6  999.9    57.6    42.3   0.00E 999.9  010000 
268630 99999  19860916    54.5  8    52.1  8  1008.7  8  9999.9  0    3.8  8   10.9  8   15.5   27.2    68.4    45.5*  0.00G 999.9  110000 
268630 99999  19860917    49.6  8    42.2  8  1017.8  8  9999.9  0    7.8  8    7.0  8    9.7  999.9    57.4    44.4   0.00C 999.9  000000 
268630 99999  19860918    50.5  8    44.4  8  1018.1  8  9999.9  0    8.0  8    3.2  8    3.9  999.9    60.6    43.2   0.00G 999.9  010000 
268630 99999  19860919    45.8  9    38.7  9  1021.2  9  9999.9  0    7.9  9   13.2  9   19.4   35.0    52.3    42.1   0.20F 999.9  010000 
268630 99999  19860920    45.4  8    41.8  8  1018.8  8  9999.9  0    6.9  8   13.4  8   17.5   25.3    49.3    40.8   0.20F 999.9  010000 
268630 99999  19870816    56.2  7    54.3  6  1001.0  7  9999.9  0    3.5  7    7.2  7    9.7  999.9    59.4*   54.5*  0.20A   4.7  010000 
268630 99999  19870817    51.5  8    46.9  8  1007.4  8  9999.9  0    6.2  8   10.9  8   15.5   25.3    56.5    48.6   0.20F 999.9  010000 
268630 99999  19870818    53.3  9    41.3  9  1014.9  9  9999.9  0    7.7  9    5.2  9    7.8  999.9    61.9    40.3   0.00C 999.9  000000 
268630 99999  19870819    51.3  5    40.7  5  1017.8  5  9999.9  0    5.6  5    3.9  5    5.8  999.9    61.9*   37.6   0.00G 999.9  000000 
268630 99999  19870820    53.0  5    44.2  5  1021.2  5  9999.9  0    4.8  5    4.7  5    7.8  999.9    63.1    41.9*  0.00A 999.9  000000 
268630 99999  19870821    55.6  8    44.4  7  1023.2  8  9999.9  0    6.8  8    4.9  8    7.8  999.9    68.4    39.9   0.00C 999.9  000000 
268630 99999  19870822    58.9  8    48.4  8  1022.0  8  9999.9  0    5.7  8    1.2  8    3.9  999.9    71.6    43.9   0.00C 999.9  000000 
268630 99999  19870823    63.1  8    51.3  8  1020.1  8  9999.9  0    6.2  8    4.1  8    5.8  999.9    75.7    51.6   0.00G 999.9  000000 
268630 99999  19870824    65.0  6    53.0  6  1019.2  6  9999.9  0    5.8  6    4.2  6    5.8  999.9    75.9    55.9*  0.00B 999.9  000000 
268630 99999  19870825    66.0  8    52.2  8  1017.5  8  9999.9  0    4.8  8    3.4  8    7.8  999.9    78.3    50.4   0.00G 999.9  000000 
268630 99999  19870826    68.1  8    57.5  8  1015.6  8  9999.9  0    4.5  8    5.1  8    7.8  999.9    80.4    52.7   0.00C 999.9  000000 
268630 99999  19870827    64.4  7    60.2  7  1015.1  7  9999.9  0    2.1  7    4.2  7    5.8  999.9    75.6    54.3   0.01E 999.9  010010 
268630 99999  19870828    60.3  7    59.1  6  1009.0  7  9999.9  0    2.3  7    5.0  7    7.8  999.9    70.3*   56.7   0.39E 999.9  110010 
268630 99999  19870829    53.6  8    50.5  8  1003.2  8  9999.9  0    5.6  8   12.1  8   19.4   27.2    57.9    49.8*  0.07F 999.9  010000 
268630 99999  19870830    50.4  8    42.4  8  1007.9  8  9999.9  0    9.8  8   13.6  8   17.5   25.3    58.5    45.0   0.08F 999.9  010000 
268630 99999  19870831    48.9  8    45.7  7  1008.0  8  9999.9  0    7.7  8    6.8  8   11.7  999.9    55.0    43.3   0.16F 999.9  010000 
268630 99999  19870901    47.5  8    41.8  8  1013.7  8  9999.9  0    9.3  8   11.9  8   17.5   21.4    54.3    39.6   0.04E 999.9  000000 
268630 99999  19870902    48.1  9    42.5  9  1018.7  9  9999.9  0    8.3  9    7.1  9    9.7  999.9    55.6    43.3   0.00B 999.9  000000 
268630 99999  19870903    51.2  8    43.9  8  1016.6  8  9999.9  0    6.0  8    6.1  8    9.7  999.9    62.8    39.4   0.00C 999.9  000000 
268630 99999  19870904    49.7  8    44.1  8  1015.3  8  9999.9  0    5.5  7    7.0  8    9.7  999.9    57.7    41.0   0.00C 999.9  000000 
268630 99999  19870905    50.4  8    42.1  8  1022.0  8  9999.9  0    6.8  8    6.3  8    9.7  999.9    61.3    36.0   0.00C 999.9  000000 
268630 99999  19870906    51.0  7    42.7  7  1022.2  7  9999.9  0    5.7  7    2.5  7    5.8  999.9    64.0    37.4   0.00C 999.9  100000 
268630 99999  19870907    52.9  8    48.5  8  1017.5  8  9999.9  0    4.8  8    6.8  8    9.7  999.9    60.4    41.4   0.20E 999.9  010000 
268630 99999  19870908    57.4  6    52.5  6  1011.5  6  9999.9  0    4.2  6    7.4  6    9.7  999.9    60.3*   53.1*  0.08E 999.9  110000 
268630 99999  19870909    53.5  8    45.6  8  1015.1  8  9999.9  0    6.8  8    8.0  8   13.6  999.9    63.7    42.6   0.00C 999.9  000000 
268630 99999  19870910    52.0  8    45.7  8  1017.7  8  9999.9  0    7.7  8    6.8  8   11.7  999.9    59.9    43.9   0.00C 999.9  000000 
268630 99999  19870911    53.6  8    47.9  8  1013.8  8  9999.9  0    5.8  8    6.8  8    9.7  999.9    63.5    38.8   0.43E 999.9  010000 
268630 99999  19870912    51.3  8    46.2  8  1010.5  8  9999.9  0    4.6  8    8.7  8   13.6  999.9    61.2    43.3   0.08F 999.9  100000 
268630 99999  19870913    52.5  8    49.6  8  1004.8  8  9999.9  0    4.3  8    9.5  8   13.6  999.9    63.1    45.3   0.29F 999.9  010000 
268630 99999  19870914    53.2  8    45.4  8  1008.9  8  9999.9  0    9.3  8    9.7  8   13.6   23.3    60.8    45.9   0.00B 999.9  000000 
268630 99999  19870915    53.3  8    46.6  8  1008.0  8  9999.9  0    8.5  8   12.1  8   19.4   42.7    61.0    46.6*  0.02G 999.9  010000 
268630 99999  19870916    50.3  7    47.0  7  1012.1  7  9999.9  0    7.7  7   11.4  7   17.5   21.4    55.9    45.7*  0.00G 999.9  010000 
268630 99999  19870917    47.6  8    42.4  8  1021.7  8  9999.9  0    6.8  8    9.2  8   13.6  999.9    55.2    40.1*  0.16G 999.9  010000 
268630 99999  19870918    46.7  8    39.8  8  1025.1  8  9999.9  0    6.1  8    5.3  8    7.8  999.9    55.0    38.1   0.00G 999.9  000000 
268630 99999  19870919    46.7  8    42.3  8  1015.0  8  9999.9  0    6.7  8    8.5  8   11.7  999.9    57.9    39.2   0.01F 999.9  010000 
268630 99999  19870920    48.3  8    40.6  8  1008.5  8  9999.9  0    8.5  8   10.0  8   17.5   23.3    55.4    42.8   0.00C 999.9  000000 
268630 99999  19880816    66.3  9    57.4  9  1011.9  9  9999.9  0    5.9  9    5.4  9    7.8  999.9    79.9    52.5   0.08E 999.9  000000 
268630 99999  19880817    59.0  8    51.3  8  1011.9  8  9999.9  0    6.4  8    7.0  8   11.7  999.9    68.0    52.3*  0.00C 999.9  000000 
268630 99999  19880818    57.0  8    52.2  8  1010.3  8  9999.9  0    8.2  8    8.0  8   11.7  999.9    65.7    50.7   0.04F 999.9  010000 
268630 99999  19880819    54.9  8    47.3  8  1015.9  8  9999.9  0    9.9  8    5.3  8    9.7  999.9    63.5    47.1*  0.00B 999.9  000000 
268630 99999  19880820    57.3  8    49.4  8  1017.8  8  9999.9  0    7.9  8    7.0  8    9.7  999.9    69.8    44.4   0.00C 999.9  000000 
268630 99999  19880821    66.4  9    55.3  9  1014.1  9  9999.9  0    5.5  9    8.8  9   13.6   21.4    79.0    52.5   0.02E 999.9  000000 
268630 99999  19880822    67.6  8    60.6  8  1015.0  7  9999.9  0    5.0  8    3.2  8    5.8  999.9    78.6    56.7   0.00C 999.9  000000 
268630 99999  19880823    67.2  8    54.5  8  1013.6  8  9999.9  0    5.0  8    7.3  8   13.6  999.9    79.2    57.4   0.00C 999.9  000000 
268630 99999  19880824    66.8  8    51.3  8  1009.2  8  9999.9  0    6.4  8    7.0  8   11.7  999.9    79.2    54.9   0.00C 999.9  000000 
268630 99999  19880825    61.2  8    56.3  8  1006.6  8  9999.9  0    6.8  8    6.8  8    9.7  999.9    69.1    54.9*  0.00I 999.9  000000 
268630 99999  19880826    59.3  8    52.6  8  1006.7  8  9999.9  0    4.6  8    4.1  8    5.8  999.9    72.0    52.5*  0.00C 999.9  100000 
268630 99999  19880827    58.7  8    49.7  8  1004.5  8  9999.9  0    5.7  8    7.3  8   11.7  999.9    67.5*   48.2   0.00E 999.9  010000 
268630 99999  19880828    57.7  8    55.7  8  1000.8  8  9999.9  0    3.9  8   12.4  8   17.5  999.9    61.7    53.2   0.00G 999.9  010000 
268630 99999  19880829    58.5  8    56.2  8  1003.3  8  9999.9  0    3.6  8    8.5  8   13.6  999.9    63.1    52.3*  0.28G 999.9  110000 
268630 99999  19880830    60.8  8    53.1  8  1011.2  8  9999.9  0    4.2  8    3.2  8    5.8  999.9    72.3    47.3   0.00G 999.9  100000 
268630 99999  19880831    56.4  8    52.1  8  1016.0  8  9999.9  0    7.2  8    7.3  8   11.7  999.9    59.2*   52.2*  0.00E 999.9  010000 
268630 99999  19880901    58.0  8    48.1  8  1019.5  8  9999.9  0    6.1  8    4.4  8    5.8  999.9    70.5    45.5   0.00C 999.9  000000 
268630 99999  19880902    59.3  8    49.4  8  1016.2  8  9999.9  0    5.3  8    5.6  8    7.8  999.9    70.7    45.7   0.00C 999.9  000000 
268630 99999  19880903    63.2  8    55.6  8  1009.5  8  9999.9  0    4.3  8    8.3  8   13.6  999.9    74.3    54.9   0.00C 999.9  000000 
268630 99999  19880904    59.5  8    56.5  8  1012.6  8  9999.9  0    3.8  8    5.3  8    7.8  999.9    66.7    54.7   0.00H 999.9  010000 
268630 99999  19880905    57.1  7    51.7  7  1016.6  7  9999.9  0    7.5  7    8.6  7   11.7  999.9    61.7    54.0   0.03E 999.9  010000 
268630 99999  19880906    57.7  8    53.7  8  1014.6  8  9999.9  0    6.1  8    6.8  8    9.7  999.9    63.1    49.5   0.12G 999.9  010000 
268630 99999  19880907    56.3  8    47.1  8  1017.9  8  9999.9  0   10.3  8    8.5  8   15.5  999.9    66.2    46.6*  0.00G 999.9  000000 
268630 99999  19880908    49.8  8    41.0  8  1020.4  8  9999.9  0    9.7  8    7.0  8    9.7  999.9    59.5    40.8   0.00C 999.9  000000 
268630 99999  19880909    49.6  8    42.1  8  1017.3  8  9999.9  0    9.3  8    8.7  8   13.6  999.9    55.4    43.3   0.00C 999.9  000000 
268630 99999  19880910    48.9  8    40.3  8  1017.4  8  9999.9  0    9.3  8    7.2  7   11.7  999.9    54.7*   41.9   0.16E 999.9  000000 
268630 99999  19880911    55.0  7    44.5  7  1014.3  7  9999.9  0    8.2  7   10.0  7   13.6  999.9    65.8    43.9   0.00C 999.9  000000 
268630 99999  19880912    55.4  8    52.6  8  1006.4  8  9999.9  0    3.1  8    9.0  8   11.7  999.9    61.3    51.6   0.04G 999.9  010000 
268630 99999  19880913    54.6  8    47.8  8  1008.7  8  9999.9  0    4.8  8    6.8  8    9.7   19.4    62.8    45.7   0.16G 999.9  010000 
268630 99999  19880914    53.9  8    51.7  8  1011.7  8  9999.9  0    1.9  8    4.4  8    7.8  999.9    57.7    50.0*  0.08G 999.9  010000 
268630 99999  19880915    52.5  8    47.7  8  1019.4  8  9999.9  0    3.3  8    5.6  8    7.8  999.9    59.9    45.1*  0.39G 999.9  100000 
268630 99999  19880916    48.9  8    48.1  8  1013.9  8  9999.9  0    1.1  8    4.6  8    7.8  999.9    52.5*   40.3   0.00G 999.9  110000 
268630 99999  19880917    50.5  8    48.0  8  1006.9  8  9999.9  0    6.8  8    7.0  8   11.7  999.9    54.5    48.2   0.47G 999.9  010000 
268630 99999  19880918    46.5  8    44.0  8  1005.6  8  9999.9  0    8.2  8    8.0  8    9.7  999.9    51.4    41.9*  0.00G 999.9  010000 
268630 99999  19880919    45.6  8    40.7  8  1009.4  7  9999.9  0    9.3  8   11.9  8   15.5   21.4    50.0    37.6   0.02E 999.9  010000 
268630 99999  19880920    54.2  8    47.5  8  1013.4  8  9999.9  0   11.2  8   11.2  8   13.6   21.4    61.0    48.4   0.01E 999.9  000000 




















































































































































































































































































































































































































































































































































































































































































































































































