268630 99999  19860921    52.5  8    44.0  8  1009.7  8  9999.9  0    8.9  8   10.9  8   13.6   25.3    57.6    45.9   0.02E 999.9  010000 
268630 99999  19860922    50.5  8    46.5  7  1004.1  8  9999.9  0    6.4  8   14.3  8   19.4   27.2    56.7    43.7*  0.00G 999.9  010000 
268630 99999  19860923    42.7  8    39.2  8  1007.9  7  9999.9  0    8.2  8   12.4  8   15.5   29.1    48.9*   35.6*  0.10F 999.9  010000 
268630 99999  19860924    43.1  8    37.9  8  1010.9  8  9999.9  0    6.1  8    5.8  8    7.8  999.9    50.9    34.7   0.02E 999.9  010000 
268630 99999  19860925    40.5  8    35.4  8  1011.6  8  9999.9  0    6.1  8    9.0  8   11.7  999.9    46.2    36.0   0.03G 999.9  010000 
268630 99999  19860926    36.1  8    32.3  8  1012.6  8  9999.9  0    6.1  8   12.9  8   19.4   29.1    47.7    30.6*  0.00G 999.9  010000 
268630 99999  19860927    36.0  8    28.5  7  1022.6  8  9999.9  0    7.8  8   10.2  8   17.5   25.3    45.1    27.7   0.02E 999.9  011000 
268630 99999  19860928    34.9  8    25.8  8  1034.9  8  9999.9  0    7.7  8    7.3  8    9.7  999.9    42.1    30.2*  0.02E 999.9  000000 
268630 99999  19860929    40.7  8    35.9  8  1019.8  8  9999.9  0    5.1  8   13.8  8   17.5   29.1    50.2    29.8   0.16F 999.9  010000 
268630 99999  19860930    42.2  8    38.6  8  1015.3  8  9999.9  0    7.4  8   14.3  8   19.4   33.0    45.9*   32.7*  0.03E 999.9  010000 
268630 99999  19861001    43.9  8    39.7  8  1022.6  8  9999.9  0    7.3  8    6.8  8    7.8  999.9    51.3    32.4   0.01E 999.9  010000 
268630 99999  19861002    53.8  8    50.5  8  1017.6  8  9999.9  0    5.6  8    9.7  8   13.6  999.9    62.6    46.4   0.01E 999.9  010000 
268630 99999  19861003    50.1  7    41.7  7  1009.0  7  9999.9  0    7.5  7   13.3  7   17.5  999.9    54.1    44.4*  0.00G 999.9  000000 
268630 99999  19861004    41.3  8    36.9  8  1006.6  8  9999.9  0    7.8  8   11.9  7   13.6   33.0    45.3    39.4   0.00G 999.9  010000 
268630 99999  19861005    40.1  9    34.8  9  1016.5  9  9999.9  0   10.0  9   12.1  9   19.4   27.2    44.1    36.5*  0.20G 999.9  000000 
268630 99999  19861006    35.2  8    25.3  8  1024.8  8  9999.9  0    9.3  8    8.7  8   11.7  999.9    42.3    28.6   0.00G 999.9  000000 
268630 99999  19861007    34.9  8    32.9  8  1017.4  8  9999.9  0    5.2  8    6.8  8    9.7  999.9    38.1    30.4   0.06F 999.9  010000 
268630 99999  19861008    39.4  8    38.4  8  1010.6  8  9999.9  0    3.7  8    8.5  8   17.5   27.2    45.0*   34.7   0.20F   0.8  010000 
268630 99999  19861009    35.8  8    29.1  6  1014.8  8  9999.9  0   10.9  8   11.9  8   19.4  999.9    46.4*   29.8   0.10F 999.9  011000 
268630 99999  19861010    37.2  8    35.4  8  1018.2  8  9999.9  0    4.7  8    6.1  8    7.8  999.9    44.4*   27.5   0.04F 999.9  010000 
268630 99999  19861011    50.6  8    47.8  8  1014.7  7  9999.9  0    2.1  8   10.4  8   15.5   21.4    57.9    43.3   0.00F 999.9  110000 
268630 99999  19861012    40.1  7    34.4  7  1023.3  7  9999.9  0    8.8  7   12.2  7   15.5   25.3    46.2*   29.1*  0.01C 999.9  010000 
268630 99999  19861013    38.0  7    33.4  7  1035.8  7  9999.9  0    8.4  7    9.4  7   11.7  999.9    49.8    26.4*  0.00B 999.9  000000 
268630 99999  19861014    43.0  8    37.4  8  1035.2  8  9999.9  0    6.4  8    7.5  8    9.7  999.9    57.4    33.1   0.00C 999.9  000000 
268630 99999  19861015    46.6  8    31.8  8  1031.9  8  9999.9  0   10.1  8    6.8  8    9.7  999.9    61.7    29.5   0.00G 999.9  000000 
268630 99999  19861016    47.2  8    33.2  8  1029.3  8  9999.9  0    9.3  8    5.8  8    7.8  999.9    61.5    36.7   0.00C 999.9  000000 
268630 99999  19861017    47.1  8    35.4  8  1023.5  8  9999.9  0    5.7  8    7.5  8    9.7  999.9    60.8    36.5   0.00H 999.9  001000 
268630 99999  19861018    39.3  8    35.0  8  1025.9  8  9999.9  0    6.0  8    4.9  8    5.8  999.9    49.1    32.7*  0.00G 999.9  001000 
268630 99999  19861019    38.3  8    29.6  8  1022.5  8  9999.9  0    8.4  8    7.8  8   11.7  999.9    51.1    28.8   0.00C 999.9  000000 
268630 99999  19861020    38.5  8    34.1  8  1011.6  8  9999.9  0    6.3  8   10.0  8   11.7  999.9    44.6*   31.6   0.02E 999.9  010000 
268630 99999  19861021    44.9  9    43.3  9   998.1  8  9999.9  0    2.1  9   10.8  9   11.7  999.9    47.5    40.5   0.11F 999.9  010000 
268630 99999  19861022    43.6  8    36.2  8   999.4  8  9999.9  0    9.3  8   10.3  7   11.7   19.4    49.8    40.5*  0.00E 999.9  010000 
268630 99999  19861023    45.6  8    43.8  8   996.4  8  9999.9  0    3.4  8    9.0  8   13.6  999.9    50.2    37.0   0.16F 999.9  010000 
268630 99999  19861024    44.7  8    40.2  8  1008.6  8  9999.9  0    5.8  8    7.8  8    9.7  999.9    52.0    38.8*  0.16E 999.9  010000 
268630 99999  19861025    37.5  8    33.7  8  1017.8  8  9999.9  0    6.7  8    5.1  8    7.8  999.9    45.0    31.1*  0.00G 999.9  000000 
268630 99999  19861026    33.6  8    29.7  8  1028.6  8  9999.9  0    4.7  8    2.7  8    5.8  999.9    45.1*   23.7   0.00C 999.9  100000 
268630 99999  19861027    33.3  8    30.1  8  1036.2  8  9999.9  0    5.6  8    5.6  8    9.7  999.9    41.9    26.4   0.00G 999.9  000000 
268630 99999  19861028    33.9  8    30.2  8  1035.4  8  9999.9  0    5.3  8    5.8  8    7.8  999.9    43.0    28.8   0.00C 999.9  000000 
268630 99999  19861029    33.8  7    31.3  7  1029.7  7  9999.9  0    3.4  7    6.4  7    7.8  999.9    35.8*   30.6   0.00H 999.9  010000 
268630 99999  19861030    34.9  8    33.9  8  1025.6  8  9999.9  0    2.7  8    6.3  8    7.8  999.9    36.9    33.6   0.04F 999.9  011000 
268630 99999  19861031    35.5  7    34.6  7  1023.7  7  9999.9  0    1.7  7    7.2  7   11.7  999.9    36.9    34.7   0.01E 999.9  110000 
268630 99999  19870921    43.8  8    40.7  8  1010.7  8  9999.9  0    7.2  8   12.9  8   19.4   25.3    50.5    40.6   0.00G 999.9  010000 
268630 99999  19870922    45.3  8    39.1  8  1023.5  8  9999.9  0    6.0  8    5.8  8    7.8  999.9    53.6    38.3   0.08G 999.9  000000 
268630 99999  19870923    52.0  8    48.6  8  1012.3  8  9999.9  0    4.2  8    7.8  8   11.7  999.9    57.6    42.4   0.00G 999.9  110000 
268630 99999  19870924    58.9  8    57.0  8  1005.5  8  9999.9  0    1.8  8    7.8  8   11.7  999.9    62.4    53.8   0.00E 999.9  110000 
268630 99999  19870925    56.1  8    49.7  8  1003.9  8  9999.9  0    6.1  8   10.9  8   15.5   21.4    62.1*   49.8*  0.06F 999.9  000000 
268630 99999  19870926    51.2  8    44.1  8  1007.8  8  9999.9  0    5.7  8    9.2  8   11.7  999.9    57.0    46.0   0.04E 999.9  010000 
268630 99999  19870927    50.0  8    46.0  8  1006.4  8  9999.9  0    3.6  8    5.3  8    7.8  999.9    57.6    45.5   0.16E 999.9  110000 
268630 99999  19870928    46.1  8    40.4  8  1007.1  8  9999.9  0    6.6  8    9.7  8   13.6   31.1    51.4    43.9   0.08G 999.9  010000 
268630 99999  19870929    45.1  8    39.8  8  1013.4  8  9999.9  0    6.7  8   10.4  8   13.6   21.4    50.2    43.2   0.00G 999.9  010000 
268630 99999  19870930    44.6  8    40.6  8  1023.7  8  9999.9  0    5.0  8    7.5  8   11.7  999.9    50.7    42.1   0.01E 999.9  000000 
268630 99999  19871001    41.2  8    34.4  7  1031.8  8  9999.9  0    5.6  8    6.3  8    9.7  999.9    46.6    34.9   0.01G 999.9  000000 
268630 99999  19871002    41.0  8    35.4  8  1037.7  8  9999.9  0    5.1  8    5.8  8    9.7  999.9    54.0    27.9   0.00G 999.9  000000 
268630 99999  19871003    44.2  8    38.6  8  1037.0  8  9999.9  0    3.8  8    6.1  8    9.7  999.9    57.4    31.5   0.00E 999.9  000000 
268630 99999  19871004    43.1  8    35.9  8  1034.0  8  9999.9  0    4.9  8    5.8  8    7.8  999.9    57.2    31.3   0.00E 999.9  100000 
268630 99999  19871005    42.6  8    36.9  8  1031.1  8  9999.9  0    4.3  8    4.9  8    9.7  999.9    55.4    32.5   0.00C 999.9  000000 
268630 99999  19871006    45.3  8    37.8  8  1027.6  8  9999.9  0    6.1  8    7.8  8   11.7  999.9    59.4    30.7   0.00C 999.9  100000 
268630 99999  19871007    46.9  8    37.5  8  1023.9  8  9999.9  0    5.7  8   11.4  8   15.5   23.3    57.0    39.6   0.00G 999.9  000000 
268630 99999  19871008    46.2  8    36.4  8  1024.3  8  9999.9  0    5.1  8   11.9  8   17.5   21.4    54.7    39.9   0.00C 999.9  000000 
268630 99999  19871009    48.3  8    41.2  8  1024.7  8  9999.9  0    8.0  8   11.7  8   17.5   23.3    52.7    42.6   0.08E 999.9  010000 
268630 99999  19871010    49.6  8    47.3  8  1032.2  8  9999.9  0    1.9  8    4.6  8    5.8  999.9    53.8    45.9*  0.08E 999.9  110000 
268630 99999  19871011    45.4  8    35.0  8  1031.5  7  9999.9  0    6.4  8    8.0  8   13.6  999.9    57.7    35.4   0.00C 999.9  000000 
268630 99999  19871012    45.3  8    35.2  8  1029.3  8  9999.9  0    6.4  8   10.7  8   15.5  999.9    55.9    35.1   0.00C 999.9  000000 
268630 99999  19871013    45.0  8    34.6  8  1025.8  8  9999.9  0    6.8  8   10.7  8   15.5   23.3    50.9*   38.1   0.00G 999.9  010000 
268630 99999  19871014    43.9  8    39.5  8  1024.2  8  9999.9  0    5.6  8   10.0  8   11.7   21.4    45.0    42.6   0.17F 999.9  010000 
268630 99999  19871015    48.0  8    41.5  8  1026.4  8  9999.9  0    6.2  8   10.2  8   13.6  999.9    52.9    42.8   0.06F 999.9  010000 
268630 99999  19871016    46.4  8    36.8  7  1029.5  8  9999.9  0    7.3  8    8.7  8   11.7  999.9    54.1*   37.8   0.00B 999.9  000000 
268630 99999  19871017    43.9  9    35.8  9  1032.6  9  9999.9  0    4.3  9    5.8  9    7.8  999.9    54.7    36.9   0.00C 999.9  000000 
268630 99999  19871018    44.2  8    35.2  8  1032.0  8  9999.9  0    3.6  8    8.5  8   11.7  999.9    54.9*   34.5   0.00C 999.9  000000 
268630 99999  19871019    40.9  8    36.7  8  1035.3  8  9999.9  0    2.0  8    9.2  8    9.7  999.9    48.7    37.2   0.00C 999.9  000000 
268630 99999  19871020    35.1  9    33.5  8  1039.6  9  9999.9  0    1.3  9    9.1  9   11.7  999.9    40.3    30.7*  0.00G 999.9  100000 
268630 99999  19871021    31.8  7    30.4  7  1038.7  7  9999.9  0    1.1  7    6.1  7    9.7  999.9    42.4    26.1   0.00C 999.9  100000 
268630 99999  19871022    35.8  8    29.4  8  1035.1  8  9999.9  0    3.1  8    3.6  8    3.9  999.9    50.0    26.6   0.00C 999.9  000000 
268630 99999  19871023    36.0  9    27.9  9  1034.3  9  9999.9  0    3.7  9    2.6  9    3.9  999.9    51.4    24.6   0.00C 999.9  000000 
268630 99999  19871024    30.4  8    27.3  8  1035.8  8  9999.9  0    2.9  8    9.2  8   13.6  999.9    36.7    23.7   0.00C 999.9  000000 
268630 99999  19871025    32.0  8    26.5  8  1033.9  8  9999.9  0    2.4  8   13.1  8   17.5   21.4    34.7    28.6   0.00C 999.9  000000 
268630 99999  19871026    34.1  8    26.8  8  1036.3  8  9999.9  0    2.1  8    7.5  8    9.7  999.9    39.9    28.0*  0.00C 999.9  000000 
268630 99999  19871027    27.6  8    19.5  8  1047.3  8  9999.9  0    3.3  8    4.1  8    7.8  999.9    36.7    22.3   0.00C 999.9  000000 
268630 99999  19871028    25.8  8    17.5  8  1050.5  8  9999.9  0    4.2  8    4.6  8    7.8  999.9    34.7    18.3   0.00C 999.9  000000 
268630 99999  19871029    27.0  8    17.7  8  1047.7  8  9999.9  0    3.2  8    3.9  8    5.8  999.9    38.3    18.3   0.00C 999.9  000000 
268630 99999  19871030    34.3  4    18.6  4  1041.2  4  9999.9  0    3.9  4    5.8  4    7.8  999.9    42.3*   22.5   0.00A 999.9  000000 
268630 99999  19871031    30.8  8    19.7  8  1034.6  8  9999.9  0    5.0  8    4.4  8    7.8  999.9    41.9    22.6   0.00C 999.9  000000 
268630 99999  19880921    53.4  7    48.7  7  1011.2  7  9999.9  0    9.9  7   11.3  6   15.5   21.4    57.2    50.4*  0.02F 999.9  010000 
268630 99999  19880922    50.0  8    39.9  8  1021.8  8  9999.9  0    6.4  8    2.9  8    3.9  999.9    57.7    41.4   0.00C 999.9  000000 
268630 99999  19880923    47.1  8    38.2  8  1024.5  8  9999.9  0    6.4  8    9.0  8   11.7  999.9    56.3    36.0   0.03E 999.9  010000 
268630 99999  19880924    51.4  8    40.6  7  1017.0  8  9999.9  0    6.2  8   12.1  8   17.5   21.4    60.1    44.6   0.00C 999.9  000000 
268630 99999  19880925    50.1  8    46.9  8  1014.0  8  9999.9  0    4.0  8    8.7  8   11.7  999.9    53.4    46.4   0.35E 999.9  010000 
268630 99999  19880926    49.3  9    42.6  9  1017.8  9  9999.9  0    5.1  9    8.8  9   11.7  999.9    58.8    43.7   0.00B 999.9  000000 
268630 99999  19880927    53.7  9    49.2  9  1014.9  9  9999.9  0    4.3  9    8.6  9    9.7  999.9    62.2    46.8   0.04G 999.9  010000 
268630 99999  19880928    52.6  8    44.5  8  1020.6  8  9999.9  0    6.2  8    7.0  8    9.7  999.9    63.7    40.5   0.00G 999.9  000000 
268630 99999  19880929    60.7  8    52.6  8  1017.2  8  9999.9  0    5.1  8    9.7  8   11.7  999.9    72.0    50.9   0.00C 999.9  000000 
268630 99999  19880930    59.6  8    52.8  8  1022.2  8  9999.9  0    3.5  8    3.9  8    9.7  999.9    70.3    51.1*  0.00C 999.9  000000 
268630 99999  19881001    47.7  7    43.3  7  1029.3  7  9999.9  0    5.3  7    5.5  7    7.8  999.9    51.6    42.1*  0.04E 999.9  010000 
268630 99999  19881002    45.1  8    41.4  8  1035.2  8  9999.9  0    5.0  8    3.9  8    5.8  999.9    51.4    37.2   0.00C 999.9  100000 
268630 99999  19881003    42.8  8    39.3  8  1037.3  8  9999.9  0    2.7  8    1.7  8    5.8  999.9    57.4    32.2   0.00C 999.9  100000 
268630 99999  19881004    44.9  8    39.8  8  1034.5  8  9999.9  0    2.5  8    1.2  8    1.9  999.9    59.0    30.9   0.00E 999.9  100000 
268630 99999  19881005    47.4  8    40.9  8  1022.7  8  9999.9  0    3.1  8    3.9  8    5.8  999.9    60.6*   34.0   0.01E 999.9  100000 
268630 99999  19881006    44.9  8    37.7  8  1018.0  8  9999.9  0    3.1  8    6.1  8   11.7  999.9    58.5    34.9   0.00C 999.9  100000 
268630 99999  19881007    49.3  8    42.1  8  1005.6  8  9999.9  0    4.2  8    9.7  8   11.7  999.9    60.8    36.1   0.00C 999.9  000000 
268630 99999  19881008    49.8  8    47.9  8  1001.4  8  9999.9  0    4.0  8    6.8  8    9.7  999.9    53.1    46.0*  0.12G 999.9  010000 
268630 99999  19881009    47.1  7    42.9  7  1011.2  7  9999.9  0    5.3  7    6.7  7    7.8  999.9    54.1    41.2*  0.00G 999.9  000000 
268630 99999  19881010    50.7  9    40.5  9  1017.1  9  9999.9  0    5.8  9   10.4  9   13.6  999.9    59.9    40.8   0.00C 999.9  000000 
268630 99999  19881011    47.4  8    43.4  8  1021.7  8  9999.9  0    3.5  8    6.6  8    9.7  999.9    52.7    41.7*  0.00C 999.9  000000 
268630 99999  19881012    42.7  8    41.0  8  1030.4  8  9999.9  0    1.5  8    4.4  8    7.8  999.9    52.7    33.1   0.00C 999.9  100000 
268630 99999  19881013    45.5  8    41.8  8  1033.6  7  9999.9  0    2.5  8    4.9  8    9.7  999.9    54.5    38.3   0.00C 999.9  000000 
268630 99999  19881014    45.1  8    40.4  8  1037.0  8  9999.9  0    3.8  8    6.8  8    9.7  999.9    55.2    40.1*  0.00C 999.9  000000 
268630 99999  19881015    44.9  8    37.7  8  1035.2  8  9999.9  0    3.4  8    8.5  8    9.7  999.9    58.6    33.1   0.00C 999.9  000000 
268630 99999  19881016    44.4  8    37.0  8  1032.4  8  9999.9  0    3.8  8    4.4  8    9.7  999.9    52.3    38.1*  0.00C 999.9  000000 
268630 99999  19881017    40.2  7    35.9  7  1034.7  6  9999.9  0    3.2  7    6.1  7    7.8  999.9    51.1    34.7   0.00C 999.9  000000 
268630 99999  19881018    39.1  8    35.5  8  1032.4  8  9999.9  0    3.7  8    4.9  8    9.7  999.9    49.6    33.8*  0.00C 999.9  000000 
268630 99999  19881019    39.6  8    35.2  8  1030.0  8  9999.9  0    3.7  8    3.6  8    7.8  999.9    48.7    33.1   0.00C 999.9  000000 
268630 99999  19881020    34.6  8    29.4  8  1033.2  8  9999.9  0    5.1  8    5.3  7    7.8  999.9    42.8    28.8*  0.00G 999.9  000000 
268630 99999  19881021    31.7  8    24.1  8  1035.2  8  9999.9  0    5.4  8    3.9  8    7.8  999.9    43.9    20.8   0.00C 999.9  000000 
268630 99999  19881022    36.7  8    32.2  8  1026.0  8  9999.9  0    4.8  8    8.7  8   11.7  999.9    44.6    27.3   0.00C 999.9  000000 
268630 99999  19881023    39.1  8    33.6  8  1015.5  8  9999.9  0    3.6  8    8.3  8   13.6  999.9    46.9    32.7   0.00G 999.9  000000 
268630 99999  19881024    34.4  8    31.8  8  1006.8  8  9999.9  0    5.3  8    9.7  8   13.6  999.9    42.6    22.8*  0.02G 999.9  010000 
268630 99999  19881025    23.7  7    17.4  7  1020.2  7  9999.9  0    6.6  7   10.8  7   19.4   27.2    31.5    19.8*  0.00G 999.9  001000 
268630 99999  19881026    24.5  8    17.6  8  1033.2  8  9999.9  0    7.0  8    7.8  8    9.7  999.9    33.4    16.9   0.00G 999.9  000000 
268630 99999  19881027    29.5  8    20.4  8  1027.2  8  9999.9  0    6.2  8   12.1  8   15.5   19.4    35.4*   21.0   0.00H 999.9  010000 
268630 99999  19881028    38.1  8    26.5  8  1018.8  8  9999.9  0    6.9  8   11.7  8   17.5   19.4    43.7    32.2   0.04F 999.9  010000 
268630 99999  19881029    39.0  8    31.4  8  1010.4  8  9999.9  0    5.7  8   10.7  8   13.6  999.9    45.5    29.5*  0.04E 999.9  000000 
268630 99999  19881030    28.8  8    22.1  8  1011.4  8  9999.9  0   10.1  8   15.1  8   19.4   27.2    31.6    26.1   0.00G 999.9  001000 
268630 99999  19881031    22.2  8    15.9  8  1017.9  7  9999.9  0    9.9  8    6.6  8    9.7  999.9    29.5    17.2   0.00E 999.9  000000 





























































































































































































































































































































































































































































































































































































































































































































































































































































































