0,815454545454545 0,46421052631579 -0,712 0,658730158730159 0,873015873015873 -1 -1 -1 -1 -1 -1 
0,830909090909091 0,454736842105264 -0,824 0,684126984126984 0,898412698412698 -0,996 -1 1 -1 -1 -1 
0,823636363636364 0,5 -0,768 0,674603174603175 0,888888888888889 -0,996 -1 1 -1 -1 -1 
0,781818181818182 0,558947368421053 -0,848 0,617460317460317 0,831746031746032 -1 -1 -1 -1 -1 -1 
0,772727272727273 0,576842105263157 -0,944 0,605555555555556 0,81984126984127 -1 -1 -1 -1 -1 -1 
0,695454545454545 0,493684210526316 -0,664 0,596825396825397 0,811111111111111 -1 -1 -1 -1 -1 -1 
0,720909090909091 0,512631578947369 -0,672 0,585714285714286 0,8 -1 -1 -1 -1 -1 -1 
0,747272727272727 0,545263157894736 -0,712 0,612698412698413 0,826984126984127 -1 -1 -1 -1 -1 -1 
0,781818181818182 0,567368421052631 -0,712 0,642857142857143 0,857142857142857 -1 -1 -1 -1 -1 -1 
0,799090909090909 0,577894736842105 -0,6 0,682539682539683 0,896825396825397 -1 -1 -1 -1 -1 -1 
0,781818181818182 0,567368421052631 -0,712 0,642857142857143 0,857142857142857 -1 -1 -1 -1 -1 -1 
0,799090909090909 0,577894736842105 -0,6 0,682539682539683 0,896825396825397 -1 -1 -1 -1 -1 -1 
0,78 0,561052631578947 -0,688 0,664285714285714 0,878571428571429 -1 -1 -1 -1 -1 -1 
0,774545454545455 0,522105263157895 -0,664 0,644444444444444 0,858730158730159 -1 -1 -1 -1 -1 -1 
0,782727272727273 0,492631578947368 -0,648 0,651587301587301 0,865873015873016 -1 -1 -1 -1 -1 -1 
0,784545454545455 0,508421052631578 -0,608 0,623015873015873 0,837301587301587 -1 -1 -1 -1 -1 -1 
0,795454545454545 0,524210526315789 -0,688 0,628571428571429 0,842857142857143 -1 1 -1 -1 -1 -1 
0,799090909090909 0,518947368421052 -0,592 0,641269841269841 0,855555555555556 -0,984 -1 1 -1 -1 1 
0,79 0,472631578947368 -0,576 0,628571428571429 0,842857142857143 -0,544 -1 1 -1 -1 1 
0,800909090909091 0,468421052631579 -0,656 0,635714285714286 0,85 -0,668 -1 1 -1 -1 1 
0,817272727272727 0,567368421052631 -0,768 0,63968253968254 0,853968253968254 -1 -1 -1 -1 -1 -1 
0,829090909090909 0,524210526315789 -0,712 0,661111111111111 0,875396825396825 -1 1 -1 -1 -1 -1 
0,852727272727273 0,524210526315789 -0,656 0,68015873015873 0,894444444444444 -1 -1 -1 -1 -1 1 
0,839090909090909 0,569473684210527 -0,456 0,676984126984127 0,891269841269841 -1 -1 -1 -1 -1 1 
0,764545454545455 0,64421052631579 -0,32 0,63968253968254 0,853968253968254 -1 -1 -1 -1 -1 -1 
0,752727272727273 0,512631578947369 -0,592 0,58968253968254 0,803968253968254 -0,904 -1 1 -1 -1 1 
0,751818181818182 0,518947368421052 -0,128 0,608730158730159 0,823015873015873 -0,576 -1 1 -1 -1 -1 
0,749090909090909 0,563157894736842 -0,632 0,605555555555556 0,81984126984127 -0,812 -1 -1 -1 -1 -1 
0,768181818181818 0,585263157894737 -0,608 0,624603174603175 0,838888888888889 -1 -1 -1 -1 -1 -1 
0,774545454545455 0,574736842105263 -0,6 0,642857142857143 0,857142857142857 -1 -1 1 -1 -1 -1 
0,863636363636364 0,526315789473684 -0,632 0,703968253968254 0,918253968253968 -1 -1 -1 -1 -1 -1 
0,856363636363636 0,513684210526315 -0,696 0,696825396825397 0,911111111111111 -1 -1 1 -1 -1 1 
0,856363636363636 0,514736842105263 -0,544 0,682539682539683 0,896825396825397 -0,952 -1 1 -1 -1 1 
0,854545454545455 0,466315789473684 -0,64 0,66984126984127 0,884126984126984 -0,996 -1 -1 -1 -1 1 
0,856363636363636 0,406315789473684 -0,68 0,665873015873016 0,88015873015873 -1 -1 1 -1 -1 1 
0,712727272727273 0,546315789473684 -0,656 0,567460317460317 0,781746031746032 -1 -1 -1 -1 -1 -1 
0,735454545454545 0,552631578947368 -0,696 0,6 0,814285714285714 -0,988 -1 -1 -1 -1 1 
0,702727272727273 0,602105263157895 -0,76 0,61984126984127 0,834126984126984 -1 -1 -1 -1 -1 -1 
0,74 0,62 -0,68 0,611111111111111 0,825396825396825 -1 -1 -1 -1 -1 -1 
0,787272727272727 0,609473684210526 -0,688 0,63968253968254 0,853968253968254 -1 -1 -1 -1 -1 1 
0,635454545454545 0,476842105263157 -0,408 0,546825396825397 0,761111111111111 -0,936 -1 -1 -1 -1 -1 
0,678181818181818 0,490526315789474 -0,464 0,542857142857143 0,757142857142857 -0,936 -1 1 -1 -1 -1 
0,693636363636364 0,537894736842106 -0,472 0,573015873015873 0,787301587301587 -1 -1 -1 -1 -1 -1 
0,701818181818182 0,569473684210527 -0,632 0,571428571428571 0,785714285714286 -1 -1 -1 -1 -1 -1 
0,706363636363636 0,55578947368421 -0,6 0,607142857142857 0,821428571428571 -1 -1 -1 -1 -1 -1 
0,693636363636364 0,537894736842106 -0,472 0,573015873015873 0,787301587301587 -1 -1 -1 -1 -1 -1 
0,701818181818182 0,569473684210527 -0,632 0,571428571428571 0,785714285714286 -1 -1 -1 -1 -1 -1 
0,706363636363636 0,55578947368421 -0,6 0,607142857142857 0,821428571428571 -1 -1 -1 -1 -1 -1 
0,729090909090909 0,560000000000001 -0,776 0,61984126984127 0,834126984126984 -1 -1 -1 -1 -1 -1 
0,745454545454545 0,534736842105263 -0,624 0,641269841269841 0,855555555555556 -1 -1 -1 -1 -1 -1 
0,671818181818182 0,616842105263158 -0,576 0,584126984126984 0,798412698412698 -1 -1 -1 -1 -1 -1 
0,67 0,634736842105263 -0,72 0,557142857142857 0,771428571428571 -1 -1 -1 -1 -1 -1 
0,706363636363636 0,597894736842105 -0,696 0,598412698412699 0,812698412698413 -1 -1 -1 -1 -1 -1 
0,722727272727273 0,569473684210527 -0,592 0,638888888888889 0,853174603174603 -1 -1 -1 -1 -1 -1 
0,717272727272727 0,545263157894736 -0,696 0,665873015873016 0,88015873015873 -1 -1 -1 -1 -1 -1 
0,812727272727273 0,523157894736843 -0,456 0,694444444444444 0,908730158730159 -1 -1 -1 -1 -1 -1 
0,750909090909091 0,524210526315789 -0,376 0,66031746031746 0,874603174603175 -1 -1 -1 -1 -1 -1 
0,713636363636364 0,531578947368421 -0,632 0,61984126984127 0,834126984126984 -1 -1 -1 -1 -1 -1 
0,766363636363636 0,512631578947369 -0,632 0,628571428571429 0,842857142857143 -1 -1 1 -1 -1 -1 
0,802727272727273 0,490526315789474 -0,704 0,653968253968254 0,868253968253968 -0,86 -1 1 -1 -1 1 
0,783636363636364 0,551578947368421 -0,648 0,674603174603175 0,888888888888889 -1 -1 -1 -1 -1 -1 
0,825454545454545 0,518947368421052 -0,696 0,7 0,914285714285714 -0,992 -1 1 -1 -1 -1 
0,766363636363636 0,532631578947369 -0,504 0,623015873015873 0,837301587301587 -0,636 -1 1 -1 -1 1 
0,660909090909091 0,576842105263157 -0,656 0,596031746031746 0,81031746031746 -1 -1 1 -1 -1 -1 
0,667272727272727 0,58 -0,728 0,555555555555556 0,76984126984127 -0,996 -1 -1 -1 -1 -1 
0,638181818181818 0,596842105263158 -0,4 0,567460317460317 0,781746031746032 -0,952 -1 1 -1 -1 -1 
0,678181818181818 0,532631578947369 -0,152 0,546825396825397 0,761111111111111 -0,84 -1 1 -1 -1 -1 
0,703636363636364 0,482105263157894 -0,648 0,535714285714286 0,75 -0,564 -1 1 -1 -1 -1 
0,731818181818182 0,485263157894737 -0,712 0,561111111111111 0,775396825396825 -0,916 -1 1 -1 -1 1 
0,755454545454545 0,494736842105263 -0,624 0,551587301587302 0,765873015873016 -0,908 1 -1 -1 -1 -1 
0,619090909090909 0,627368421052631 -0,464 0,558730158730159 0,773015873015873 -1 -1 -1 -1 -1 -1 
0,671818181818182 0,605263157894737 -0,68 0,548412698412698 0,762698412698413 -1 -1 1 -1 -1 -1 
0,685454545454546 0,582105263157894 -0,448 0,573015873015873 0,787301587301587 -0,936 -1 1 -1 -1 -1 
0,700909090909091 0,645263157894736 -0,624 0,557142857142857 0,771428571428571 -0,98 -1 -1 -1 -1 -1 
0,702727272727273 0,635789473684211 -0,592 0,621428571428571 0,835714285714286 -1 -1 1 -1 -1 -1 
0,742727272727273 0,529473684210526 -0,64 0,588888888888889 0,803174603174603 -1 -1 -1 -1 -1 -1 
0,702727272727273 0,565263157894737 -0,712 0,592857142857143 0,807142857142857 -1 -1 -1 -1 -1 -1 
0,784545454545455 0,533684210526316 -0,712 0,607142857142857 0,821428571428571 -1 -1 -1 -1 -1 -1 
0,759090909090909 0,543157894736842 -0,544 0,628571428571429 0,842857142857143 -1 -1 -1 -1 -1 -1 
0,622727272727273 0,571578947368421 -0,6 0,567460317460317 0,781746031746032 -1 -1 -1 -1 -1 -1 
0,687272727272727 0,481052631578948 -0,68 0,542857142857143 0,757142857142857 -0,96 1 -1 -1 -1 -1 
0,681818181818182 0,427368421052632 -0,608 0,564285714285714 0,778571428571429 -1 -1 -1 -1 -1 1 
0,604545454545455 0,478947368421053 -0,544 0,555555555555556 0,76984126984127 -1 -1 -1 -1 -1 -1 
0,679090909090909 0,487368421052631 -0,528 0,557142857142857 0,771428571428571 -1 -1 1 -1 -1 -1 
0,776363636363636 0,445263157894736 -0,696 0,596825396825397 0,811111111111111 -0,952 -1 1 -1 -1 -1 
0,776363636363636 0,445263157894736 -0,696 0,596825396825397 0,811111111111111 -0,952 -1 1 -1 -1 -1 
0,773636363636364 0,438947368421053 -0,56 0,63015873015873 0,844444444444444 -0,952 -1 1 -1 -1 1 
0,767272727272727 0,52 -0,712 0,603968253968254 0,818253968253968 -0,992 1 -1 -1 -1 -1 
0,774545454545455 0,52 -0,584 0,631746031746032 0,846031746031746 -0,984 -1 -1 -1 -1 1 
0,749090909090909 0,533684210526316 -0,464 0,688888888888889 0,903174603174603 -1 -1 -1 -1 -1 1 
0,789090909090909 0,536842105263158 -0,784 0,631746031746032 0,846031746031746 -0,932 -1 1 -1 -1 1 
0,796363636363636 0,582105263157894 -0,88 0,605555555555556 0,81984126984127 -0,968 -1 -1 -1 -1 1 
0,731818181818182 0,626315789473684 -0,92 0,561111111111111 0,775396825396825 -1 1 -1 -1 -1 -1 
0,801818181818182 0,596842105263158 -0,952 0,61031746031746 0,824603174603175 -1 -1 1 -1 -1 -1 
0,790909090909091 0,574736842105263 -0,904 0,608730158730159 0,823015873015873 -1 -1 -1 -1 -1 -1 
0,803636363636364 0,55578947368421 -0,92 0,587301587301587 0,801587301587302 -0,992 -1 1 -1 -1 -1 
0,745454545454545 0,621052631578947 -0,776 0,611111111111111 0,825396825396825 0,104 -1 1 -1 -1 -1 
0,714545454545454 0,651578947368422 -0,92 0,531746031746032 0,746031746031746 -1 -1 -1 -1 -1 -1 
0,741818181818182 0,602105263157895 -0,864 0,571428571428571 0,785714285714286 -1 -1 -1 -1 -1 -1 
0,766363636363636 0,530526315789473 -0,904 0,565873015873016 0,78015873015873 -1 -1 -1 -1 -1 -1 
0,694545454545455 0,634736842105263 -0,672 0,614285714285714 0,828571428571429 -1 -1 -1 -1 -1 -1 
0,721818181818182 0,622105263157894 -0,864 0,526984126984127 0,741269841269841 -1 -1 -1 -1 -1 -1 
0,730909090909091 0,606315789473684 -0,864 0,534126984126984 0,748412698412698 -1 -1 -1 -1 -1 -1 
0,763636363636364 0,597894736842105 -0,824 0,574603174603175 0,788888888888889 -1 -1 -1 -1 -1 -1 
0,782727272727273 0,569473684210527 -0,824 0,621428571428571 0,835714285714286 -0,904 -1 -1 -1 -1 1 
0,78 0,483157894736842 -0,864 0,596031746031746 0,81031746031746 -0,78 1 1 -1 -1 -1 
0,801818181818182 0,484210526315789 -0,848 0,61984126984127 0,834126984126984 -0,78 -1 1 -1 -1 1 
0,775454545454545 0,458947368421053 -0,872 0,614285714285714 0,828571428571429 -0,952 -1 1 -1 -1 -1 
0,754545454545455 0,453684210526316 -0,8 0,576984126984127 0,791269841269841 -0,636 -1 1 -1 -1 -1 
0,720909090909091 0,539999999999999 -0,864 0,514285714285714 0,728571428571429 -1 1 -1 -1 -1 -1 
0,66 0,583157894736842 -0,872 0,482539682539682 0,696825396825397 -1 -1 -1 -1 -1 -1 
0,660909090909091 0,369473684210527 -0,712 0,55 0,764285714285714 -1 -1 -1 -1 -1 -1 
0,668181818181818 0,382105263157894 -0,512 0,553968253968254 0,768253968253968 -1 -1 -1 -1 -1 -1 
0,691818181818182 0,45578947368421 -0,552 0,542857142857143 0,757142857142857 -1 -1 -1 -1 -1 -1 
0,688181818181818 0,472631578947368 -0,44 0,614285714285714 0,828571428571429 -0,968 -1 1 -1 -1 -1 
0,659090909090909 0,615789473684211 -0,304 0,535714285714286 0,75 -1 -1 -1 -1 -1 -1 
0,693636363636364 0,633684210526316 -0,456 0,562698412698413 0,776984126984127 -1 -1 -1 -1 -1 -1 
0,717272727272727 0,591578947368422 -0,576 0,614285714285714 0,828571428571429 -1 -1 -1 -1 -1 -1 
0,743636363636364 0,552631578947368 -0,712 0,61984126984127 0,834126984126984 -0,992 -1 1 -1 -1 1 
0,698181818181818 0,545263157894736 -0,376 0,603174603174603 0,817460317460317 -0,936 -1 -1 -1 -1 -1 
0,749090909090909 0,492631578947368 -0,592 0,655555555555556 0,86984126984127 -1 -1 -1 -1 -1 -1 
0,768181818181818 0,5 -0,664 0,644444444444444 0,858730158730159 -1 -1 -1 -1 -1 -1 
0,75 0,510526315789474 -0,44 0,637301587301587 0,851587301587302 -1 -1 -1 -1 -1 -1 
0,748181818181818 0,511578947368421 -0,552 0,63015873015873 0,844444444444444 -0,968 -1 1 -1 -1 -1 
0,739090909090909 0,510526315789474 -0,784 0,598412698412699 0,812698412698413 -0,592 -1 1 -1 -1 1 
0,76 0,472631578947368 -0,648 0,637301587301587 0,851587301587302 -0,992 -1 1 -1 -1 -1 
0,787272727272727 0,434736842105263 -0,592 0,638888888888889 0,853174603174603 -1 -1 -1 -1 -1 -1 
0,781818181818182 0,43578947368421 -0,624 0,671428571428571 0,885714285714286 -1 -1 1 -1 -1 -1 
0,713636363636364 0,503157894736842 -0,28 0,648412698412698 0,862698412698413 -1 -1 -1 -1 -1 -1 
0,728181818181818 0,512631578947369 -0,576 0,592857142857143 0,807142857142857 -1 -1 -1 -1 -1 -1 
0,69 0,53578947368421 -0,568 0,581746031746032 0,796031746031746 -1 -1 1 -1 -1 -1 
0,721818181818182 0,537894736842106 -0,712 0,575396825396825 0,78968253968254 -0,984 -1 1 -1 -1 1 
0,717272727272727 0,54421052631579 -0,488 0,56031746031746 0,774603174603175 -1 -1 -1 -1 -1 -1 
0,638181818181818 0,583157894736842 -0,648 0,532539682539683 0,746825396825397 -1 -1 -1 -1 -1 -1 
0,676363636363636 0,543157894736842 -0,512 0,592857142857143 0,807142857142857 -1 -1 -1 -1 -1 -1 
0,676363636363636 0,543157894736842 -0,512 0,592857142857143 0,807142857142857 -1 -1 -1 -1 -1 -1 
0,710909090909091 0,54421052631579 -0,632 0,603968253968254 0,818253968253968 -1 -1 -1 -1 -1 -1 
0,756363636363636 0,490526315789474 -0,472 0,614285714285714 0,828571428571429 -1 -1 -1 -1 -1 -1 
0,739090909090909 0,462105263157895 -0,512 0,634126984126984 0,848412698412699 -1 -1 -1 -1 -1 -1 
0,748181818181818 0,388421052631579 -0,552 0,592857142857143 0,807142857142857 -0,984 -1 1 -1 -1 -1 
0,798181818181818 0,449473684210527 -0,536 0,664285714285714 0,878571428571429 -1 -1 1 -1 -1 -1 
0,687272727272727 0,53578947368421 -0,4 0,584126984126984 0,798412698412698 -0,984 -1 1 -1 -1 -1 
0,694545454545455 0,578947368421053 -0,472 0,565873015873016 0,78015873015873 -1 -1 1 -1 -1 -1 
0,701818181818182 0,583157894736842 -0,736 0,567460317460317 0,781746031746032 -1 -1 1 -1 -1 1 
0,700909090909091 0,573684210526316 -0,672 0,542857142857143 0,757142857142857 -1 -1 -1 -1 -1 -1 
0,629090909090909 0,587368421052631 -0,672 0,515873015873016 0,73015873015873 -1 -1 -1 -1 -1 -1 
0,610909090909091 0,615789473684211 -0,72 0,546825396825397 0,761111111111111 -0,988 -1 1 -1 -1 -1 
0,600909090909091 0,628421052631579 -0,608 0,514285714285714 0,728571428571429 -1 -1 -1 -1 -1 -1 
0,687272727272727 0,525263157894737 -0,704 0,553174603174603 0,767460317460318 -1 -1 -1 -1 -1 -1 
0,752727272727273 0,462105263157895 -0,712 0,607142857142857 0,821428571428571 -0,904 -1 1 -1 -1 -1 
0,788181818181818 0,469473684210527 -0,344 0,653968253968254 0,868253968253968 -0,976 -1 1 -1 -1 1 
0,745454545454545 0,556842105263158 -0,664 0,568253968253968 0,782539682539683 -0,916 -1 1 -1 -1 -1 
0,700909090909091 0,618947368421052 -0,64 0,548412698412698 0,762698412698413 -0,888 1 -1 -1 -1 -1 
0,707272727272727 0,573684210526316 -0,64 0,561111111111111 0,775396825396825 -1 -1 -1 -1 -1 -1 
0,633636363636364 0,562105263157895 -0,512 0,558730158730159 0,773015873015873 -1 -1 -1 -1 -1 -1 
0,741818181818182 0,502105263157895 -0,64 0,607142857142857 0,821428571428571 -1 -1 -1 -1 -1 -1 
0,766363636363636 0,491578947368422 -0,552 0,637301587301587 0,851587301587302 -1 -1 1 -1 -1 -1 
0,782727272727273 0,476842105263157 -0,68 0,608730158730159 0,823015873015873 -0,988 -1 -1 -1 -1 -1 
0,778181818181818 0,475789473684211 -0,632 0,601587301587302 0,815873015873016 -0,988 -1 1 -1 -1 -1 
0,673636363636364 0,581052631578948 -0,56 0,571428571428571 0,785714285714286 -0,992 -1 1 -1 -1 -1 
0,667272727272727 0,58 -0,728 0,555555555555556 0,76984126984127 -0,996 -1 -1 -1 -1 -1 
0,692727272727273 0,566315789473684 -0,704 0,591269841269841 0,805555555555556 -1 -1 -1 -1 -1 -1 
0,722727272727273 0,528421052631579 -0,616 0,605555555555556 0,81984126984127 -1 -1 -1 -1 -1 -1 
0,739090909090909 0,521052631578947 -0,584 0,601587301587302 0,815873015873016 -0,996 -1 1 -1 -1 -1 
0,720909090909091 0,533684210526316 -0,712 0,567460317460317 0,781746031746032 -0,956 -1 1 -1 -1 -1 
0,752727272727273 0,469473684210527 -0,76 0,594444444444444 0,808730158730159 -0,98 -1 1 -1 -1 -1 
0,700909090909091 0,475789473684211 -0,472 0,625396825396825 0,83968253968254 -0,996 -1 1 -1 -1 -1 
0,75 0,508421052631578 -0,632 0,603968253968254 0,818253968253968 -1 -1 -1 -1 -1 -1 
0,772727272727273 0,508421052631578 -0,544 0,631746031746032 0,846031746031746 -1 -1 -1 -1 -1 -1 
0,739090909090909 0,567368421052631 -0,576 0,576984126984127 0,791269841269841 -0,956 -1 1 -1 -1 -1 
0,734545454545455 0,537894736842106 -0,824 0,557142857142857 0,771428571428571 -1 1 -1 -1 -1 -1 
0,674545454545455 0,538947368421053 -0,536 0,603174603174603 0,817460317460317 -1 -1 -1 -1 -1 -1 
0,664545454545454 0,539999999999999 -0,864 0,571428571428571 0,785714285714286 -1 -1 -1 -1 -1 -1 
0,669090909090909 0,54421052631579 -0,864 0,567460317460317 0,781746031746032 -1 -1 -1 -1 -1 -1 
0,704545454545455 0,532631578947369 -0,808 0,542857142857143 0,757142857142857 -1 -1 -1 -1 -1 -1 
0,787272727272727 0,556842105263158 -0,848 0,581746031746032 0,796031746031746 -1 1 -1 -1 -1 -1 
0,78 0,510526315789474 -0,848 0,574603174603175 0,788888888888889 -0,996 -1 -1 -1 -1 1 
0,689090909090909 0,529473684210526 -0,688 0,598412698412699 0,812698412698413 -1 -1 -1 -1 -1 -1 
0,623636363636364 0,603157894736842 -0,688 0,551587301587302 0,765873015873016 -1 -1 -1 -1 -1 -1 
0,594545454545455 0,62 -0,792 0,464285714285714 0,678571428571429 -1 -1 -1 -1 -1 -1 
0,663636363636364 0,574736842105263 -0,712 0,565873015873016 0,78015873015873 -0,968 -1 1 -1 -1 -1 
0,645454545454546 0,575789473684211 -0,64 0,531746031746032 0,746031746031746 -1 -1 -1 -1 -1 -1 
0,646363636363636 0,570526315789474 -0,768 0,492857142857143 0,707142857142857 -1 -1 -1 -1 -1 -1 
0,621818181818182 0,582105263157894 -0,848 0,528571428571429 0,742857142857143 -1 -1 -1 -1 -1 -1 
0,62 0,574736842105263 -0,768 0,48015873015873 0,694444444444444 -1 -1 1 -1 -1 -1 
0,614545454545455 0,490526315789474 -0,32 0,498412698412698 0,712698412698413 -1 -1 -1 -1 -1 -1 
0,683636363636364 0,453684210526316 -0,36 0,542857142857143 0,757142857142857 -0,936 -1 1 -1 -1 -1 
0,704545454545455 0,445263157894736 -0,592 0,55 0,764285714285714 -0,78 -1 1 -1 -1 -1 
0,691818181818182 0,467368421052631 -0,576 0,55 0,764285714285714 -0,796 -1 1 -1 -1 -1 
0,676363636363636 0,541052631578947 -0,536 0,521428571428571 0,735714285714286 -0,992 -1 1 -1 -1 -1 
0,663636363636364 0,515789473684211 -0,456 0,564285714285714 0,778571428571429 -1 -1 -1 -1 -1 -1 
0,683636363636364 0,494736842105263 -0,688 0,574603174603175 0,788888888888889 -1 -1 1 -1 -1 -1 
0,707272727272727 0,465263157894737 -0,472 0,574603174603175 0,788888888888889 -1 -1 -1 -1 -1 -1 
0,719090909090909 0,495789473684211 -0,496 0,61031746031746 0,824603174603175 -0,968 -1 1 -1 -1 -1 
0,731818181818182 0,485263157894737 -0,608 0,557142857142857 0,771428571428571 -0,996 -1 1 -1 -1 1 
0,743636363636364 0,552631578947368 -0,712 0,61984126984127 0,834126984126984 -0,992 -1 1 -1 -1 1 
0,698181818181818 0,545263157894736 -0,376 0,603174603174603 0,817460317460317 -0,936 -1 -1 -1 -1 -1 
0,610909090909091 0,578947368421053 -0,304 0,544444444444444 0,758730158730159 -1 -1 -1 -1 -1 -1 
0,582727272727273 0,58 -0,144 0,507142857142857 0,721428571428571 -1 -1 -1 -1 -1 -1 
0,626363636363636 0,571578947368421 -0,24 0,525396825396825 0,73968253968254 -1 -1 1 -1 -1 -1 
