0,581818181818182 0,463157894736842 -0,264 0,471428571428571 0,685714285714286 -0,996 -1 1 -1 -1 -1 
0,616363636363636 0,552631578947368 -0,712 0,476984126984127 0,691269841269841 -1 -1 -1 -1 -1 -1 
0,63 0,589473684210526 -0,512 0,446825396825397 0,661111111111111 -1 1 -1 -1 -1 -1 
0,633636363636364 0,638947368421053 -0,36 0,507142857142857 0,721428571428571 -1 -1 -1 -1 -1 -1 
0,655454545454545 0,631578947368421 -0,496 0,517460317460318 0,731746031746032 -1 -1 -1 -1 -1 -1 
0,627272727272727 0,593684210526316 -0,456 0,523015873015873 0,737301587301587 -1 -1 1 -1 -1 -1 
0,67 0,561052631578947 -0,592 0,55 0,764285714285714 -1 -1 1 -1 -1 1 
0,704545454545455 0,566315789473684 -0,608 0,538888888888889 0,753174603174603 -1 -1 -1 -1 -1 1 
0,712727272727273 0,556842105263158 -0,552 0,53015873015873 0,744444444444444 -1 -1 1 -1 -1 1 
0,714545454545454 0,501052631578948 -0,536 0,558730158730159 0,773015873015873 -0,992 1 -1 -1 -1 1 
0,653636363636364 0,648421052631578 -0,472 0,5 0,714285714285714 -1 -1 -1 -1 -1 -1 
0,674545454545455 0,634736842105263 -0,784 0,503174603174603 0,717460317460317 -1 -1 -1 -1 -1 -1 
0,667272727272727 0,588421052631579 -0,728 0,528571428571429 0,742857142857143 -1 -1 -1 -1 -1 -1 
0,682727272727273 0,554736842105264 -0,552 0,546031746031746 0,76031746031746 -1 -1 -1 -1 -1 -1 
0,68 0,56421052631579 -0,472 0,568253968253968 0,782539682539683 -1 -1 -1 -1 -1 -1 
0,546363636363636 0,589473684210526 -0,712 0,401587301587302 0,615873015873016 -1 -1 -1 -1 -1 -1 
0,600909090909091 0,550526315789473 -0,312 0,48015873015873 0,694444444444444 -1 -1 -1 -1 -1 -1 
0,635454545454545 0,526315789473684 -0,416 0,525396825396825 0,73968253968254 -1 -1 1 -1 -1 -1 
0,604545454545455 0,508421052631578 -0,184 0,568253968253968 0,782539682539683 -1 -1 -1 -1 -1 -1 
0,69 0,481052631578948 -0,2 0,608730158730159 0,823015873015873 -1 -1 1 -1 -1 -1 
0,572727272727273 0,649473684210527 -0,496 0,414285714285714 0,628571428571429 -1 -1 -1 -1 -1 -1 
0,642727272727273 0,550526315789473 -0,2 0,521428571428571 0,735714285714286 -1 -1 -1 -1 -1 -1 
0,591818181818182 0,557894736842105 -0,512 0,487301587301587 0,701587301587302 -1 -1 -1 -1 -1 -1 
0,676363636363636 0,536842105263158 -0,336 0,521428571428571 0,735714285714286 -1 -1 -1 -1 -1 -1 
0,659090909090909 0,506315789473685 -0,448 0,546031746031746 0,76031746031746 -1 -1 -1 -1 -1 -1 
0,511818181818182 0,609473684210526 -0,608 0,392857142857143 0,607142857142857 -1 -1 -1 -1 -1 -1 
0,527272727272727 0,596842105263158 -0,848 0,391269841269841 0,605555555555556 -1 -1 -1 -1 -1 -1 
0,597272727272727 0,574736842105263 -0,552 0,431746031746032 0,646031746031746 -1 -1 -1 -1 -1 -1 
0,572727272727273 0,595789473684211 -0,2 0,501587301587302 0,715873015873016 -1 -1 -1 -1 -1 -1 
0,59 0,554736842105264 0,04 0,528571428571429 0,742857142857143 -1 -1 -1 -1 -1 -1 
0,665454545454546 0,552631578947368 -0,824 0,484126984126984 0,698412698412698 -1 1 -1 -1 -1 -1 
0,677272727272727 0,594736842105263 -0,824 0,508730158730159 0,723015873015873 -1 -1 -1 -1 -1 -1 
0,693636363636364 0,648421052631578 -0,608 0,546825396825397 0,761111111111111 -1 -1 -1 -1 -1 -1 
0,688181818181818 0,685263157894736 -0,52 0,553968253968254 0,768253968253968 -1 -1 -1 -1 -1 -1 
0,665454545454546 0,636842105263158 -0,648 0,546825396825397 0,761111111111111 -1 -1 -1 -1 -1 -1 
0,514545454545455 0,576842105263157 -0,728 0,414285714285714 0,628571428571429 -1 -1 -1 -1 -1 -1 
0,550909090909091 0,522105263157895 -0,768 0,418253968253968 0,632539682539683 -1 -1 -1 -1 -1 -1 
0,55 0,517894736842106 -0,744 0,425396825396825 0,63968253968254 -1 -1 -1 -1 -1 -1 
0,621818181818182 0,569473684210527 -0,744 0,473015873015873 0,687301587301587 -1 -1 -1 -1 -1 -1 
0,614545454545455 0,590526315789474 -0,648 0,45 0,664285714285714 -1 -1 -1 -1 -1 -1 
0,675454545454545 0,52 -0,336 0,557142857142857 0,771428571428571 -1 -1 1 -1 -1 -1 
0,647272727272727 0,53578947368421 -0,36 0,531746031746032 0,746031746031746 -1 -1 1 -1 -1 -1 
0,622727272727273 0,521052631578947 -0,28 0,494444444444444 0,708730158730159 -0,888 -1 1 -1 -1 -1 
0,562727272727273 0,550526315789473 -0,744 0,408730158730159 0,623015873015873 -1 -1 -1 -1 -1 -1 
0,640909090909091 0,454736842105264 -0,104 0,492857142857143 0,707142857142857 -1 -1 -1 -1 -1 -1 
0,662727272727273 0,505263157894737 -0,168 0,512698412698413 0,726984126984127 -1 -1 -1 -1 -1 -1 
0,651818181818182 0,569473684210527 -0,608 0,531746031746032 0,746031746031746 -1 -1 -1 -1 -1 -1 
0,574545454545455 0,628421052631579 -0,688 0,476984126984127 0,691269841269841 -1 -1 -1 -1 -1 -1 
0,617272727272727 0,625263157894738 -0,824 0,451587301587302 0,665873015873016 -1 -1 -1 -1 -1 -1 
0,575454545454545 0,587368421052631 -0,848 0,457142857142857 0,671428571428571 -1 -1 -1 -1 -1 -1 
0,617272727272727 0,625263157894738 -0,824 0,451587301587302 0,665873015873016 -1 -1 -1 -1 -1 -1 
0,575454545454545 0,587368421052631 -0,848 0,457142857142857 0,671428571428571 -1 -1 -1 -1 -1 -1 
0,631818181818182 0,550526315789473 -0,712 0,526984126984127 0,741269841269841 -1 -1 -1 -1 -1 -1 
0,65 0,567368421052631 -0,784 0,501587301587302 0,715873015873016 -1 -1 -1 -1 -1 -1 
0,598181818181818 0,582105263157894 -0,464 0,525396825396825 0,73968253968254 -1 -1 -1 -1 -1 -1 
0,621818181818182 0,586315789473685 -0,752 0,537301587301587 0,751587301587302 -1 -1 -1 -1 -1 -1 
0,66 0,524210526315789 -0,56 0,557142857142857 0,771428571428571 -1 -1 1 -1 -1 -1 
0,727272727272727 0,45578947368421 -0,496 0,53968253968254 0,753968253968254 -0,992 -1 1 -1 -1 -1 
0,712727272727273 0,418947368421052 -0,512 0,531746031746032 0,746031746031746 -1 -1 -1 -1 -1 -1 
0,754545454545455 0,254736842105264 0,136 0,558730158730159 0,773015873015873 -0,952 -1 1 -1 -1 -1 
0,670909090909091 0,6 -0,00800000000000001 0,546825396825397 0,761111111111111 -1 -1 -1 -1 -1 -1 
0,671818181818182 0,595789473684211 -0,688 0,558730158730159 0,773015873015873 -1 -1 -1 -1 -1 -1 
0,620909090909091 0,614736842105263 -0,608 0,503174603174603 0,717460317460317 -1 -1 -1 -1 -1 -1 
0,596363636363636 0,629473684210526 -0,496 0,546031746031746 0,76031746031746 -1 -1 -1 -1 -1 -1 
0,599090909090909 0,606315789473684 -0,744 0,531746031746032 0,746031746031746 -1 -1 -1 -1 -1 -1 
0,585454545454546 0,586315789473685 -0,24 0,501587301587302 0,715873015873016 -1 -1 -1 -1 -1 -1 
0,63 0,583157894736842 -0,472 0,465873015873016 0,68015873015873 -1 -1 -1 -1 -1 -1 
0,688181818181818 0,507368421052632 -0,712 0,494444444444444 0,708730158730159 -0,992 -1 1 -1 -1 -1 
0,630909090909091 0,454736842105264 -0,24 0,537301587301587 0,751587301587302 -0,992 -1 -1 -1 -1 -1 
0,575454545454545 0,488421052631579 -0,168 0,505555555555556 0,71984126984127 -1 -1 -1 -1 -1 -1 
0,688181818181818 0,494736842105263 -0,24 0,546031746031746 0,76031746031746 -1 -1 -1 -1 -1 -1 
0,663636363636364 0,497894736842105 -0,168 0,565873015873016 0,78015873015873 -1 -1 -1 -1 -1 -1 
0,649090909090909 0,470526315789474 -0,264 0,6 0,814285714285714 -1 -1 -1 -1 -1 -1 
0,670909090909091 0,425263157894737 -0,0479999999999999 0,596031746031746 0,81031746031746 -1 -1 -1 -1 -1 -1 
0,703636363636364 0,405263157894737 0,00800000000000001 0,58968253968254 0,803968253968254 -0,968 -1 1 -1 -1 -1 
0,514545454545455 0,692631578947368 -0,592 0,392857142857143 0,607142857142857 -1 -1 -1 -1 -1 -1 
0,506363636363636 0,68842105263158 -0,744 0,381746031746032 0,596031746031746 -1 -1 -1 -1 -1 -1 
0,505454545454545 0,658947368421052 -0,536 0,401587301587302 0,615873015873016 -1 -1 -1 -1 -1 -1 
0,547272727272727 0,665263157894737 -0,768 0,41031746031746 0,624603174603175 -1 -1 -1 -1 -1 -1 
0,548181818181818 0,630526315789475 -0,608 0,4 0,614285714285714 -1 -1 -1 -1 -1 -1 
0,582727272727273 0,497894736842105 -0,144 0,485714285714286 0,7 -1 -1 -1 -1 -1 -1 
0,603636363636364 0,510526315789474 -0,2 0,482539682539682 0,696825396825397 -1 -1 1 -1 -1 -1 
0,584545454545454 0,596842105263158 -0,312 0,48015873015873 0,694444444444444 -0,968 -1 1 -1 -1 -1 
0,584545454545454 0,578947368421053 -0,376 0,453174603174603 0,667460317460317 -1 -1 -1 -1 -1 -1 
0,629090909090909 0,53578947368421 -0,592 0,471428571428571 0,685714285714286 -1 -1 -1 -1 -1 -1 
0,599090909090909 0,582105263157894 -0,336 0,451587301587302 0,665873015873016 -0,952 -1 1 -1 -1 -1 
0,690909090909091 0,554736842105264 -0,576 0,51031746031746 0,724603174603175 -0,748 -1 1 -1 -1 -1 
0,706363636363636 0,532631578947369 -0,848 0,535714285714286 0,75 -0,936 1 1 -1 -1 -1 
0,683636363636364 0,550526315789473 -0,416 0,515873015873016 0,73015873015873 -0,996 1 -1 -1 -1 -1 
0,582727272727273 0,543157894736842 -0,36 0,457142857142857 0,671428571428571 -1 -1 -1 -1 -1 -1 
0,443636363636364 0,5 -0,464 0,344444444444444 0,558730158730159 -1 -1 -1 -1 -1 -1 
0,529090909090909 0,486315789473685 -0,312 0,426984126984127 0,641269841269841 -0,992 -1 -1 1 -1 -1 
0,587272727272727 0,512631578947369 -0,288 0,448412698412698 0,662698412698413 -1 1 -1 -1 -1 -1 
0,539090909090909 0,532631578947369 -0,112 0,478571428571429 0,692857142857143 -1 -1 -1 -1 -1 -1 
0,517272727272727 0,605263157894737 -0,224 0,415873015873016 0,63015873015873 -1 -1 -1 -1 -1 -1 
0,59 0,523157894736843 0,024 0,574603174603175 0,788888888888889 -0,992 -1 -1 -1 -1 -1 
0,497272727272727 0,538947368421053 -0,264 0,455555555555556 0,66984126984127 -1 -1 -1 -1 -1 -1 
0,492727272727273 0,453684210526316 -0,168 0,403968253968254 0,618253968253968 -0,988 -1 1 -1 -1 -1 
0,53 0,43578947368421 -0,224 0,378571428571429 0,592857142857143 -0,936 -1 1 1 -1 -1 
0,514545454545455 0,481052631578948 -0,36 0,428571428571429 0,642857142857143 -0,888 -1 -1 1 -1 -1 
0,514545454545455 0,481052631578948 -0,36 0,428571428571429 0,642857142857143 -0,888 -1 -1 1 -1 -1 
0,558181818181818 0,471578947368421 -0,328 0,43968253968254 0,653968253968254 -0,96 -1 1 -1 -1 -1 
0,571818181818182 0,501052631578948 -0,424 0,424603174603175 0,638888888888889 -0,988 -1 1 -1 -1 -1 
0,556363636363636 0,554736842105264 -0,512 0,432539682539683 0,646825396825397 -0,988 -1 -1 -1 -1 -1 
0,519090909090909 0,618947368421052 -0,496 0,405555555555556 0,61984126984127 -1 -1 -1 -1 -1 -1 
0,653636363636364 0,45578947368421 -0,264 0,51984126984127 0,734126984126984 -0,996 -1 1 -1 -1 -1 
0,636363636363636 0,396842105263158 0,192 0,503968253968254 0,718253968253968 -0,872 -1 1 -1 -1 1 
0,563636363636364 0,461052631578947 -0,24 0,448412698412698 0,662698412698413 -1 -1 -1 -1 -1 -1 
0,684545454545455 0,417894736842106 -0,136 0,541269841269841 0,755555555555556 -1 -1 1 -1 -1 -1 
0,695454545454545 0,428421052631579 -0,336 0,574603174603175 0,788888888888889 -0,988 -1 -1 -1 -1 -1 
0,622727272727273 0,447368421052632 -0,632 0,453968253968254 0,668253968253968 -1 1 1 -1 -1 -1 
0,644545454545455 0,427368421052632 -0,224 0,5 0,714285714285714 -0,796 -1 1 -1 -1 -1 
0,624545454545455 0,474736842105263 -0,376 0,488888888888889 0,703174603174603 -0,984 -1 1 -1 -1 -1 
0,562727272727273 0,514736842105263 -0,44 0,432539682539683 0,646825396825397 -1 -1 -1 -1 -1 -1 
0,510909090909091 0,518947368421052 -0,032 0,465873015873016 0,68015873015873 -1 -1 -1 -1 -1 -1 
0,587272727272727 0,527368421052632 -0,336 0,442857142857143 0,657142857142857 -1 -1 -1 -1 -1 -1 
0,575454545454545 0,538947368421053 -0,456 0,448412698412698 0,662698412698413 -1 -1 -1 -1 -1 -1 
0,584545454545454 0,594736842105263 -0,744 0,448412698412698 0,662698412698413 -1 -1 -1 -1 -1 -1 
0,58 0,593684210526316 -0,632 0,448412698412698 0,662698412698413 -1 -1 -1 -1 -1 -1 
0,526363636363636 0,610526315789474 0,032 0,45 0,664285714285714 -1 -1 -1 -1 -1 -1 
0,630909090909091 0,585263157894737 -0,496 0,51984126984127 0,734126984126984 -1 -1 -1 -1 -1 -1 
0,687272727272727 0,573684210526316 -0,576 0,557142857142857 0,771428571428571 -1 -1 -1 -1 -1 -1 
0,689090909090909 0,508421052631578 -0,512 0,558730158730159 0,773015873015873 -1 -1 -1 -1 -1 -1 
0,668181818181818 0,429473684210526 -0,408 0,464285714285714 0,678571428571429 -1 -1 1 -1 -1 -1 
0,565454545454545 0,378947368421053 0,00800000000000001 0,448412698412698 0,662698412698413 -0,796 -1 1 -1 -1 -1 
0,573636363636364 0,493684210526316 -0,416 0,421428571428571 0,635714285714286 -1 -1 1 -1 -1 -1 
0,558181818181818 0,481052631578948 0,144 0,418253968253968 0,632539682539683 -0,936 -1 1 1 -1 -1 
0,458181818181818 0,603157894736842 -0,224 0,391269841269841 0,605555555555556 -1 -1 -1 -1 -1 -1 
0,496363636363636 0,632631578947367 -0,688 0,373015873015873 0,587301587301587 -1 -1 -1 -1 -1 -1 
0,536363636363636 0,617894736842106 -0,4 0,41031746031746 0,624603174603175 -1 -1 -1 -1 -1 -1 
0,502727272727273 0,471578947368421 -0,0479999999999999 0,376984126984127 0,591269841269841 -0,988 -1 -1 1 -1 -1 
0,495454545454545 0,552631578947368 -0,256 0,388888888888889 0,603174603174603 -0,968 -1 1 1 -1 -1 
0,509090909090909 0,614736842105263 -0,536 0,4 0,614285714285714 -1 -1 1 1 -1 -1 
0,498181818181818 0,632631578947367 -0,336 0,38015873015873 0,594444444444444 -1 -1 -1 -1 -1 -1 
0,542727272727273 0,583157894736842 -0,36 0,424603174603175 0,638888888888889 -1 -1 -1 -1 -1 -1 
0,514545454545455 0,42 -0,912 0,41031746031746 0,624603174603175 -1 -1 -1 -1 -1 -1 
0,525454545454545 0,462105263157895 -0,224 0,396031746031746 0,61031746031746 -1 -1 -1 -1 -1 -1 
0,626363636363636 0,468421052631579 -0,184 0,482539682539682 0,696825396825397 -0,988 -1 1 -1 -1 -1 
0,656363636363636 0,526315789473684 -0,6 0,488888888888889 0,703174603174603 -0,936 -1 1 -1 -1 -1 
0,655454545454545 0,526315789473684 -0,44 0,501587301587302 0,715873015873016 -0,968 -1 1 -1 -1 -1 
0,592727272727273 0,585263157894737 -0,688 0,46031746031746 0,674603174603175 -1 -1 -1 -1 -1 -1 
0,636363636363636 0,541052631578947 -0,32 0,524603174603175 0,738888888888889 -1 -1 1 -1 -1 -1 
0,653636363636364 0,476842105263157 -0,2 0,531746031746032 0,746031746031746 -0,876 -1 1 -1 -1 -1 
0,585454545454546 0,428421052631579 -0,456 0,521428571428571 0,735714285714286 -0,952 -1 1 -1 -1 -1 
0,633636363636364 0,434736842105263 -0,36 0,46031746031746 0,674603174603175 -1 -1 -1 -1 -1 1 
0,484545454545455 0,515789473684211 -0,4 0,381746031746032 0,596031746031746 -1 -1 -1 -1 -1 -1 
0,52 0,482105263157894 -0,184 0,43015873015873 0,644444444444444 -1 -1 -1 -1 -1 -1 
0,603636363636364 0,502105263157895 -0,448 0,498412698412698 0,712698412698413 -1 -1 -1 -1 -1 -1 
0,597272727272727 0,546315789473684 -0,328 0,471428571428571 0,685714285714286 -1 -1 -1 -1 -1 -1 
0,580909090909091 0,561052631578947 -0,52 0,453174603174603 0,667460317460317 -1 -1 -1 -1 -1 -1 
0,603636363636364 0,502105263157895 -0,448 0,498412698412698 0,712698412698413 -1 -1 -1 -1 -1 -1 
0,597272727272727 0,546315789473684 -0,328 0,471428571428571 0,685714285714286 -1 -1 -1 -1 -1 -1 
0,580909090909091 0,561052631578947 -0,52 0,453174603174603 0,667460317460317 -1 -1 -1 -1 -1 -1 
0,58 0,572631578947368 -0,576 0,446825396825397 0,661111111111111 -1 -1 -1 -1 -1 -1 
0,603636363636364 0,583157894736842 -0,576 0,462698412698413 0,676984126984127 -1 -1 1 -1 -1 -1 
0,667272727272727 0,385263157894737 -0,376 0,434126984126984 0,648412698412698 -0,876 1 1 -1 -1 -1 
0,624545454545455 0,388421052631579 -0,304 0,488888888888889 0,703174603174603 -0,732 -1 1 -1 -1 -1 
0,522727272727273 0,502105263157895 -0,336 0,414285714285714 0,628571428571429 -1 -1 -1 -1 -1 -1 
0,486363636363636 0,548421052631579 -0,632 0,378571428571429 0,592857142857143 -1 -1 -1 -1 -1 -1 
0,486363636363636 0,593684210526316 -0,336 0,381746031746032 0,596031746031746 -1 -1 1 1 -1 -1 
0,555454545454545 0,438947368421053 -0,376 0,444444444444444 0,658730158730159 -0,992 -1 -1 -1 -1 -1 
0,533636363636364 0,45578947368421 -0,376 0,41031746031746 0,624603174603175 -1 -1 -1 -1 -1 -1 
0,55 0,489473684210526 -0,56 0,431746031746032 0,646031746031746 -1 -1 1 1 -1 -1 
0,523636363636364 0,543157894736842 -0,16 0,408730158730159 0,623015873015873 -0,984 -1 -1 1 -1 -1 
0,486363636363636 0,533684210526316 -0,376 0,382539682539683 0,596825396825397 -1 -1 -1 -1 -1 -1 
0,568181818181818 0,446315789473684 -0,128 0,423015873015873 0,637301587301587 -0,904 1 1 -1 -1 -1 
0,558181818181818 0,388421052631579 -0,312 0,431746031746032 0,646031746031746 -0,988 -1 1 -1 1 -1 
0,550909090909091 0,417894736842106 -0,032 0,415873015873016 0,63015873015873 -0,98 -1 1 1 -1 -1 
0,533636363636364 0,437894736842106 -0,128 0,412698412698413 0,626984126984127 -0,976 -1 1 1 1 -1 
0,514545454545455 0,441052631578947 -0,36 0,382539682539683 0,596825396825397 -0,992 -1 1 1 -1 -1 
0,608181818181818 0,613684210526315 -0,00800000000000001 0,457142857142857 0,671428571428571 -1 -1 1 1 -1 -1 
0,615454545454545 0,562105263157895 -0,44 0,467460317460317 0,681746031746032 -0,936 -1 1 -1 -1 -1 
0,608181818181818 0,557894736842105 -0,64 0,428571428571429 0,642857142857143 -1 -1 -1 -1 -1 -1 
0,634545454545455 0,556842105263158 -0,672 0,484126984126984 0,698412698412698 -1 -1 -1 -1 -1 -1 
0,632727272727273 0,514736842105263 -0,592 0,491269841269841 0,705555555555556 -1 -1 -1 -1 -1 -1 
0,657272727272727 0,441052631578947 -0,44 0,482539682539682 0,696825396825397 -0,992 -1 1 -1 -1 -1 
0,671818181818182 0,406315789473684 -0,456 0,514285714285714 0,728571428571429 -1 1 1 -1 -1 -1 
0,662727272727273 0,343157894736842 -0,4 0,474603174603175 0,688888888888889 -0,828 -1 1 -1 -1 -1 
0,587272727272727 0,408421052631578 -0,36 0,431746031746032 0,646031746031746 -0,844 1 1 1 -1 -1 
0,543636363636364 0,477894736842105 -0,552 0,417460317460317 0,631746031746032 -0,888 -1 -1 1 -1 -1 
0,555454545454545 0,513684210526315 -0,44 0,414285714285714 0,628571428571429 -1 -1 1 1 -1 -1 
0,526363636363636 0,578947368421053 -0,552 0,392857142857143 0,607142857142857 -0,984 -1 -1 -1 -1 -1 
0,498181818181818 0,608421052631578 -0,496 0,425396825396825 0,63968253968254 -1 -1 -1 -1 -1 -1 
0,512727272727273 0,582105263157894 -0,552 0,415873015873016 0,63015873015873 -1 -1 -1 -1 -1 -1 
0,580909090909091 0,475789473684211 -0,104 0,437301587301587 0,651587301587301 -1 -1 1 -1 -1 -1 
0,583636363636364 0,442105263157895 0,024 0,45 0,664285714285714 -1 -1 -1 -1 -1 -1 
0,609090909090909 0,486315789473685 0,0880000000000001 0,501587301587302 0,715873015873016 -1 -1 1 -1 -1 -1 
0,589090909090909 0,525263157894737 -0,36 0,468253968253968 0,682539682539683 -0,984 -1 1 -1 -1 -1 
0,605454545454545 0,524210526315789 -0,408 0,448412698412698 0,662698412698413 -0,996 -1 -1 -1 -1 -1 
0,653636363636364 0,515789473684211 -0,36 0,465873015873016 0,68015873015873 -1 1 1 -1 -1 -1 
0,502727272727273 0,346315789473684 0,00800000000000001 0,41984126984127 0,634126984126984 -0,92 -1 -1 1 -1 -1 
0,564545454545455 0,378947368421053 -0,24 0,396031746031746 0,61031746031746 -1 -1 1 1 -1 -1 
0,485454545454545 0,485263157894737 0,168 0,411111111111111 0,625396825396825 -0,988 -1 -1 -1 -1 -1 
0,497272727272727 0,505263157894737 -0,28 0,387301587301587 0,601587301587302 -1 -1 1 -1 -1 -1 
0,565454545454545 0,369473684210527 -0,608 0,428571428571429 0,642857142857143 -0,936 -1 1 1 -1 -1 
0,525454545454545 0,685263157894736 -0,632 0,396031746031746 0,61031746031746 -1 -1 -1 -1 -1 -1 
0,54 0,723157894736843 -0,768 0,401587301587302 0,615873015873016 -1 -1 -1 -1 -1 -1 
0,558181818181818 0,738947368421053 -0,536 0,407142857142857 0,621428571428571 -1 -1 -1 -1 -1 -1 
0,531818181818182 0,687368421052631 -0,656 0,4 0,614285714285714 -1 -1 -1 -1 -1 -1 
0,497272727272727 0,583157894736842 -0,864 0,388888888888889 0,603174603174603 -1 -1 -1 -1 -1 -1 
