127720 99999  19860101    26.3  8    22.1  8  1006.7  8  9999.9  0    1.9  8    0.7  8    1.9  999.9    28.6    22.6   0.10F   2.0  101000 
127720 99999  19860102    24.9  8    24.0  8  1007.5  8  9999.9  0    0.8  8    0.2  8    1.9  999.9    26.6*   23.0*  0.02E   1.6  101000 
127720 99999  19860103    27.6  7    26.7  7  1008.1  7  9999.9  0    0.7  7    0.0  7    1.9  999.9    31.6    24.6   0.14F   3.1  101000 
127720 99999  19860104    32.9  8    32.5  8  1008.4  8  9999.9  0    0.4  8    0.2  8    1.9  999.9    35.4    29.1   0.14F   2.0  110000 
127720 99999  19860105    27.5  8    25.0  8  1013.4  8  9999.9  0    2.3  8    1.2  8    3.9  999.9    33.4*   14.9*  0.24F   2.0  111000 
127720 99999  19860106    20.7  8    20.1  8  1012.4  8  9999.9  0    0.1  8    0.0  8  999.9  999.9    24.6    13.1   0.00D   2.0  100000 
127720 99999  19860107    21.9  8    21.4  8  1010.0  8  9999.9  0    0.5  8    0.0  8  999.9  999.9    27.3    16.3   0.00D   2.0  100000 
127720 99999  19860108    25.6  8    24.2  8  1012.7  8  9999.9  0    1.3  8    0.2  8    1.9  999.9    31.1    20.5   0.00E   2.0  100000 
127720 99999  19860109    25.8  8    24.4  8  1020.2  8  9999.9  0    1.1  8    0.0  8  999.9  999.9    28.6    20.3   0.00D   1.6  100000 
127720 99999  19860110    17.2  8    13.3  8  1028.9  8  9999.9  0    1.6  8    0.2  8    1.9  999.9    23.7*    9.0*  0.00D   1.6  100000 
127720 99999  19860111    16.1  8    14.5  8  1022.5  8  9999.9  0    0.7  8    1.2  8    3.9  999.9    23.0     7.0   0.03E   2.4  101000 
127720 99999  19860112    22.5  8    21.4  8  1014.6  8  9999.9  0    1.0  8    0.0  8  999.9  999.9    24.4    20.3   0.03F   3.5  001000 
127720 99999  19860113    25.3  8    24.6  8  1013.4  8  9999.9  0    0.9  8    0.0  8  999.9  999.9    28.9    20.7*  0.00E   3.5  100000 
127720 99999  19860114    34.6  7    31.3  7  1003.8  7  9999.9  0    2.5  7    3.1  7    9.7  999.9    42.3*   20.7   0.03F   2.0  111000 
127720 99999  19860115    40.6  8    32.4  8   995.5  8  9999.9  0   10.9  8    8.0  8    9.7  999.9    43.2    35.6   0.04E 999.9  000000 
127720 99999  19860116    34.6  8    28.7  8  1003.4  8  9999.9  0    7.8  8    4.1  8    9.7  999.9    40.3*   25.9*  0.01E 999.9  101000 
127720 99999  19860117    26.7  9    24.4  9  1010.1  9  9999.9  0    1.4  9    1.5  9    1.9  999.9    30.6    22.3*  0.06F   2.0  101000 
127720 99999  19860118    19.8  8    15.2  8  1021.8  8  9999.9  0    1.8  8    1.2  8    5.8  999.9    27.5    11.1   0.00D   1.6  001000 
127720 99999  19860119    33.4  8    28.7  8  1011.8  8  9999.9  0    3.8  8    2.4  8    5.8  999.9    45.7    21.7   0.03E   1.6  001000 
127720 99999  19860120    42.5  8    31.1  8  1008.3  8  9999.9  0   20.0  8   11.9  8   23.3  999.9    48.4    34.2   0.04E 999.9  010000 
127720 99999  19860121    39.6  8    29.8  8  1022.4  8  9999.9  0   14.0  8    6.8  8    9.7  999.9    49.6    29.8   0.00D 999.9  000000 
127720 99999  19860122    33.2  8    30.8  8  1018.1  8  9999.9  0    1.4  8    2.2  8    5.8  999.9    39.6    28.4*  0.00D 999.9  000000 
127720 99999  19860123    35.4  8    34.1  8  1007.1  8  9999.9  0    0.7  8    3.4  8    7.8  999.9    44.6    28.0   0.02E 999.9  110000 
127720 99999  19860124    43.1  8    39.7  8   992.5  8  9999.9  0    3.0  8    3.4  8    7.8  999.9    45.3    41.0*  0.20E 999.9  010000 
127720 99999  19860125    35.3  8    32.2  8   999.5  8  9999.9  0    3.7  8    3.2  8    9.7  999.9    38.5*   30.2*  0.39F 999.9  010000 
127720 99999  19860126    30.7  8    26.8  8  1012.9  8  9999.9  0    1.8  8    1.0  8    1.9  999.9    36.7    27.1   0.00D 999.9  000000 
127720 99999  19860127    28.6  6    21.4  6  1017.9  6  9999.9  0    4.6  6    1.9  6    5.8  999.9    34.5    25.0   0.00D 999.9  000000 
127720 99999  19860128    27.1  8    22.5  8  1024.5  8  9999.9  0    2.9  8    0.7  8    3.9  999.9    37.4    19.0   0.00D 999.9  000000 
127720 99999  19860129    30.6  8    25.5  8  1023.4  8  9999.9  0    2.5  8    0.5  8    1.9  999.9    39.2    23.7   0.00D 999.9  000000 
127720 99999  19860130    31.1  8    27.5  8  1017.9  8  9999.9  0    1.8  8    0.7  8    1.9  999.9    44.2    20.8   0.00D 999.9  000000 
127720 99999  19860131    31.8  8    28.4  8  1018.2  8  9999.9  0    1.6  8    0.7  8    1.9  999.9    41.4    24.8   0.00D 999.9  100000 
127720 99999  19860201    38.1  8    32.2  8  1014.7  8  9999.9  0    3.0  8    1.7  8    3.9  999.9    43.9    30.6   0.00D 999.9  000000 
127720 99999  19860202    32.9  8    31.6  8  1014.4  8  9999.9  0    1.4  8    3.4  8    7.8  999.9    37.0*   29.5*  0.63F   3.1  011000 
127720 99999  19860203    29.1  8    22.5  8  1022.2  8  9999.9  0    4.4  8    2.9  8    7.8  999.9    34.7    20.1*  0.20E   4.3  001000 
127720 99999  19860204    16.9  8    11.8  8  1023.4  8  9999.9  0    3.9  8    0.0  8  999.9  999.9    30.7     9.3*  0.00D   3.9  000000 
127720 99999  19860205     9.6  8     7.3  8  1019.1  8  9999.9  0    0.5  8    0.0  8  999.9  999.9    26.2     0.1   0.00D   3.9  100000 
127720 99999  19860206     9.5  8     7.3  8  1016.2  8  9999.9  0    0.5  8    0.0  8  999.9  999.9    24.8    -0.2*  0.00D   3.9  100000 
127720 99999  19860207    10.9  8     8.5  8  1015.3  8  9999.9  0    0.4  8    0.0  8  999.9  999.9    23.4    -0.4   0.00D   3.9  101000 
127720 99999  19860208    15.8  8    10.5  8  1013.0  8  9999.9  0    1.5  8    0.0  8  999.9  999.9    21.7*    9.3   0.00E   3.9  001000 
127720 99999  19860209    30.5  8    25.3  8  1009.5  8  9999.9  0    1.7  8    1.2  8    3.9  999.9    39.0    20.8   0.00E   3.1  001000 
127720 99999  19860210    34.6  8    27.4  8  1013.3  8  9999.9  0    2.5  8    2.2  8    3.9  999.9    40.6    27.5   0.00D   2.0  000000 
127720 99999  19860211    30.2  8    22.6  8  1022.3  8  9999.9  0    4.2  8    3.6  8    5.8  999.9    33.8    26.4   0.00D   2.0  000000 
127720 99999  19860212    25.4  8    17.6  8  1026.3  8  9999.9  0    4.2  8    5.3  8    9.7  999.9    28.6    22.1*  0.01E   2.0  001000 
127720 99999  19860213    25.0  8    19.2  8  1023.5  8  9999.9  0    2.2  8    1.2  8    3.9  999.9    32.9    15.4   0.00D   2.0  100000 
127720 99999  19860214    29.2  8    24.5  8  1021.7  8  9999.9  0    1.8  8    0.5  8    1.9  999.9    34.0    23.7   0.00D   2.0  000000 
127720 99999  19860215    30.4  9    28.1  9  1021.6  8  9999.9  0    0.8  9    1.1  9    1.9  999.9    32.5    28.0   0.01F   1.2  001000 
127720 99999  19861211    22.5  8    21.6  8  1034.8  8  9999.9  0    0.2  8    0.0  8  999.9  999.9    24.4    21.2   0.00D 999.9  100000 
127720 99999  19861212    24.8  8    23.8  8  1029.8  8  9999.9  0    0.5  8    1.7  8    3.9  999.9    27.0    21.7   0.04E 999.9  101000 
127720 99999  19861213    24.2  8    23.4  8  1023.9  8  9999.9  0    0.8  8    0.2  8    1.9  999.9    25.9    21.9*  0.08F   1.2  001000 
127720 99999  19861214    25.7  8    24.9  8  1021.3  8  9999.9  0    0.9  8    0.0  8  999.9  999.9    28.0    21.2   0.00D   1.2  100000 
127720 99999  19861215    26.0  8    25.2  8  1021.0  8  9999.9  0    1.5  8    0.0  8  999.9  999.9    26.6    24.8   0.24E   3.1  001000 
127720 99999  19861216    24.6  7    23.7  7  1013.8  7  9999.9  0    0.8  7    0.0  7  999.9  999.9    27.0*   20.8   0.06F   3.5  101000 
127720 99999  19861217    27.8  8    26.9  8  1016.2  8  9999.9  0    0.3  8    0.2  8    1.9  999.9    29.5    25.0   0.00D   3.5  100000 
127720 99999  19861218    25.7  8    24.8  8  1016.3  8  9999.9  0    0.7  8    1.0  8    3.9  999.9    28.8    23.0*  0.00E   3.1  101000 
127720 99999  19861219    32.2  8    29.6  8   998.7  8  9999.9  0    2.0  8    2.5  7    9.7  999.9    39.0*   26.6   0.20F   3.1  011000 
127720 99999  19861220    37.9  8    27.1  8   994.7  8  9999.9  0   15.5  8   11.7  8   13.6  999.9    40.1    31.1   0.00D   2.8  000000 
127720 99999  19861221    33.6  8    25.1  8  1001.4  8  9999.9  0   11.0  8    4.4  8    9.7  999.9    38.1    28.4*  0.00D   2.4  000000 
127720 99999  19861222    27.6  9    23.3  9  1005.8  9  9999.9  0    3.7  9    1.1  9    5.8  999.9    35.8*   13.3*  0.00E   2.0  011000 
127720 99999  19861223    16.3  8    13.7  8  1012.0  8  9999.9  0    1.9  8    0.0  8  999.9  999.9    23.4     9.9   0.00D   2.0  000000 
127720 99999  19861224    11.8  8    10.9  8  1023.0  8  9999.9  0    0.6  8    0.0  8  999.9  999.9    16.0     7.3   0.00D   2.0  100000 
127720 99999  19861225     9.0  8     7.7  8  1027.1  8  9999.9  0    0.2  8    1.0  8    1.9  999.9    14.7     4.5*  0.00D   2.0  100000 
127720 99999  19861226     6.8  7     4.7  7  1016.6  7  9999.9  0    0.5  7    0.0  7  999.9  999.9    14.9     0.0*  0.00D   2.0  100000 
127720 99999  19861227    14.0  9    11.8  9  1012.8  9  9999.9  0    1.0  9    0.4  9    3.9  999.9    18.0*    8.4   0.02F   2.4  001000 
127720 99999  19861228    19.9  8    18.3  8  1013.6  8  9999.9  0    0.8  8    0.7  8    5.8  999.9    25.2    16.7   0.06F   3.1  001000 
127720 99999  19861229    26.0  8    23.8  8  1007.8  8  9999.9  0    1.1  8    1.0  8    7.8  999.9    43.9*   21.4   0.02F   3.5  101000 
127720 99999  19861230    42.3  8    35.4  8  1005.7  8  9999.9  0   11.7  8    6.1  8   11.7  999.9    48.2    24.8   0.00D 999.9  000000 
127720 99999  19861231    38.1  8    33.2  8  1009.4  8  9999.9  0    3.2  8    0.7  8    5.8  999.9    49.1    31.6   0.01E 999.9  110000 
127720 99999  19870101    45.5  8    36.2  8  1007.7  8  9999.9  0   10.9  8    5.3  8    9.7  999.9    47.7*   36.5   0.00C 999.9  000000 
127720 99999  19870102    35.4  8    33.3  8  1002.8  8  9999.9  0    4.4  8    0.5  8    1.9  999.9    37.9*   33.8*  0.15F 999.9  010000 
127720 99999  19870103    25.1  8    18.2  8  1007.8  8  9999.9  0    3.9  8    4.1  8    9.7  999.9    33.4*   15.4*  0.01F 999.9  001000 
127720 99999  19870104    17.9  8    11.8  8  1021.7  8  9999.9  0    3.7  8    0.5  8    3.9  999.9    27.0*   11.8   0.00D 999.9  000000 
127720 99999  19870105    21.6  8    18.9  8  1016.9  8  9999.9  0    1.8  8    2.2  8    5.8  999.9    27.5    13.8   0.01E 999.9  001000 
127720 99999  19870106    23.3  8    21.5  8  1002.5  8  9999.9  0    2.0  8    0.0  8  999.9  999.9    36.1    14.9   0.08E   2.0  101000 
127720 99999  19870107    20.5  8    16.4  8  1009.1  8  9999.9  0    1.8  8    1.2  8    1.9  999.9    29.5    10.8*  0.04F   2.4  001000 
127720 99999  19870108     6.8  8    -1.1  8  1022.0  7  9999.9  0    3.4  8    0.7  8    1.9  999.9    18.5     1.8   0.00D   2.4  100000 
127720 99999  19870109     6.8  8     3.3  8  1014.3  8  9999.9  0    1.2  8    1.2  8    3.9  999.9    16.2    -6.7   0.02E   2.8  001000 
127720 99999  19870110    16.4  8    14.6  8  1012.5  8  9999.9  0    0.9  8    0.2  8    1.9  999.9    18.9    11.1   0.12F   3.5  001000 
127720 99999  19870111    17.3  8    15.3  8  1005.0  8  9999.9  0    1.0  8    3.4  8    5.8  999.9    20.1    12.6*  0.51F   7.1  001000 
127720 99999  19870112     6.0  7     3.0  7  1006.3  7  9999.9  0    1.2  7    2.2  7    5.8  999.9    12.4*   -6.5*  0.20E  11.8  001000 
127720 99999  19870113    -5.0  8    -8.8  8  1020.6  8  9999.9  0    1.3  8    0.0  8  999.9  999.9     6.8*  -16.2   0.00E  11.8  001000 
127720 99999  19870114    12.4  7     4.7  7  1017.4  7  9999.9  0    1.1  7    0.6  7    1.9  999.9    19.8*    5.7*  0.01C  11.8  001000 
127720 99999  19870115    29.1  7    25.2  7  1011.7  7  9999.9  0    1.5  7    0.3  7    1.9  999.9    32.5    23.4*  0.43E  12.6  011000 
127720 99999  19870116    33.0  8    31.7  8  1020.4  8  9999.9  0    0.9  8    0.2  8    1.9  999.9    35.2*   30.4   0.01F  10.6  111000 
127720 99999  19870117    29.0  8    26.6  8  1030.8  8  9999.9  0    1.3  8    0.2  8    1.9  999.9    33.1    25.2*  0.00D   9.1  000000 
127720 99999  19870118    29.8  8    26.2  8  1030.1  8  9999.9  0    1.3  8    0.5  8    1.9  999.9    36.0    23.7   0.00D   7.9  100000 
127720 99999  19870119    31.3  8    28.5  8  1027.7  8  9999.9  0    1.7  8    0.2  8    1.9  999.9    41.0    23.4*  0.00D   7.9  000000 
127720 99999  19870120    17.3  7    14.6  7  1033.6  7  9999.9  0    0.6  7    0.3  7    1.9  999.9    32.5     5.4   0.00C   6.7  100000 
127720 99999  19870121     9.5  6     7.2  6  1036.6  6  9999.9  0    0.4  6    0.0  6  999.9  999.9    16.9*    3.6   0.00D   6.7  100000 
127720 99999  19870122    19.0  7    17.2  7  1033.6  7  9999.9  0    0.5  7    0.3  7    1.9  999.9    21.6*    9.5   0.04E   7.5  101000 
127720 99999  19870123    23.1  7    20.6  7  1025.1  7  9999.9  0    0.6  7    0.0  6  999.9  999.9    26.2    20.7   0.01E   7.5  101000 
127720 99999  19870124    21.9  8    16.8  8  1027.6  8  9999.9  0    1.2  8    1.2  8    3.9  999.9    31.6    11.8*  0.08E   8.3  001000 
127720 99999  19870125    17.9  8    13.4  8  1025.2  8  9999.9  0    2.0  8    1.7  8    5.8  999.9    36.5*    2.8   0.00D   8.3  100000 
127720 99999  19870126    35.2  8    27.3  8  1003.2  8  9999.9  0   10.5  8    7.5  8   13.6  999.9    38.5    27.5   0.00D   7.9  000000 
127720 99999  19870127    23.2  8    14.5  8  1009.1  8  9999.9  0   11.3  8    3.2  8    9.7  999.9    31.3    11.8*  0.00E   7.9  000000 
127720 99999  19870128    20.5  8    16.7  8  1003.0  8  9999.9  0    2.8  8    0.7  8    5.8  999.9    30.9    10.0   0.00E   7.9  001000 
127720 99999  19870129    16.2  8    13.1  8  1006.1  8  9999.9  0    1.1  8    0.5  8    1.9  999.9    26.6     3.6   0.00D   7.9  101000 
127720 99999  19870130     6.7  8     2.3  8  1023.7  8  9999.9  0    1.3  8    0.2  8    1.9  999.9    17.6    -6.0*  0.08E   9.8  101000 
127720 99999  19870131    -4.0  8    -7.4  8  1032.6  8  9999.9  0    0.3  8    0.0  8  999.9  999.9    10.9   -13.7   0.00D   9.8  100000 
127720 99999  19870201    -2.8  8    -6.3  8  1031.7  8  9999.9  0    0.5  8    0.0  8  999.9  999.9    14.4   -11.2   0.00D   9.8  100000 
127720 99999  19870202     0.8  7    -3.6  7  1031.4  7  9999.9  0    0.7  7    0.0  7  999.9  999.9    19.8    -8.3   0.00C   9.8  100000 
127720 99999  19870203    19.0  8    11.9  8  1029.5  8  9999.9  0    0.7  7    0.0  8  999.9  999.9    26.8     4.6   0.00D   9.8  100000 
127720 99999  19870204    26.8  8    21.7  8  1030.1  8  9999.9  0    1.0  8    0.2  8    1.9  999.9    30.0    24.1   0.00D   9.8  000000 
127720 99999  19870205    25.0  8    21.2  8  1029.6  8  9999.9  0    0.9  8    0.0  8  999.9  999.9    34.3    13.6*  0.00D   9.1  100000 
127720 99999  19870206    16.2  8    15.2  7  1026.2  8  9999.9  0    0.2  8    0.0  7  999.9  999.9    28.0     9.7*  0.00D   8.7  100000 
127720 99999  19870207    27.7  8    26.0  8  1016.1  8  9999.9  0    0.7  8    1.2  8    3.9  999.9    31.6    16.5   0.06F   9.4  101000 
127720 99999  19870208    29.9  9    25.2  8  1020.2  9  9999.9  0    1.7  9    1.1  9    3.9  999.9    35.2    19.4   0.00E   9.4  100000 
127720 99999  19870209    32.6  9    27.6  9  1014.7  9  9999.9  0    1.5  9    0.6  9    1.9  999.9    36.3*   29.1   0.01E   9.8  001000 
127720 99999  19870210    32.5  8    31.1  8  1013.3  8  9999.9  0    0.3  8    0.2  8    1.9  999.9    34.2    31.1   0.00D   8.3  100000 
127720 99999  19870211    35.9  6    32.9  6  1009.7  6  9999.9  0    0.8  6    0.3  6    1.9  999.9    40.3    32.9   0.00C   7.1  100000 
127720 99999  19870212    35.3  7    32.1  7  1010.1  7  9999.9  0    1.1  7    0.0  7  999.9  999.9    41.5*   30.2   0.00C   7.1  000000 
127720 99999  19870213    37.2  7    33.3  7  1012.8  7  9999.9  0    1.3  7    1.1  7    3.9  999.9    42.4    29.3   0.00C   5.5  000000 
127720 99999  19870214    34.4  8    32.1  8  1012.3  8  9999.9  0    0.5  8    0.2  8    1.9  999.9    39.2    31.1   0.00D   3.9  100000 
127720 99999  19870215    38.4  8    33.1  8  1007.5  8  9999.9  0    1.9  8    0.0  8  999.9  999.9    49.5    32.5   0.00D   3.9  000000 
127720 99999  19871211    22.9  7    19.1  7  1009.7  7  9999.9  0    1.3  7    0.0  7  999.9  999.9    35.6*   12.4   0.00H 999.9  001000 
127720 99999  19871212    21.1  8    20.2  8  1019.5  8  9999.9  0    0.7  8    0.0  8  999.9  999.9    29.3    15.4   0.00D 999.9  100000 
127720 99999  19871213    23.7  7    23.1  7  1025.7  7  9999.9  0    0.6  7    0.0  7  999.9  999.9    28.0    18.0*  0.00E 999.9  100000 
127720 99999  19871214    18.4  8    17.0  8  1017.2  8  9999.9  0    1.0  8    0.0  8  999.9  999.9    25.3*   10.4   0.00E 999.9  100000 
127720 99999  19871215    27.9  7    24.7  7  1013.9  7  9999.9  0    1.5  7    0.3  7    1.9  999.9    30.6    23.9   0.00E 999.9  001000 
127720 99999  19871216    28.8  9    24.4  8  1019.3  9  9999.9  0    1.7  9    0.0  9  999.9  999.9    32.0    27.5*  0.00C 999.9  000000 
127720 99999  19871217    27.6  8    26.0  8  1020.8  8  9999.9  0    1.6  8    0.5  8    3.9  999.9    28.8    26.6   0.08E   0.4  001000 
127720 99999  19871218    29.3  8    28.6  8  1022.4  8  9999.9  0    0.6  8    0.5  8    1.9  999.9    33.3    27.0   0.04F   0.4  110000 
127720 99999  19871219    32.2  8    31.2  8  1012.6  8  9999.9  0    0.3  8    1.2  8    3.9  999.9    33.4    30.7   0.47F   0.4  110000 
127720 99999  19871220    33.3  8    31.3  8  1019.0  8  9999.9  0    0.7  8    0.0  8  999.9  999.9    39.4    29.7*  0.00D 999.9  100000 
127720 99999  19871221    34.1  8    31.3  8  1016.5  8  9999.9  0    1.8  8    0.5  8    1.9  999.9    48.9    28.4   0.00D 999.9  100000 
127720 99999  19871222    36.2  8    32.9  8  1022.4  8  9999.9  0    3.9  8    0.0  8  999.9  999.9    45.1    29.8   0.00D 999.9  000000 
127720 99999  19871223    37.1  8    31.4  8  1022.9  8  9999.9  0    5.4  8    1.0  8    5.8  999.9    43.9    30.9   0.00D 999.9  000000 
127720 99999  19871224    32.8  8    29.1  8  1028.8  8  9999.9  0    1.6  8    0.0  8  999.9  999.9    38.1    27.5   0.00D 999.9  000000 
127720 99999  19871225    31.6  8    29.0  8  1030.7  8  9999.9  0    1.3  8    1.0  8    3.9  999.9    32.7*   31.1*  0.00D 999.9  100000 
127720 99999  19871226    32.4  8    29.8  8  1032.1  8  9999.9  0    2.1  8    1.0  8    3.9  999.9    34.2    31.5   0.00D 999.9  000000 
127720 99999  19871227    32.7  8    31.3  8  1030.9  7  9999.9  0    0.9  8    0.0  8  999.9  999.9    34.2    30.9   0.00E 999.9  100000 
127720 99999  19871228    32.7  7    31.9  7  1023.7  7  9999.9  0    0.0  7    0.3  7    1.9  999.9    34.3    30.7*  0.00D 999.9  100000 
127720 99999  19871229    35.7  8    34.1  8  1025.2  8  9999.9  0    0.8  8    0.2  8    1.9  999.9    52.5    30.0   0.00D 999.9  100000 
127720 99999  19871230    44.6  8    37.7  8  1020.8  8  9999.9  0    5.7  8    3.4  8    9.7  999.9    55.6    34.5   0.00D 999.9  100000 
127720 99999  19871231    35.9  8    30.9  8  1020.2  8  9999.9  0    2.8  8    0.7  8    3.9  999.9    46.8    30.2   0.00D 999.9  100000 
127720 99999  19880101    32.2  8    30.7  8  1018.3  8  9999.9  0    0.2  8    0.0  8  999.9  999.9    38.5    29.1*  0.00D 999.9  100000 
127720 99999  19880102    33.5  8    32.7  8  1013.4  8  9999.9  0    0.4  8    0.2  8    1.9  999.9    35.8    30.2   0.00D 999.9  100000 
127720 99999  19880103    36.1  8    35.2  8  1007.0  8  9999.9  0    0.2  8    1.2  8    1.9  999.9    37.4    34.7   0.00E 999.9  110000 
127720 99999  19880104    39.1  7    37.6  7  1010.7  7  9999.9  0    0.7  7    0.3  7    1.9  999.9    41.4*   36.1   0.20E 999.9  110000 
127720 99999  19880105    41.1  8    40.0  8  1015.0  8  9999.9  0    1.6  8    0.0  7  999.9  999.9    46.0    37.4   0.00E 999.9  110000 
127720 99999  19880106    41.0  8    37.8  8  1016.1  8  9999.9  0    0.7  8    0.2  8    1.9  999.9    46.0    36.7   0.00D 999.9  100000 
127720 99999  19880107    41.1  7    40.3  7  1013.9  7  9999.9  0    0.6  7    0.3  7   11.7  999.9    43.7    36.3*  0.02E 999.9  110000 
127720 99999  19880108    40.6  7    36.7  7  1020.3  7  9999.9  0    2.8  7    1.4  7    3.9  999.9    46.4    35.6*  0.00E 999.9  000000 
127720 99999  19880109    35.1  8    31.0  8  1030.4  8  9999.9  0    1.7  8    0.7  8    3.9  999.9    42.8    31.6   0.00D 999.9  000000 
127720 99999  19880110    35.4  8    33.0  8  1031.8  8  9999.9  0    1.3  8    0.2  8    1.9  999.9    36.9    33.1   0.02E 999.9  010000 
127720 99999  19880111    37.1  8    35.6  8  1026.0  8  9999.9  0    0.9  8    0.5  8    1.9  999.9    38.7    35.4*  0.08F 999.9  110000 
127720 99999  19880112    32.8  8    31.2  8  1025.1  8  9999.9  0    0.8  8    0.0  8  999.9  999.9    38.3    28.6*  0.00D 999.9  100000 
127720 99999  19880113    30.8  8    30.2  8  1029.3  8  9999.9  0    0.1  8    0.0  8  999.9  999.9    35.4    27.7   0.00D 999.9  100000 
127720 99999  19880114    25.6  8    24.8  8  1031.4  8  9999.9  0    0.1  8    0.0  8  999.9  999.9    27.7*   24.6   0.00D 999.9  100000 
127720 99999  19880115    23.7  8    22.8  8  1033.3  8  9999.9  0    0.2  8    0.0  8  999.9  999.9    24.8*   23.0*  0.00D 999.9  100000 
127720 99999  19880116    26.8  8    25.8  8  1033.3  8  9999.9  0    0.9  8    0.0  8  999.9  999.9    30.0*   22.8   0.00D 999.9  100000 
127720 99999  19880117    31.0  7    30.0  7  1029.4  7  9999.9  0    0.3  7    0.0  7  999.9  999.9    32.4    29.7   0.00F 999.9  110000 
127720 99999  19880118    32.5  8    31.1  8  1025.4  8  9999.9  0    1.1  8    0.0  8  999.9  999.9    34.7    31.5   0.01F 999.9  111000 
127720 99999  19880119    30.4  8    32.3  0  1026.4  8  9999.9  0    0.2  8    2.9  8   21.4  999.9    34.5    13.1*  0.00C 999.9  100000 
127720 99999  19880120    34.2  7    32.5  7  1023.4  7  9999.9  0    1.3  7    0.0  7  999.9  999.9    38.3    31.8*  0.00D 999.9  100000 
127720 99999  19880121    28.2  8    27.5  8  1019.9  8  9999.9  0    0.0  8    0.0  8  999.9  999.9    30.2    26.2   0.00D 999.9  100000 
127720 99999  19880122    28.2  8    27.4  8  1016.0  8  9999.9  0    0.0  8    0.5  8    1.9  999.9    30.0    26.2   0.00E 999.9  100000 
127720 99999  19880123    31.2  8    29.6  8  1012.7  8  9999.9  0    0.4  8    0.0  8  999.9  999.9    32.9    28.2   0.07F 999.9  111000 
127720 99999  19880124    32.6  8    30.4  8  1013.5  8  9999.9  0    0.3  8    0.2  8    1.9  999.9    37.4*   30.2*  0.16F   0.8  101000 
127720 99999  19880125    32.1  7    30.5  7  1010.4  7  9999.9  0    1.0  7    1.9  7    3.9  999.9    34.0    30.0   0.02F   0.8  111000 
127720 99999  19880126    34.6  8    33.2  8  1006.2  8  9999.9  0    1.0  8    0.2  8    1.9  999.9    36.5    32.9   0.31F   0.4  110000 
127720 99999  19880127    36.6  8    35.0  8  1013.1  8  9999.9  0    0.9  8    0.0  8  999.9  999.9    38.7    32.7   0.00E 999.9  100000 
127720 99999  19880128    36.7  8    34.7  8  1016.7  8  9999.9  0    1.5  8    1.2  8    3.9  999.9    37.9    35.6   0.00D 999.9  010000 
127720 99999  19880129    41.1  8    38.4  8  1004.3  8  9999.9  0    1.9  8    4.1  8    5.8  999.9    43.5    36.9   0.06F 999.9  010000 
127720 99999  19880130    41.6  7    39.8  7   991.9  7  9999.9  0    1.8  7    3.1  7    5.8  999.9    45.5    39.0   0.31F 999.9  010000 
127720 99999  19880131    41.0  8    36.8  8   995.4  8  9999.9  0    3.3  8    2.7  8    3.9  999.9    45.0    39.6   0.12F 999.9  010000 
127720 99999  19880201    31.5  8    24.6  8  1015.5  8  9999.9  0    3.5  8    2.4  8    3.9  999.9    37.6    25.7   0.00D 999.9  000000 
127720 99999  19880202    32.7  7    26.5  7  1014.6  7  9999.9  0    3.3  7    5.0  7    9.7  999.9    34.9*   29.8   0.00H 999.9  001000 
127720 99999  19880203    33.5  8    32.1  8  1016.1  8  9999.9  0    0.5  8    1.2  8    3.9  999.9    36.7    29.8   0.04E   0.4  101000 
127720 99999  19880204    34.4  8    33.2  8  1020.6  8  9999.9  0    0.1  8    1.9  8    1.9  999.9    37.8    32.0*  0.00D 999.9  100000 
127720 99999  19880205    36.1  7    34.1  7  1014.4  7  9999.9  0    0.6  7    1.4  7    1.9  999.9    43.3    29.8   0.00E 999.9  100000 
127720 99999  19880206    42.3  8    38.8  8  1011.7  8  9999.9  0    1.7  8    2.7  8    5.8  999.9    47.1*   39.7*  0.00C 999.9  110000 
127720 99999  19880207    47.2  8    40.8  8  1010.1  8  9999.9  0    5.2  8    4.6  8    5.8  999.9    52.5    41.0   0.00E 999.9  000000 
127720 99999  19880208    43.5  9    38.2  9  1006.5  9  9999.9  0    4.3  9    3.7  9    5.8  999.9    49.6    40.8   0.08F 999.9  010000 
127720 99999  19880209    39.6  7    35.0  7  1006.6  7  9999.9  0    4.2  7    3.1  7    5.8  999.9    42.1*   37.2*  0.15F 999.9  110000 
127720 99999  19880210    35.1  9    31.3  9  1011.2  9  9999.9  0    1.7  9    2.8  9    5.8  999.9    38.8    33.1   0.08E 999.9  110000 
127720 99999  19880211    34.9  8    31.5  8  1014.0  8  9999.9  0    1.1  8    1.9  8    3.9  999.9    43.5    29.5   0.00D 999.9  100000 
127720 99999  19880212    32.6  8    29.2  8  1014.5  8  9999.9  0    1.3  8    1.5  8    1.9  999.9    40.6    28.4   0.00E 999.9  100000 
127720 99999  19880213    38.8  8    33.5  8  1020.8  8  9999.9  0    1.7  8    1.7  8    3.9  999.9    49.6    31.3*  0.00D 999.9  100000 
127720 99999  19880214    39.9  8    32.6  8  1033.6  8  9999.9  0    6.8  8    4.4  8    7.8  999.9    50.4    31.1   0.00D 999.9  000000 
127720 99999  19880215    35.7  8    28.5  8  1035.5  8  9999.9  0    3.9  8    2.7  8    3.9  999.9    48.6    26.6   0.00D 999.9  000000 
127720 99999  19881211    36.3  8    32.5  8  1016.4  8  9999.9  0    3.5  8    3.9  8   11.7  999.9    46.6*   29.1   0.00D 999.9  101000 
127720 99999  19881212    45.6  8    34.5  8  1014.3  8  9999.9  0   12.0  8    5.3  8    7.8  999.9    47.8    42.8*  0.00D 999.9  000000 
127720 99999  19881213    35.1  8    31.7  8  1020.6  8  9999.9  0    2.8  8    2.2  8    3.9  999.9    40.1    29.5   0.00E 999.9  000000 
127720 99999  19881214    35.6  8    27.2  8  1015.3  8  9999.9  0    7.9  8    3.9  8    7.8  999.9    43.7    30.7*  0.00D 999.9  001000 
127720 99999  19881215    27.2  8    18.1  8  1017.7  8  9999.9  0    7.1  8    3.9  8    5.8  999.9    32.0    21.9* 99.99    0.4  001000 
127720 99999  19881216    20.1  8    12.1  8  1025.1  8  9999.9  0    5.0  8    4.6  8    9.7  999.9    27.9    11.8*  0.01E   1.2  000000 
127720 99999  19881217    14.7  8    12.0  8  1024.6  8  9999.9  0    1.0  8    0.7  8    1.9  999.9    27.3     7.9   0.00D   0.8  100000 
127720 99999  19881218    18.8  8    16.2  8  1024.0  8  9999.9  0    1.1  8    2.2  8    3.9  999.9    27.9     9.3   0.00D   0.8  000000 
127720 99999  19881219    31.2  8    28.2  8  1009.5  8  9999.9  0    2.6  8    3.6  8    5.8  999.9    39.2    16.9   0.20F   1.2  011000 
127720 99999  19881220    35.4  8    29.6  8  1006.6  8  9999.9  0    6.1  8    4.9  8   13.6  999.9    40.1    29.7*  0.00E 999.9  010000 
127720 99999  19881221    28.9  8    20.0  8  1026.7  8  9999.9  0    5.4  8    2.4  8    5.8  999.9    33.8    23.0*  0.00E 999.9  001000 
127720 99999  19881222    28.7  8    26.4  8  1027.3  8  9999.9  0    1.6  8    0.7  8    1.9  999.9    33.8    19.4   0.01E 999.9  001000 
127720 99999  19881223    32.0  8    30.0  8  1022.3  8  9999.9  0    1.2  8    1.5  8    3.9  999.9    34.7    30.6*  0.00D 999.9  100000 
127720 99999  19881224    39.2  8    32.7  8  1011.8  8  9999.9  0    6.5  8    7.5  8   21.4  999.9    52.5    28.9   0.16F 999.9  110000 
127720 99999  19881225    38.9  8    25.2  8  1017.8  8  9999.9  0   14.2  8    9.7  8   15.5  999.9    45.0    28.0*  0.03E 999.9  000000 
127720 99999  19881226    28.8  8    26.1  8  1027.5  8  9999.9  0    1.8  8    0.5  8    1.9  999.9    35.2    20.3   0.00D 999.9  000000 
127720 99999  19881227    30.9  8    29.2  8  1027.4  8  9999.9  0    0.2  8    0.5  8    1.9  999.9    32.7    25.7   0.00D 999.9  100000 
127720 99999  19881228    30.2  8    28.6  8  1028.7  8  9999.9  0    0.0  8    0.5  8    1.9  999.9    31.8    26.1*  0.00D 999.9  100000 
127720 99999  19881229    29.2  9    27.8  9  1036.4  9  9999.9  0    0.3  9    0.2  9    1.9  999.9    36.1    21.2   0.00D 999.9  100000 
127720 99999  19881230    30.9  8    29.7  8  1035.7  8  9999.9  0    0.1  8    0.5  8    1.9  999.9    32.2    28.2   0.00F 999.9  110000 
127720 99999  19881231    30.9  9    29.6  9  1031.3  9  9999.9  0    0.5  9    1.3  9    1.9  999.9    32.5    29.1   0.01F 999.9  110000 
127720 99999  19890101    30.5  8    29.3  8  1031.5  8  9999.9  0    0.5  8    1.7  8    1.9  999.9    32.5*   28.8*  0.00D 999.9  100000 
127720 99999  19890102    27.9  8    21.8  8  1039.3  8  9999.9  0    5.4  8    3.2  8    7.8  999.9    35.8    20.7*  0.00D 999.9  000000 
127720 99999  19890103    24.5  8    22.4  8  1044.5  8  9999.9  0    1.4  8    1.5  8    3.9  999.9    28.2    16.9   0.00D 999.9  000000 
127720 99999  19890104    23.1  8    21.8  8  1040.9  8  9999.9  0    0.9  8    1.9  8    3.9  999.9    28.8*   18.5   0.00E 999.9  100000 
127720 99999  19890105    24.3  8    22.5  8  1032.6  8  9999.9  0    1.6  8    1.7  8    1.9  999.9    25.5    22.3   0.00D 999.9  000000 
127720 99999  19890106    24.1  8    22.3  8  1021.6  8  9999.9  0    1.0  8    3.9  8    5.8  999.9    25.5    23.4*  0.04E   0.8  001000 
127720 99999  19890107    18.2  8    15.5  8  1014.2  8  9999.9  0    0.8  8    1.7  8    3.9  999.9    24.8    10.4*  0.28E   3.9  101000 
127720 99999  19890108    16.4  8    14.7  8  1016.5  8  9999.9  0    0.3  8    0.7  8    1.9  999.9    25.7     9.3   0.00D   3.5  100000 
127720 99999  19890109    24.6  8    23.0  8  1024.0  8  9999.9  0    0.7  8    1.2  8    3.9  999.9    28.9*    7.2   0.00E   3.5  110000 
127720 99999  19890110    32.0  8    30.8  8  1024.3  8  9999.9  0    0.2  8    2.2  8    3.9  999.9    34.2    27.9   0.01F   2.4  110000 
127720 99999  19890111    33.2  7    31.7  7  1024.4  7  9999.9  0    0.4  7    1.1  7    1.9  999.9    36.0*   31.6*  0.00C   1.6  100000 
127720 99999  19890112    29.1  8    27.8  8  1033.4  8  9999.9  0    0.1  8    1.9  8    3.9  999.9    30.6*   27.9*  0.00D 999.9  100000 
127720 99999  19890113    28.1  8    26.7  8  1033.9  8  9999.9  0    1.0  8    1.0  8    1.9  999.9    30.2    25.5   0.00E 999.9  100000 
127720 99999  19890114    28.2  8    26.9  8  1036.2  8  9999.9  0    0.7  8    1.2  8    1.9  999.9    30.0*   27.0*  0.00D 999.9  100000 
127720 99999  19890115    29.7  8    28.2  8  1035.3  8  9999.9  0    0.9  8    1.5  8    3.9  999.9    31.5    26.8   0.00D 999.9  100000 
127720 99999  19890116    30.6  8    28.9  8  1033.8  8  9999.9  0    0.4  8    1.7  8    1.9  999.9    32.7    29.1   0.00F 999.9  110000 
127720 99999  19890117    30.8  8    29.7  8  1031.9  8  9999.9  0    0.1  8    1.2  8    1.9  999.9    31.6    29.3   0.00D 999.9  100000 
127720 99999  19890118    32.2  8    30.6  8  1032.6  8  9999.9  0    0.6  8    1.0  8    3.9  999.9    33.4    31.3   0.00D 999.9  100000 
127720 99999  19890119    29.6  8    28.2  8  1035.8  8  9999.9  0    0.9  8    1.7  8    1.9  999.9    30.6*   28.4   0.00D 999.9  100000 
127720 99999  19890120    29.8  8    27.9  8  1038.0  8  9999.9  0    0.8  8    1.7  8    3.9  999.9    32.5    28.2   0.00F 999.9  110000 
127720 99999  19890121    30.0  8    27.4  8  1033.0  8  9999.9  0    1.4  8    1.9  8    1.9  999.9    30.9    29.1*  0.00E 999.9  010000 
127720 99999  19890122    29.5  7    27.6  7  1028.6  7  9999.9  0    1.4  7    1.7  7    3.9  999.9    30.9    28.4   0.00D 999.9  100000 
127720 99999  19890123    29.5  7    26.9  7  1034.9  7  9999.9  0    1.1  7    2.8  7    3.9  999.9    31.1    27.9   0.00D 999.9  100000 
127720 99999  19890124    31.5  7    28.6  7  1037.3  7  9999.9  0    0.9  7    1.4  7    1.9  999.9    33.8    30.0   0.00D 999.9  100000 
127720 99999  19890125    31.7  7    28.7  7  1037.2  7  9999.9  0    0.8  7    1.7  7    1.9  999.9    34.3    29.5   0.00D 999.9  100000 
127720 99999  19890126    30.9  8    29.2  8  1037.6  8  9999.9  0    0.2  8    1.2  8    1.9  999.9    32.7    29.1   0.00D 999.9  100000 
127720 99999  19890127    31.2  8    29.0  8  1041.2  8  9999.9  0    1.1  8    1.7  8    1.9  999.9    32.0    30.2   0.00D 999.9  100000 
127720 99999  19890128    29.3  8    27.1  8  1042.5  8  9999.9  0    0.8  8    1.2  8    1.9  999.9    30.4*   28.6   0.00E 999.9  110000 
127720 99999  19890129    27.6  8    25.3  8  1043.2  8  9999.9  0    1.0  8    1.0  8    1.9  999.9    28.4    27.0*  0.00F 999.9  110000 
127720 99999  19890130    26.8  8    23.6  8  1043.9  8  9999.9  0    1.2  8    1.2  8    1.9  999.9    27.7*   25.3   0.00D 999.9  100000 
127720 99999  19890131    29.7  8    26.0  8  1041.3  8  9999.9  0    1.2  8    1.5  8    1.9  999.9    31.6    27.1   0.00D 999.9  000000 
































































































































































































































































































































































































































































































































































































































































































































































































































































































































































































































































































































































































































































































































































































































