127720 99999  19860921    53.9  8    41.0  8  1024.0  8  9999.9  0    4.3  8    0.5  8    1.9  999.9    71.6    35.6   0.00D 999.9  000000 
127720 99999  19860922    57.7  8    45.9  8  1018.6  8  9999.9  0    4.3  8    0.7  8    1.9  999.9    75.2    43.7   0.00D 999.9  000000 
127720 99999  19860923    61.6  7    50.7  7  1018.4  7  9999.9  0    4.3  7    0.8  7    1.9  999.9    73.9    52.5   0.00C 999.9  000000 
127720 99999  19860924    60.8  8    49.3  8  1016.8  8  9999.9  0    5.1  8    1.5  8    3.9  999.9    76.8    45.3   0.00D 999.9  000000 
127720 99999  19860925    54.9  8    41.6  8  1018.1  8  9999.9  0    9.4  8    1.5  8    3.9  999.9    64.0    46.6*  0.00D 999.9  000000 
127720 99999  19860926    50.4  8    37.0  8  1018.4  8  9999.9  0    6.5  8    0.2  8    1.9  999.9    66.0    33.4   0.00D 999.9  000000 
127720 99999  19860927    51.7  7    40.7  7  1021.8  7  9999.9  0    4.9  7    0.8  7    3.9  999.9    68.2    36.3   0.00D 999.9  000000 
127720 99999  19860928    56.7  8    43.8  8  1029.9  8  9999.9  0    5.2  8    1.2  8    3.9  999.9    66.2    47.8   0.00D 999.9  000000 
127720 99999  19860929    53.0  8    41.5  8  1031.5  8  9999.9  0    3.8  8    1.0  8    1.9  999.9    70.9    33.4   0.00D 999.9  000000 
127720 99999  19860930    55.6  8    42.5  8  1027.2  8  9999.9  0    5.9  8    1.7  8    5.8  999.9    68.4    44.4*  0.00D 999.9  000000 
127720 99999  19861001    54.0  8    40.5  8  1029.3  8  9999.9  0    6.4  8    0.0  8  999.9  999.9    71.8    36.3   0.00D 999.9  000000 
127720 99999  19861002    56.2  8    43.6  8  1025.0  8  9999.9  0    2.4  8    0.2  8    1.9  999.9    77.4    37.4   0.00D 999.9  000000 
127720 99999  19861003    55.3  8    45.0  8  1019.9  8  9999.9  0    2.8  8    0.5  8    1.9  999.9    72.7    40.3   0.00D 999.9  000000 
127720 99999  19861004    51.5  8    43.3  8  1020.9  8  9999.9  0    1.8  8    0.5  8    1.9  999.9    65.3    40.3   0.00D 999.9  000000 
127720 99999  19861005    46.0  8    34.3  8  1027.6  8  9999.9  0    5.4  8    0.2  8    1.9  999.9    62.2    31.1   0.00D 999.9  000000 
127720 99999  19861006    47.8  8    34.6  8  1028.8  8  9999.9  0    4.5  8    0.5  8    3.9  999.9    64.2    31.6   0.00D 999.9  000000 
127720 99999  19861007    54.4  8    41.5  8  1022.4  8  9999.9  0    3.0  8    0.7  8    3.9  999.9    65.7    42.8   0.00D 999.9  000000 
127720 99999  19861008    48.7  8    44.6  8  1018.7  8  9999.9  0    1.2  8    0.2  8    1.9  999.9    56.3    41.9   0.03F 999.9  010000 
127720 99999  19861009    54.2  8    48.1  8  1021.7  8  9999.9  0    3.0  8    0.2  8    1.9  999.9    62.6    46.0   0.00D 999.9  000000 
127720 99999  19861010    53.6  8    46.1  8  1023.4  8  9999.9  0    2.2  8    0.2  8    1.9  999.9    64.8    46.6*  0.00D 999.9  000000 
127720 99999  19861011    51.1  8    42.6  8  1024.4  8  9999.9  0    1.2  8    0.2  8    1.9  999.9    68.9    37.8   0.00D 999.9  100000 
127720 99999  19861012    53.4  8    42.8  8  1028.8  8  9999.9  0    2.8  8    1.9  8    3.9  999.9    67.8    40.3   0.00D 999.9  100000 
127720 99999  19861013    49.7  8    40.1  8  1034.0  8  9999.9  0    5.9  8    1.0  8    1.9  999.9    65.1    39.6*  0.00D 999.9  000000 
127720 99999  19861014    45.3  8    36.3  8  1032.8  8  9999.9  0    2.2  8    0.0  8  999.9  999.9    64.6    30.4   0.00D 999.9  000000 
127720 99999  19861015    45.5  8    35.8  8  1030.2  8  9999.9  0    2.5  8    0.5  8    1.9  999.9    66.7    32.0   0.00D 999.9  000000 
127720 99999  19861016    46.5  8    35.7  8  1028.1  8  9999.9  0    2.4  8    0.0  8  999.9  999.9    68.0    31.6   0.00D 999.9  000000 
127720 99999  19861017    51.2  8    37.0  8  1023.3  8  9999.9  0    3.4  8    1.2  8    3.9  999.9    69.1    33.8   0.00D 999.9  000000 
127720 99999  19861018    46.9  8    37.0  8  1019.7  8  9999.9  0    2.1  8    0.7  8    3.9  999.9    66.6    32.4   0.00D 999.9  000000 
127720 99999  19861019    44.3  8    37.0  8  1014.4  8  9999.9  0    1.3  8    1.0  8    5.8  999.9    61.0    31.5   0.00D 999.9  000000 
127720 99999  19861020    47.1  8    44.8  8  1007.1  8  9999.9  0    0.9  8    0.5  8    1.9  999.9    55.0    40.8   0.43F 999.9  110000 
127720 99999  19861021    50.3  8    39.7  8  1005.9  8  9999.9  0    9.7  8    5.3  8    9.7  999.9    56.3    45.0   0.02E 999.9  110000 
127720 99999  19861022    44.4  7    40.8  7  1008.4  7  9999.9  0    3.2  7    1.1  7    5.8  999.9    49.6    36.3   0.01E 999.9  010000 
127720 99999  19861023    53.0  8    47.1  8  1002.1  8  9999.9  0    3.3  8    2.9  8    5.8  999.9    59.4    46.4   0.00E 999.9  010000 
127720 99999  19861024    49.1  8    37.9  8  1014.3  8  9999.9  0   11.3  8    2.7  8    5.8  999.9    54.5    39.0*  0.00D 999.9  000000 
127720 99999  19861025    37.7  8    31.1  8  1020.1  8  9999.9  0    4.0  8    1.0  8    3.9  999.9    53.6    27.3   0.00D 999.9  000000 
127720 99999  19861026    39.6  8    34.9  8  1021.2  8  9999.9  0    2.2  8    0.2  8    1.9  999.9    49.3    30.2   0.00E 999.9  000000 
127720 99999  19861027    43.7  8    37.0  8  1025.1  8  9999.9  0    2.3  8    1.2  8    3.9  999.9    55.8    35.2   0.01C 999.9  000000 
127720 99999  19861028    41.7  8    35.7  8  1029.8  8  9999.9  0    2.0  8    0.7  8    3.9  999.9    58.1    29.3   0.00D 999.9  000000 
127720 99999  19861029    38.8  7    34.2  7  1025.5  7  9999.9  0    0.9  7    0.0  7  999.9  999.9    53.2*   27.7   0.00C 999.9  100000 
127720 99999  19861030    41.6  8    36.8  8  1022.6  8  9999.9  0    1.8  8    0.5  8    1.9  999.9    60.1    27.5   0.00D 999.9  100000 
127720 99999  19861031    39.6  7    37.0  7  1021.0  7  9999.9  0    0.8  7    0.0  7  999.9  999.9    51.1    32.4   0.00D 999.9  100000 
127720 99999  19870921    58.2  9    50.6  9  1020.5  9  9999.9  0    4.0  9    1.3  9    1.9  999.9    68.9    52.0   0.01E 999.9  000000 
127720 99999  19870922    57.9  8    48.4  8  1024.3  8  9999.9  0    7.8  8    1.0  8    3.9  999.9    79.2    44.6   0.00D 999.9  000000 
127720 99999  19870923    61.2  8    51.2  8  1018.3  8  9999.9  0    3.2  8    0.7  8    3.9  999.9    79.3    46.4   0.00D 999.9  100000 
127720 99999  19870924    63.7  8    54.4  8  1008.9  8  9999.9  0    7.7  8    1.7  8    5.8  999.9    77.7    54.9   0.00E 999.9  010000 
127720 99999  19870925    61.3  8    53.4  8  1010.0  8  9999.9  0    5.4  8    0.7  8    3.9  999.9    73.6    54.0   0.00E 999.9  000000 
127720 99999  19870926    60.2  7    57.2  7  1008.1  7  9999.9  0    1.9  7    1.4  7    3.9  999.9    71.2    48.9   0.08F 999.9  010000 
127720 99999  19870927    60.3  8    55.9  7  1007.9  8  9999.9  0    4.7  8    1.0  8    5.8  999.9    72.0*   51.4*  0.43F 999.9  010000 
127720 99999  19870928    51.8  8    44.7  8  1019.1  8  9999.9  0    3.5  8    1.0  8    3.9  999.9    60.8    45.0*  0.02E 999.9  000000 
127720 99999  19870929    49.7  8    41.0  8  1021.5  8  9999.9  0    4.9  8    1.0  8    1.9  999.9    55.9    44.6   0.00E 999.9  010000 
127720 99999  19870930    46.0  8    38.5  8  1024.7  8  9999.9  0    4.3  8    1.7  8    3.9  999.9    59.2    35.8   0.08E 999.9  000000 
127720 99999  19871001    46.9  8    38.6  8  1028.8  8  9999.9  0    6.5  8    3.3  7    5.8  999.9    59.4    33.4   0.00D 999.9  000000 
127720 99999  19871002    50.9  8    41.7  8  1033.4  8  9999.9  0    5.8  8    1.9  8    3.9  999.9    59.4    43.5   0.00D 999.9  000000 
127720 99999  19871003    47.4  8    38.5  8  1035.7  8  9999.9  0    4.7  8    1.2  8    3.9  999.9    60.6    36.9   0.00D 999.9  000000 
127720 99999  19871004    43.0  8    35.3  8  1032.2  8  9999.9  0    3.7  8    1.0  8    3.9  999.9    63.5*   30.2   0.00D 999.9  000000 
127720 99999  19871005    45.5  8    36.8  8  1028.1  8  9999.9  0    2.9  8    0.7  8    3.9  999.9    62.8    32.0   0.00D 999.9  000000 
127720 99999  19871006    50.9  8    39.6  8  1020.5  8  9999.9  0    3.5  8    1.5  8    3.9  999.9    70.7    34.0   0.00D 999.9  000000 
127720 99999  19871007    55.9  8    48.0  8  1016.9  8  9999.9  0    4.0  8    1.7  8    3.9  999.9    65.3    48.2   0.00E 999.9  000000 
127720 99999  19871008    58.9  8    49.8  8  1012.6  8  9999.9  0    4.7  8    3.6  8    5.8  999.9    71.4    50.4   0.01E 999.9  010000 
127720 99999  19871009    55.4  8    51.2  8  1019.4  8  9999.9  0    1.6  8    1.0  8    1.9  999.9    64.6    46.9*  0.02E 999.9  010000 
127720 99999  19871010    55.6  8    51.4  8  1022.2  8  9999.9  0    1.5  8    0.2  8    1.9  999.9    68.0    44.6   0.00D 999.9  100000 
127720 99999  19871011    59.7  8    51.3  8  1016.9  8  9999.9  0    3.7  8    1.0  8    3.9  999.9    73.4    51.8   0.00D 999.9  000000 
127720 99999  19871012    56.9  8    48.7  8  1009.4  8  9999.9  0    2.3  8    0.2  8    1.9  999.9    68.0    43.7   0.00D 999.9  110000 
127720 99999  19871013    55.3  8    53.2  8  1009.3  8  9999.9  0    1.3  8    1.9  8    3.9  999.9    58.5    52.2*  0.28F 999.9  010000 
127720 99999  19871014    52.3  8    50.7  8  1013.9  8  9999.9  0    1.5  8    0.0  8  999.9  999.9    54.7    50.0   0.28F 999.9  010000 
127720 99999  19871015    53.8  8    49.4  8  1018.2  8  9999.9  0    1.2  8    1.2  8    3.9  999.9    62.1    48.7   0.00D 999.9  100000 
127720 99999  19871016    59.0  8    51.4  8  1017.9  8  9999.9  0    3.4  8    1.9  8    5.8  999.9    70.9    50.0   0.00D 999.9  000000 
127720 99999  19871017    57.6  8    49.9  8  1019.5  8  9999.9  0    4.0  8    0.2  8    1.9  999.9    70.7    47.8   0.00D 999.9  000000 
127720 99999  19871018    55.0  8    48.7  8  1019.3  8  9999.9  0    2.3  8    0.2  8    1.9  999.9    66.6    45.3   0.00D 999.9  000000 
127720 99999  19871019    52.1  8    48.1  8  1022.3  8  9999.9  0    1.4  8    1.0  8    3.9  999.9    57.2    47.5   0.02E 999.9  010000 
127720 99999  19871020    50.7  8    49.2  8  1023.7  8  9999.9  0    1.0  8    0.0  8  999.9  999.9    52.9    48.2   0.11F 999.9  110000 
127720 99999  19871021    50.0  8    47.1  8  1022.8  8  9999.9  0    1.3  8    0.0  8  999.9  999.9    59.9    42.8   0.00D 999.9  100000 
127720 99999  19871022    52.0  8    46.4  8  1022.8  8  9999.9  0    2.1  8    0.0  8  999.9  999.9    61.5    46.6   0.00D 999.9  000000 
127720 99999  19871023    50.6  8    44.8  8  1024.1  8  9999.9  0    2.0  8    0.0  8  999.9  999.9    61.2    44.2   0.00D 999.9  000000 
127720 99999  19871024    50.1  9    47.1  9  1025.7  9  9999.9  0    1.3  9    0.0  9  999.9  999.9    57.4    46.4   0.02F 999.9  010000 
127720 99999  19871025    49.1  8    46.6  8  1027.2  8  9999.9  0    0.9  8    0.5  8    3.9  999.9    52.9    47.5*  0.03E 999.9  010000 
127720 99999  19871026    48.2  8    38.5  8  1030.3  8  9999.9  0    6.0  8    2.4  8    5.8  999.9    55.9    41.5*  0.00D 999.9  000000 
127720 99999  19871027    41.5  8    32.0  8  1034.2  8  9999.9  0    4.2  8    1.2  8    3.9  999.9    54.5    31.3   0.00D 999.9  000000 
127720 99999  19871028    36.7  8    26.3  8  1036.6  8  9999.9  0    5.5  8    1.2  8    5.8  999.9    47.3    29.3   0.00D 999.9  000000 
127720 99999  19871029    33.6  8    23.1  8  1034.3  8  9999.9  0    6.7  8    0.3  7    1.9  999.9    50.5    21.2   0.00D 999.9  000000 
127720 99999  19871030    30.9  7    20.9  7  1028.8  7  9999.9  0    7.5  7    0.0  6  999.9  999.9    51.4    20.7   0.00D 999.9  000000 
127720 99999  19871031    33.6  8    24.8  8  1026.3  8  9999.9  0    3.1  8    0.0  8  999.9  999.9    50.0    20.8   0.00D 999.9  000000 
127720 99999  19880921    57.8  7    53.5  7  1020.5  7  9999.9  0    1.4  7    1.4  7    1.9  999.9    63.5    53.8*  0.12C 999.9  010000 
127720 99999  19880922    58.6  8    53.6  8  1016.7  8  9999.9  0    1.8  8    0.7  8    1.9  999.9    68.4    52.3   0.00D 999.9  000000 
127720 99999  19880923    56.4  8    52.0  8  1015.7  8  9999.9  0    0.9  8    1.0  8    1.9  999.9    66.0    48.2   0.00D 999.9  100000 
127720 99999  19880924    60.6  8    52.6  8  1016.2  8  9999.9  0    3.8  8    2.9  8    5.8  999.9    72.3    48.4   0.00D 999.9  100000 
127720 99999  19880925    61.1  7    50.1  7  1019.6  7  9999.9  0   14.7  7    3.1  7    7.8  999.9    68.4    49.1   0.00D 999.9  000000 
127720 99999  19880926    58.8  7    52.5  7  1024.1  7  9999.9  0    7.5  7    1.7  7    3.9  999.9    70.9    46.4   0.00C 999.9  000000 
127720 99999  19880927    61.6  8    55.6  8  1022.9  8  9999.9  0    2.9  8    0.2  8    1.9  999.9    76.3    51.8   0.00D 999.9  000000 
127720 99999  19880928    59.7  7    54.5  7  1021.3  6  9999.9  0    1.9  7    0.6  7    1.9  999.9    75.4    49.3*  0.00C 999.9  100000 
127720 99999  19880929    58.4  8    52.3  8  1020.3  8  9999.9  0    2.8  8    1.5  8    3.9  999.9    76.3    46.8   0.00D 999.9  100000 
127720 99999  19880930    58.3  8    52.7  8  1021.4  8  9999.9  0    0.8  8    1.0  8    1.9  999.9    74.8    46.2   0.00D 999.9  100000 
127720 99999  19881001    57.6  8    51.5  8  1027.0  8  9999.9  0    1.6  8    2.2  8    3.9  999.9    71.4    47.8   0.00D 999.9  100000 
127720 99999  19881002    55.3  8    45.2  8  1031.2  8  9999.9  0    9.8  8    3.2  8    5.8  999.9    66.6    49.3*  0.00D 999.9  000000 
127720 99999  19881003    52.0  7    40.8  7  1030.6  7  9999.9  0   12.1  7    2.8  7    3.9  999.9    63.0    41.0   0.00D 999.9  000000 
127720 99999  19881004    50.6  9    42.0  9  1026.4  9  9999.9  0    5.7  9    1.3  9    3.9  999.9    66.4    35.6   0.00D 999.9  000000 
127720 99999  19881005    50.7  8    43.8  8  1021.0  8  9999.9  0    2.5  8    0.7  8    1.9  999.9    65.8    41.0   0.00D 999.9  100000 
127720 99999  19881006    50.3  8    46.2  8  1013.0  8  9999.9  0    2.5  8    1.7  8    3.9  999.9    58.6    43.2   0.12E 999.9  010000 
127720 99999  19881007    50.0  8    47.7  8  1007.0  8  9999.9  0    1.0  8    2.7  8    5.8  999.9    60.6    41.0   0.12E 999.9  110000 
127720 99999  19881008    52.4  7    39.3  7  1007.2  7  9999.9  0   13.8  7    4.7  7    7.8  999.9    58.5    46.6*  0.04E 999.9  000000 
127720 99999  19881009    51.3  8    40.3  8  1018.2  8  9999.9  0   14.8  8    3.6  8    5.8  999.9    63.7    40.6   0.00D 999.9  000000 
127720 99999  19881010    51.7  8    43.5  8  1019.0  8  9999.9  0    6.4  8    2.4  8    5.8  999.9    63.7    37.2   0.00D 999.9  000000 
127720 99999  19881011    55.2  8    47.4  8  1020.1  8  9999.9  0    6.8  8    0.7  8    1.9  999.9    68.5    45.3   0.00D 999.9  000000 
127720 99999  19881012    56.6  6    50.1  6  1020.2  6  9999.9  0    2.6  6    0.6  6    5.8  999.9    68.4    43.7*  0.00C 999.9  000000 
127720 99999  19881013    54.6  8    49.3  8  1021.7  8  9999.9  0    1.7  8    0.6  7    1.9  999.9    69.6    41.0   0.00D 999.9  100000 
127720 99999  19881014    55.0  8    50.0  8  1025.7  8  9999.9  0    1.4  8    0.6  7    1.9  999.9    71.2    44.2   0.00D 999.9  100000 
127720 99999  19881015    51.7  8    46.7  8  1028.2  8  9999.9  0    1.1  8    0.8  7    1.9  999.9    65.3*   43.3   0.00D 999.9  100000 
127720 99999  19881016    51.3  7    45.4  7  1029.5  7  9999.9  0    1.3  7    0.3  7    1.9  999.9    68.0    39.4   0.00D 999.9  100000 
127720 99999  19881017    48.1  7    44.1  7  1027.3  7  9999.9  0    0.8  7    0.3  7    1.9  999.9    63.5    39.2   0.00D 999.9  100000 
127720 99999  19881018    47.8  8    43.6  8  1019.1  8  9999.9  0    1.0  8    2.2  8   13.6  999.9    59.4    36.5   0.00D 999.9  100000 
127720 99999  19881019    47.4  8    39.1  7  1018.3  8  9999.9  0    1.9  8    2.7  8    3.9  999.9    59.2    40.6   0.00D 999.9  000000 
127720 99999  19881020    47.3  7    39.7  7  1023.3  7  9999.9  0    2.8  7    1.1  7    5.8  999.9    61.3    32.7   0.00D 999.9  000000 
127720 99999  19881021    46.2  8    38.1  8  1026.6  8  9999.9  0    5.0  8    1.7  8    3.9  999.9    60.3    35.6   0.00D 999.9  000000 
127720 99999  19881022    40.8  7    35.3  7  1026.4  7  9999.9  0    1.2  7    1.1  7    1.9  999.9    54.5    30.7*  0.00C 999.9  000000 
127720 99999  19881023    39.8  8    37.4  8  1022.7  8  9999.9  0    0.5  8    0.5  8    1.9  999.9    48.6    29.8   0.00D 999.9  100000 
127720 99999  19881024    45.1  6    42.3  6  1017.9  6  9999.9  0    0.7  6    0.0  6  999.9  999.9    51.1    40.1*  0.00D 999.9  100000 
127720 99999  19881025    41.4  7    34.2  7  1023.2  7  9999.9  0    4.0  7    3.6  7    7.8  999.9    47.7    36.9*  0.00E 999.9  110000 
127720 99999  19881026    34.9  7    23.0  7  1033.0  7  9999.9  0   17.8  7    2.8  7    5.8  999.9    46.8    25.9*  0.00C 999.9  000000 
127720 99999  19881027    31.0  7    23.8  7  1032.6  7  9999.9  0    5.6  7    1.4  7    5.8  999.9    45.5    20.1   0.00D 999.9  000000 
127720 99999  19881028    33.9  7    24.6  7  1028.4  7  9999.9  0    2.1  7    1.4  7    3.9  999.9    51.6    21.2   0.00D 999.9  000000 
127720 99999  19881029    35.6  8    29.6  8  1021.9  8  9999.9  0    1.3  8    0.7  8    1.9  999.9    45.0    26.6   0.00D 999.9  000000 
127720 99999  19881030    36.4  7    31.0  7  1023.0  7  9999.9  0    3.6  7    1.4  7    1.9  999.9    46.6    27.0*  0.01E 999.9  010000 
127720 99999  19881031    33.1  6    29.2  6  1022.6  6  9999.9  0    2.0  6    1.6  6    1.9  999.9    39.4*   28.8*  0.02E 999.9  011000 





























































































































































































































































































































































































































































































































































































































































































































































































































































































