127720 99999  19860816    70.1  8    54.5  8  1017.4  8  9999.9  0    4.3  8    0.7  8    1.9  999.9    84.6    52.2   0.00D 999.9  000000 
127720 99999  19860817    75.2  8    57.9  8  1014.9  8  9999.9  0    4.7  8    2.9  8    7.8  999.9    88.2    57.2   0.00D 999.9  000000 
127720 99999  19860818    75.5  8    60.9  8  1009.3  8  9999.9  0    5.4  8    2.9  8    7.8  999.9    90.0    58.1   0.00D 999.9  000000 
127720 99999  19860819    71.8  8    65.2  8  1008.0  8  9999.9  0    4.6  8    0.5  8    1.9  999.9    84.0    64.4   0.16F 999.9  010010 
127720 99999  19860820    67.9  9    57.3  9  1011.0  9  9999.9  0    8.1  9    3.9  9    7.8  999.9    77.0    61.3*  0.12E 999.9  010000 
127720 99999  19860821    62.2  8    46.4  8  1016.4  8  9999.9  0   15.5  8    3.2  8    7.8  999.9    72.7    49.1   0.00D 999.9  000000 
127720 99999  19860822    61.2  8    47.5  8  1015.5  8  9999.9  0    7.1  8    2.9  8    7.8  999.9    75.2    41.0   0.00D 999.9  000000 
127720 99999  19860823    68.2  8    54.4  8  1006.9  8  9999.9  0    5.8  8    3.4  8    7.8  999.9    85.1    50.0   0.00E 999.9  010000 
127720 99999  19860824    65.2  8    54.2  8  1008.7  8  9999.9  0   10.2  8    2.4  8    5.8  999.9    73.2    59.0   0.12E 999.9  000010 
127720 99999  19860825    62.1  8    56.0  8  1011.5  8  9999.9  0    4.9  8    1.9  8    3.9  999.9    70.7    57.2   0.24F 999.9  010000 
127720 99999  19860826    62.8  8    52.7  8  1015.7  8  9999.9  0    5.0  8    0.7  8    3.9  999.9    72.5    55.8   0.02E 999.9  010000 
127720 99999  19860827    65.8  8    55.4  8  1010.9  8  9999.9  0    4.8  8    1.5  8    5.8  999.9    79.0    48.2   0.00D 999.9  000000 
127720 99999  19860828    69.6  9    60.4  9  1010.5  9  9999.9  0    3.6  9    1.1  9    5.8  999.9    83.1    57.2   0.00D 999.9  000000 
127720 99999  19860829    66.9  7    59.7  7  1010.5  7  9999.9  0    3.6  7    1.9  7    3.9  999.9    79.7    58.8*  0.08E 999.9  010000 
127720 99999  19860830    57.0  8    52.9  8  1016.0  8  9999.9  0    2.1  8    0.7  8    1.9  999.9    61.2    50.2*  0.08F 999.9  010000 
127720 99999  19860831    55.1  8    46.5  8  1018.2  8  9999.9  0    9.9  8    3.6  8    7.8  999.9    70.9    43.3   0.00D 999.9  000000 
127720 99999  19860901    57.6  8    46.4  8  1019.6  8  9999.9  0   10.6  8    1.5  8    3.9  999.9    70.2    43.0   0.00D 999.9  000000 
127720 99999  19860902    58.7  9    47.6  9  1019.2  9  9999.9  0    8.9  9    1.1  9    1.9  999.9    70.7    49.3   0.00D 999.9  000000 
127720 99999  19860903    64.0  8    50.4  8  1017.8  8  9999.9  0    6.6  8    2.2  8    5.8  999.9    76.3    47.3   0.00D 999.9  000000 
127720 99999  19860904    60.0  8    47.4  8  1015.9  8  9999.9  0   11.0  8    3.2  8    5.8  999.9    71.6    50.4   0.00D 999.9  000000 
127720 99999  19860905    54.9  8    43.6  8  1024.3  8  9999.9  0    8.7  8    0.7  8    1.9  999.9    70.2    38.8   0.00D 999.9  000000 
127720 99999  19860906    57.5  8    45.6  8  1021.7  8  9999.9  0    4.6  8    1.0  8    3.9  999.9    74.5    39.9   0.00D 999.9  000000 
127720 99999  19860907    61.9  8    47.8  8  1016.0  8  9999.9  0    3.5  8    1.5  8    3.9  999.9    77.0    41.7   0.00D 999.9  000000 
127720 99999  19860908    61.0  8    50.8  8  1016.1  8  9999.9  0    4.3  8    2.4  8    9.7  999.9    76.6    43.3   0.00D 999.9  000000 
127720 99999  19860909    60.6  7    50.2  7  1015.1  7  9999.9  0    3.6  7    1.7  7    5.8  999.9    75.6    46.8   0.00D 999.9  000000 
127720 99999  19860910    63.5  8    52.0  8  1014.4  8  9999.9  0    4.1  8    1.5  8    3.9  999.9    77.2    51.4*  0.00D 999.9  000000 
127720 99999  19860911    60.9  8    54.6  8  1018.1  8  9999.9  0    3.4  8    0.7  8    1.9  999.9    68.0    54.1*  0.01E 999.9  000000 
127720 99999  19860912    61.0  7    51.7  7  1017.9  7  9999.9  0    3.4  7    0.8  7    3.9  999.9    77.7    45.3   0.00D 999.9  000000 
127720 99999  19860913    66.4  8    56.0  8  1014.1  8  9999.9  0    4.0  8    1.0  8    5.8  999.9    79.9    52.9   0.00D 999.9  000000 
127720 99999  19860914    66.2  8    57.3  8  1016.4  8  9999.9  0    3.2  8    1.0  8    5.8  999.9    81.5    52.7   0.00D 999.9  000000 
127720 99999  19860915    68.0  8    57.6  8  1015.1  8  9999.9  0    3.9  8    1.5  8    3.9  999.9    84.2    52.2   0.00D 999.9  000000 
127720 99999  19860916    68.2  7    59.0  7  1012.8  7  9999.9  0    3.9  7    1.4  7    3.9  999.9    84.6    55.8   0.00D 999.9  000000 
127720 99999  19860917    69.5  8    58.0  8  1013.3  8  9999.9  0    4.3  8    1.5  8    5.8  999.9    85.3    53.2   0.00D 999.9  000000 
127720 99999  19860918    67.3  8    59.4  8  1015.9  8  9999.9  0    3.3  8    1.2  8    3.9  999.9    84.9    55.4   0.00D 999.9  000000 
127720 99999  19860919    56.0  8    41.5  8  1031.2  8  9999.9  0   15.8  8    4.1  8    7.8  999.9    66.2    46.8*  0.01E 999.9  000000 
127720 99999  19860920    51.2  8    39.5  8  1032.0  8  9999.9  0    4.7  8    0.5  8    1.9  999.9    69.8    34.5   0.00D 999.9  000000 
127720 99999  19870816    60.1  8    49.2  8  1014.2  8  9999.9  0   10.6  8    2.2  8    7.8  999.9    73.2    45.5   0.00D 999.9  000000 
127720 99999  19870817    60.6  8    49.1  8  1016.9  8  9999.9  0    5.9  8    1.0  8    1.9  999.9    75.6    43.5   0.00D 999.9  000000 
127720 99999  19870818    67.7  8    57.5  8  1014.5  8  9999.9  0    3.7  8    1.2  8    1.9  999.9    79.3    53.6   0.00D 999.9  000000 
127720 99999  19870819    68.4  6    62.9  6  1012.3  6  9999.9  0    5.0  6    2.3  6    3.9  999.9    74.1*   62.6   0.04E 999.9  010000 
127720 99999  19870820    66.2  7    59.5  7  1017.7  7  9999.9  0    5.1  7    1.9  7    3.9  999.9    77.7    60.1   0.00F 999.9  010000 
127720 99999  19870821    66.1  8    54.5  8  1020.5  8  9999.9  0    7.7  8    4.1  8    7.8  999.9    76.6    57.2   0.00D 999.9  000000 
127720 99999  19870822    62.3  8    50.1  8  1019.3  8  9999.9  0    9.1  8    1.5  8    3.9  999.9    76.3    49.3   0.00D 999.9  000000 
127720 99999  19870823    63.0  8    52.2  8  1018.3  8  9999.9  0    5.1  8    1.2  8    3.9  999.9    79.2    45.5   0.00D 999.9  000000 
127720 99999  19870824    66.5  8    55.0  8  1017.9  8  9999.9  0    4.5  8    1.0  8    5.8  999.9    82.0    49.3   0.00D 999.9  000000 
127720 99999  19870825    68.2  8    56.0  8  1014.8  7  9999.9  0    5.2  8    1.9  8    5.8  999.9    85.6    50.2   0.00D 999.9  000000 
127720 99999  19870826    67.2  8    60.4  8  1014.8  8  9999.9  0    5.3  8    1.2  8    5.8  999.9    77.4    59.0   0.16F 999.9  010010 
127720 99999  19870827    68.1  8    59.1  8  1016.0  7  9999.9  0    3.4  8    1.0  8    3.9  999.9    80.6    54.3   0.00D 999.9  000000 
127720 99999  19870828    66.8  7    56.0  7  1013.7  7  9999.9  0    7.1  7    2.2  7    7.8  999.9    75.7    56.1   0.00D 999.9  000000 
127720 99999  19870829    63.2  8    52.0  8  1017.5  8  9999.9  0    8.9  8    2.7  8    5.8  999.9    74.3    51.8   0.00D 999.9  000000 
127720 99999  19870830    63.0  8    52.4  8  1018.0  8  9999.9  0    6.7  8    0.7  8    1.9  999.9    78.8    48.7   0.00D 999.9  000000 
127720 99999  19870831    63.0  8    51.0  8  1016.6  8  9999.9  0    6.5  8    1.7  8    3.9  999.9    79.9    47.1   0.00D 999.9  000000 
127720 99999  19870901    62.4  8    49.1  8  1020.0  8  9999.9  0   10.5  8    1.0  8    1.9  999.9    75.0    50.9   0.00D 999.9  000000 
127720 99999  19870902    61.5  8    50.2  8  1018.4  8  9999.9  0    4.4  8    0.5  8    1.9  999.9    79.9    43.0   0.00D 999.9  000000 
127720 99999  19870903    64.4  8    54.7  8  1016.8  8  9999.9  0    3.7  8    0.5  8    1.9  999.9    80.6    50.0   0.00D 999.9  000000 
127720 99999  19870904    67.8  8    58.1  8  1015.8  8  9999.9  0    2.6  8    0.5  8    1.9  999.9    83.5    52.7   0.00D 999.9  000000 
127720 99999  19870905    69.6  8    58.3  8  1016.4  8  9999.9  0    2.9  8    1.0  8    1.9  999.9    81.9    60.4   0.00D 999.9  000000 
127720 99999  19870906    69.1  7    57.9  7  1015.4  7  9999.9  0    3.2  7    1.4  7    3.9  999.9    82.6    51.3   0.00D 999.9  000000 
127720 99999  19870907    67.9  7    56.8  7  1017.6  7  9999.9  0    4.2  7    0.3  7    1.9  999.9    77.4    60.1   0.00D 999.9  000000 
127720 99999  19870908    63.9  8    56.6  8  1016.6  8  9999.9  0    6.3  8    1.7  8    3.9  999.9    77.4    56.5*  0.12E 999.9  010000 
127720 99999  19870909    58.2  8    50.5  8  1020.5  8  9999.9  0    5.8  8    0.2  8    1.9  999.9    71.1    47.8   0.00D 999.9  100000 
127720 99999  19870910    58.3  8    47.5  8  1021.1  8  9999.9  0    3.2  8    0.7  8    3.9  999.9    76.1    43.5   0.00D 999.9  000000 
127720 99999  19870911    62.7  7    54.0  7  1018.5  7  9999.9  0    3.4  7    1.4  7    3.9  999.9    76.6    50.0   0.00D 999.9  000000 
127720 99999  19870912    64.4  8    54.7  8  1018.7  8  9999.9  0    7.7  8    1.9  8    5.8  999.9    77.9    48.0   0.00D 999.9  000000 
127720 99999  19870913    70.5  8    57.0  8  1016.4  8  9999.9  0    9.2  8    1.7  8    5.8  999.9    86.9    53.6   0.00D 999.9  000000 
127720 99999  19870914    74.1  7    57.5  7  1016.4  7  9999.9  0    8.6  7    3.3  7    7.8  999.9    89.6*   55.6   0.00C 999.9  000000 
127720 99999  19870915    74.1  8    56.4  8  1018.0  8  9999.9  0   13.6  8    4.4  8    5.8  999.9    84.9    62.2*  0.00D 999.9  000000 
127720 99999  19870916    61.5  8    50.1  8  1024.8  8  9999.9  0    6.9  8    1.2  8    3.9  999.9    75.9    48.6   0.00D 999.9  000000 
127720 99999  19870917    61.8  7    49.5  7  1025.9  7  9999.9  0    5.2  7    0.3  7    1.9  999.9    72.9    50.4   0.00D 999.9  000000 
127720 99999  19870918    62.5  8    53.1  8  1021.5  8  9999.9  0    2.8  8    1.5  8    3.9  999.9    74.8    51.8   0.00D 999.9  000000 
127720 99999  19870919    63.7  8    56.6  8  1020.7  8  9999.9  0    3.1  8    1.0  8    3.9  999.9    73.4    54.7   0.16E 999.9  010000 
127720 99999  19870920    67.5  8    59.5  8  1014.2  8  9999.9  0    4.7  8    2.7  8    9.7  999.9    84.0    59.0   0.10F 999.9  010000 
127720 99999  19880816    70.3  8    64.7  8  1013.9  8  9999.9  0    2.2  8    0.2  8    1.9  999.9    87.1    63.7   0.91E 999.9  010010 
127720 99999  19880817    67.3  8    60.5  8  1015.4  8  9999.9  0    3.5  8    1.7  8    5.8  999.9    74.3    59.4   0.02F 999.9  010000 
127720 99999  19880818    64.4  8    55.2  8  1018.4  8  9999.9  0    3.5  8    1.2  8    1.9  999.9    77.4    52.5   0.00D 999.9  100000 
127720 99999  19880819    66.4  8    54.0  8  1016.6  8  9999.9  0    3.7  8    1.2  8    3.9  999.9    82.4    50.4   0.00D 999.9  000000 
127720 99999  19880820    68.7  7    56.7  7  1012.2  7  9999.9  0    7.9  7    2.5  7    7.8  999.9    88.0    51.4   0.00D 999.9  000000 
127720 99999  19880821    67.7  8    61.2  8  1011.3  8  9999.9  0    3.6  8    2.4  8    5.8  999.9    81.0    63.3*  1.10E 999.9  010000 
127720 99999  19880822    66.1  9    62.1  9  1012.2  9  9999.9  0    1.9  8    1.3  9    3.9  999.9    75.2    59.4   0.13F 999.9  010000 
127720 99999  19880823    61.4  8    59.8  8  1009.2  8  9999.9  0    3.7  8    1.9  8    3.9  999.9    63.0    59.9*  1.27F 999.9  010000 
127720 99999  19880824    59.7  8    55.0  8  1011.8  8  9999.9  0    4.2  8    0.7  8    1.9  999.9    63.3    56.7   0.79F 999.9  010000 
127720 99999  19880825    61.5  8    53.8  8  1008.3  8  9999.9  0    5.2  8    1.5  8    3.9  999.9    71.6    54.0   0.00D 999.9  000000 
127720 99999  19880826    57.0  8    53.2  8  1009.6  8  9999.9  0    5.1  8    1.9  8    3.9  999.9    64.8    51.3   0.79F 999.9  010000 
127720 99999  19880827    59.1  9    48.9  9  1013.8  9  9999.9  0   11.9  9    4.7  9    7.8  999.9    69.1    50.5*  0.16E 999.9  000010 
127720 99999  19880828    57.5  8    49.7  8  1017.2  8  9999.9  0    5.6  8    1.2  8    1.9  999.9    72.3    43.0   0.00D 999.9  000000 
127720 99999  19880829    61.6  8    53.2  8  1011.9  8  9999.9  0    5.1  8    1.9  8    5.8  999.9    77.9    46.8   0.00D 999.9  000000 
127720 99999  19880830    65.5  7    57.2  7  1012.7  7  9999.9  0    3.6  7    1.7  7    3.9  999.9    75.2    51.8   0.00E 999.9  000000 
127720 99999  19880831    64.5  8    54.5  8  1019.1  8  9999.9  0   10.6  8    1.7  8    3.9  999.9    76.5    55.4   0.00D 999.9  000000 
127720 99999  19880901    64.7  7    54.8  7  1016.0  7  9999.9  0    4.5  7    1.7  7    1.9  999.9    79.2    50.9   0.00D 999.9  000000 
127720 99999  19880902    67.7  7    60.1  7  1003.4  7  9999.9  0    2.0  7    2.8  7    3.9  999.9    77.4*   53.6   0.00D 999.9  010110 
127720 99999  19880903    63.1  7    50.1  7  1006.9  7  9999.9  0   15.6  7    3.9  7    5.8  999.9    69.8    54.7*  0.01E 999.9  000010 
127720 99999  19880904    59.0  7    52.7  7  1016.9  7  9999.9  0    5.6  7    2.2  7    5.8  999.9    70.0    47.3   0.00E 999.9  010000 
127720 99999  19880905    62.8  8    55.9  8  1020.9  8  9999.9  0    5.3  8    1.9  8    1.9  999.9    73.4    52.2   0.00D 999.9  000000 
127720 99999  19880906    59.5  8    55.9  8  1016.6  8  9999.9  0    3.5  8    2.2  8    3.9  999.9    67.5    55.6*  0.24F 999.9  010010 
127720 99999  19880907    58.1  8    49.3  8  1018.2  8  9999.9  0    8.5  8    4.6  8    7.8  999.9    64.6    52.0   0.00D 999.9  010000 
127720 99999  19880908    59.9  8    49.0  8  1017.6  8  9999.9  0    9.6  8    7.8  8   15.5  999.9    67.5    53.2*  0.00E 999.9  000000 
127720 99999  19880909    58.1  8    49.3  8  1019.3  8  9999.9  0    8.0  8    1.5  8    3.9  999.9    68.2    49.3   0.00D 999.9  000000 
127720 99999  19880910    57.5  8    49.7  8  1022.5  8  9999.9  0    4.2  8    1.7  8    1.9  999.9    70.2    44.8   0.00D 999.9  100000 
127720 99999  19880911    59.7  8    50.9  8  1022.2  8  9999.9  0    3.4  8    1.2  8    1.9  999.9    74.8    43.7   0.00D 999.9  100000 
127720 99999  19880912    60.0  8    53.4  8  1015.3  8  9999.9  0    2.3  8    0.2  8    1.9  999.9    75.2    46.4   0.00D 999.9  000000 
127720 99999  19880913    59.4  8    57.0  8  1009.9  8  9999.9  0    1.7  8    1.5  8    1.9  999.9    62.1    57.2*  0.47F 999.9  010000 
127720 99999  19880914    55.6  8    52.5  8  1010.7  8  9999.9  0    2.2  8    1.7  8    1.9  999.9    58.5    53.6   0.69F 999.9  010000 
127720 99999  19880915    54.5  8    51.5  8  1014.6  8  9999.9  0    4.9  8    2.7  8    5.8  999.9    57.7    52.0   0.24F 999.9  010000 
127720 99999  19880916    56.3  8    52.2  8  1012.6  8  9999.9  0    2.4  8    1.7  8    3.9  999.9    59.9    54.1*  0.28E 999.9  010000 
127720 99999  19880917    56.3  8    49.8  8  1015.4  8  9999.9  0    2.8  8    1.0  8    1.9  999.9    64.6    50.0   0.00D 999.9  000000 
127720 99999  19880918    56.9  7    49.0  7  1016.5  7  9999.9  0    5.4  7    1.7  7    3.9  999.9    67.3    43.7   0.00D 999.9  100000 
127720 99999  19880919    55.6  7    50.1  7  1024.7  7  9999.9  0    5.1  7    0.8  7    1.9  999.9    69.4    48.9   0.00D 999.9  000000 
127720 99999  19880920    58.1  7    52.5  7  1025.4  7  9999.9  0    3.9  7    1.7  7    3.9  999.9    68.2    45.3   0.00H 999.9  010000 




















































































































































































































































































































































































































































































































































































































































































































































































