0,502727272727273 0,632631578947367 0,184 0,353174603174603 0,567460317460317 -1 -1 -1 -1 -1 -1 
0,464545454545455 0,745263157894736 -0,632 0,337301587301587 0,551587301587302 -1 -1 -1 -1 -1 -1 
0,48 0,702105263157895 -0,336 0,335714285714286 0,55 -1 -1 -1 -1 -1 -1 
0,553636363636364 0,678947368421053 -0,608 0,418253968253968 0,632539682539683 -1 1 1 -1 -1 -1 
0,58 0,666315789473684 -0,592 0,43015873015873 0,644444444444444 -1 1 1 -1 -1 -1 
0,582727272727273 0,654736842105264 -0,808 0,434126984126984 0,648412698412698 -0,984 1 1 -1 -1 -1 
0,571818181818182 0,645263157894736 -0,472 0,432539682539683 0,646825396825397 -1 1 1 -1 -1 -1 
0,59 0,62 -0,136 0,435714285714286 0,65 -0,972 1 1 -1 -1 -1 
0,589090909090909 0,627368421052631 -0,2 0,446031746031746 0,66031746031746 -0,992 1 1 -1 -1 -1 
0,583636363636364 0,642105263157895 -0,128 0,451587301587302 0,665873015873016 -0,992 -1 1 -1 -1 -1 
0,665454545454546 0,457894736842105 -0,416 0,518253968253968 0,732539682539682 -0,964 -1 1 -1 -1 -1 
0,647272727272727 0,510526315789474 -0,336 0,496825396825397 0,711111111111111 -0,984 -1 1 -1 -1 -1 
0,614545454545455 0,570526315789474 -0,28 0,453174603174603 0,667460317460317 -0,992 -1 1 -1 -1 -1 
0,571818181818182 0,583157894736842 -0,456 0,41031746031746 0,624603174603175 -1 -1 -1 -1 -1 -1 
0,631818181818182 0,531578947368421 0,144 0,48015873015873 0,694444444444444 -0,996 -1 1 -1 -1 -1 
0,564545454545455 0,585263157894737 -0,184 0,41984126984127 0,634126984126984 -0,968 1 -1 -1 -1 -1 
0,572727272727273 0,552631578947368 0,344 0,432539682539683 0,646825396825397 -1 -1 -1 -1 -1 -1 
0,63 0,486315789473685 0,128 0,462698412698413 0,676984126984127 -0,904 -1 1 -1 -1 -1 
0,636363636363636 0,532631578947369 -0,336 0,471428571428571 0,685714285714286 -0,996 -1 -1 -1 -1 -1 
0,647272727272727 0,552631578947368 -0,224 0,498412698412698 0,712698412698413 -1 -1 1 -1 -1 -1 
0,438181818181818 0,683157894736843 -0,688 0,317460317460317 0,531746031746032 -1 -1 -1 -1 -1 -1 
0,526363636363636 0,624210526315789 -0,112 0,391269841269841 0,605555555555556 -1 -1 -1 -1 -1 -1 
0,646363636363636 0,486315789473685 -0,2 0,458730158730159 0,673015873015873 -1 1 1 -1 -1 -1 
0,628181818181818 0,486315789473685 -0,648 0,471428571428571 0,685714285714286 -0,996 1 -1 -1 -1 -1 
0,596363636363636 0,484210526315789 -0,6 0,43968253968254 0,653968253968254 -1 1 -1 -1 -1 -1 
0,533636363636364 0,522105263157895 -0,336 0,424603174603175 0,638888888888889 -0,996 -1 -1 -1 -1 -1 
0,602727272727273 0,461052631578947 -0,088 0,437301587301587 0,651587301587301 -0,992 -1 1 -1 -1 -1 
0,695454545454545 0,446315789473684 0,00800000000000001 0,505555555555556 0,71984126984127 -0,984 -1 1 -1 -1 -1 
0,722727272727273 0,482105263157894 -0,144 0,56984126984127 0,784126984126984 -0,992 -1 1 -1 -1 -1 
0,715454545454545 0,492631578947368 -0,36 0,546825396825397 0,761111111111111 -1 1 -1 -1 -1 -1 
0,564545454545455 0,635789473684211 -0,168 0,391269841269841 0,605555555555556 -0,968 -1 1 -1 -1 -1 
0,601818181818182 0,635789473684211 -0,664 0,441269841269841 0,655555555555556 -1 1 -1 -1 -1 -1 
0,63 0,569473684210527 0,0880000000000001 0,481746031746032 0,696031746031746 -0,996 -1 1 -1 -1 -1 
0,634545454545455 0,5 0,304 0,503174603174603 0,717460317460317 -1 -1 -1 -1 -1 -1 
0,647272727272727 0,538947368421053 -0,2 0,503968253968254 0,718253968253968 -0,92 -1 1 -1 -1 -1 
0,618181818181818 0,603157894736842 -0,144 0,468253968253968 0,682539682539683 -0,992 1 1 -1 -1 -1 
0,661818181818182 0,515789473684211 -0,24 0,476984126984127 0,691269841269841 -0,968 1 1 -1 -1 -1 
0,658181818181818 0,477894736842105 0,112 0,511111111111111 0,725396825396825 -0,996 -1 1 -1 -1 -1 
0,683636363636364 0,43578947368421 -0,128 0,507142857142857 0,721428571428571 -0,988 -1 1 -1 -1 -1 
0,632727272727273 0,376842105263157 0,00800000000000001 0,475396825396825 0,68968253968254 -0,984 -1 1 -1 -1 -1 
0,654545454545455 0,509473684210526 -0,472 0,53015873015873 0,744444444444444 -1 -1 1 -1 -1 -1 
0,68 0,496842105263158 -0,416 0,523015873015873 0,737301587301587 -0,968 1 1 -1 -1 -1 
0,662727272727273 0,54421052631579 -0,784 0,517460317460318 0,731746031746032 -0,952 1 1 -1 -1 -1 
0,657272727272727 0,563157894736842 -0,088 0,515873015873016 0,73015873015873 -1 -1 -1 -1 -1 -1 
0,639090909090909 0,524210526315789 0,144 0,511111111111111 0,725396825396825 -1 -1 1 -1 -1 -1 
0,516363636363636 0,510526315789474 -0,24 0,388888888888889 0,603174603174603 -0,936 -1 -1 1 -1 -1 
0,525454545454545 0,451578947368421 -0,536 0,387301587301587 0,601587301587302 -1 -1 -1 -1 -1 -1 
0,53 0,389473684210526 -0,736 0,396031746031746 0,61031746031746 -0,952 -1 -1 1 -1 -1 
0,507272727272727 0,412631578947369 -0,624 0,35 0,564285714285714 -0,984 -1 -1 1 -1 -1 
0,46 0,494736842105263 -0,464 0,317460317460317 0,531746031746032 -0,96 -1 -1 1 -1 -1 
0,500909090909091 0,623157894736843 -0,688 0,348412698412698 0,562698412698413 -1 -1 1 -1 -1 -1 
0,54 0,538947368421053 -0,288 0,405555555555556 0,61984126984127 -1 -1 1 1 -1 -1 
0,557272727272727 0,422105263157895 -0,024 0,41984126984127 0,634126984126984 -0,892 -1 -1 1 -1 -1 
0,571818181818182 0,418947368421052 -0,376 0,417460317460317 0,631746031746032 -0,968 -1 1 -1 -1 -1 
0,595454545454545 0,410526315789474 -0,0640000000000001 0,441269841269841 0,655555555555556 -0,928 -1 1 -1 -1 -1 
0,563636363636364 0,617894736842106 -0,632 0,414285714285714 0,628571428571429 -1 -1 -1 -1 -1 -1 
0,549090909090909 0,657894736842105 -0,448 0,396825396825397 0,611111111111111 -1 -1 -1 -1 -1 -1 
0,591818181818182 0,652631578947368 -0,536 0,442857142857143 0,657142857142857 -1 -1 -1 -1 -1 -1 
0,606363636363636 0,670526315789474 -0,536 0,43968253968254 0,653968253968254 -1 -1 -1 -1 -1 -1 
0,621818181818182 0,592631578947368 -0,32 0,464285714285714 0,678571428571429 -1 -1 1 -1 -1 -1 
0,58 0,69578947368421 -0,712 0,38968253968254 0,603968253968254 -1 -1 -1 -1 -1 -1 
0,580909090909091 0,690526315789473 -0,672 0,403968253968254 0,618253968253968 -1 1 -1 -1 -1 -1 
0,614545454545455 0,7 -0,664 0,461111111111111 0,675396825396825 -0,992 1 1 -1 -1 -1 
0,576363636363636 0,70421052631579 -0,728 0,415873015873016 0,63015873015873 -1 1 -1 -1 -1 -1 
0,589090909090909 0,725263157894738 -0,752 0,438888888888889 0,653174603174603 -0,996 1 -1 -1 -1 -1 
0,57 0,410526315789474 -0,752 0,401587301587302 0,615873015873016 -1 1 -1 -1 -1 -1 
0,591818181818182 0,463157894736842 -0,48 0,396031746031746 0,61031746031746 -1 1 1 -1 -1 -1 
0,640909090909091 0,496842105263158 -0,464 0,491269841269841 0,705555555555556 -0,968 -1 -1 -1 -1 -1 
0,555454545454545 0,604210526315789 -0,712 0,41031746031746 0,624603174603175 -1 1 -1 -1 -1 -1 
0,539090909090909 0,671578947368421 -0,224 0,407142857142857 0,621428571428571 -1 -1 -1 -1 -1 -1 
0,579090909090909 0,536842105263158 -0,288 0,441269841269841 0,655555555555556 -1 -1 -1 -1 -1 -1 
0,566363636363636 0,493684210526316 -0,304 0,414285714285714 0,628571428571429 -1 1 -1 -1 -1 -1 
0,56 0,471578947368421 -0,336 0,41031746031746 0,624603174603175 -1 -1 1 -1 -1 -1 
0,633636363636364 0,476842105263157 -0,272 0,442857142857143 0,657142857142857 -0,992 -1 1 -1 -1 -1 
0,615454545454545 0,507368421052632 -0,424 0,474603174603175 0,688888888888889 -0,992 -1 1 -1 -1 -1 
0,521818181818182 0,482105263157894 -0,0640000000000001 0,388888888888889 0,603174603174603 -1 -1 -1 -1 -1 -1 
0,526363636363636 0,456842105263158 -0,0640000000000001 0,396031746031746 0,61031746031746 -1 1 1 -1 -1 -1 
0,563636363636364 0,374736842105263 -0,12 0,417460317460317 0,631746031746032 -0,844 -1 -1 1 -1 -1 
0,551818181818182 0,334736842105263 -0,712 0,424603174603175 0,638888888888889 -0,684 -1 -1 1 -1 -1 
0,48 0,343157894736842 -0,584 0,357142857142857 0,571428571428571 -0,904 -1 -1 1 -1 -1 
0,54 0,341052631578947 -0,272 0,408730158730159 0,623015873015873 -0,972 -1 -1 1 -1 -1 
0,499090909090909 0,433684210526316 0,0880000000000001 0,368253968253968 0,582539682539683 -0,972 -1 -1 1 -1 -1 
0,494545454545455 0,458947368421053 -0,0640000000000001 0,36031746031746 0,574603174603175 -0,984 -1 -1 1 -1 -1 
0,491818181818182 0,382105263157894 -0,432 0,373015873015873 0,587301587301587 -0,992 -1 -1 1 -1 -1 
0,484545454545455 0,466315789473684 -0,56 0,314285714285714 0,528571428571429 -0,904 -1 -1 1 -1 -1 
0,647272727272727 0,511578947368421 0,032 0,481746031746032 0,696031746031746 -0,968 1 1 -1 -1 -1 
0,650909090909091 0,515789473684211 -0,2 0,48968253968254 0,703968253968254 -1 -1 1 -1 -1 -1 
0,660909090909091 0,468421052631579 -0,56 0,492857142857143 0,707142857142857 -0,844 1 1 -1 -1 -1 
0,671818181818182 0,365263157894737 0,032 0,491269841269841 0,705555555555556 -0,952 -1 1 -1 -1 -1 
0,61 0,450526315789473 -0,336 0,46984126984127 0,684126984126984 -0,952 -1 1 -1 -1 -1 
0,495454545454545 0,592631578947368 -0,2 0,396825396825397 0,611111111111111 -1 -1 -1 -1 -1 -1 
0,536363636363636 0,541052631578947 -0,24 0,394444444444444 0,608730158730159 -0,968 -1 -1 1 -1 -1 
0,556363636363636 0,421052631578947 -0,416 0,425396825396825 0,63968253968254 -0,944 1 -1 1 -1 -1 
0,557272727272727 0,385263157894737 -0,672 0,424603174603175 0,638888888888889 -0,952 -1 1 1 -1 -1 
0,520909090909091 0,551578947368421 -0,688 0,407142857142857 0,621428571428571 -0,996 -1 -1 -1 -1 -1 
0,569090909090909 0,56421052631579 -0,112 0,403968253968254 0,618253968253968 -1 -1 1 -1 -1 -1 
0,534545454545455 0,433684210526316 0,456 0,403174603174603 0,617460317460317 -0,968 -1 1 1 -1 -1 
0,496363636363636 0,538947368421053 0,304 0,384126984126984 0,598412698412699 -0,984 -1 1 1 -1 -1 
0,636363636363636 0,413684210526315 0,672 0,426984126984127 0,641269841269841 -0,98 -1 1 -1 -1 -1 
0,617272727272727 0,471578947368421 0,24 0,503174603174603 0,717460317460317 -0,984 -1 1 -1 -1 -1 
0,498181818181818 0,617894736842106 -0,648 0,328571428571429 0,542857142857143 -1 -1 -1 -1 -1 -1 
0,552727272727273 0,637894736842104 -0,36 0,421428571428571 0,635714285714286 -1 1 1 1 -1 -1 
0,582727272727273 0,561052631578947 -0,0640000000000001 0,414285714285714 0,628571428571429 -1 -1 1 -1 -1 -1 
0,622727272727273 0,476842105263157 -0,184 0,45 0,664285714285714 -0,904 -1 1 -1 -1 -1 
0,480909090909091 0,494736842105263 -0,416 0,311111111111111 0,525396825396825 -0,92 -1 1 1 -1 -1 
0,633636363636364 0,549473684210527 -0,784 0,482539682539682 0,696825396825397 -0,904 1 1 -1 -1 -1 
0,608181818181818 0,5 -0,4 0,453968253968254 0,668253968253968 -1 1 1 -1 -1 -1 
0,517272727272727 0,563157894736842 -0,0640000000000001 0,396825396825397 0,611111111111111 -1 -1 -1 -1 -1 -1 
0,49 0,583157894736842 -0,184 0,38015873015873 0,594444444444444 -0,996 -1 -1 1 -1 -1 
0,446363636363636 0,512631578947369 -0,0640000000000001 0,342857142857143 0,557142857142857 -0,952 -1 -1 1 -1 -1 
0,440909090909091 0,662105263157896 -0,4 0,353174603174603 0,567460317460317 -1 -1 -1 -1 -1 -1 
0,533636363636364 0,542105263157895 -0,344 0,396825396825397 0,611111111111111 -0,996 -1 1 -1 -1 -1 
0,554545454545455 0,415789473684211 -0,592 0,41031746031746 0,624603174603175 -1 1 1 1 -1 -1 
0,536363636363636 0,413684210526315 -0,168 0,407142857142857 0,621428571428571 -0,828 -1 -1 1 -1 -1 
0,498181818181818 0,571578947368421 -0,16 0,382539682539683 0,596825396825397 -0,936 -1 -1 1 -1 -1 
0,583636363636364 0,676842105263157 -0,784 0,461111111111111 0,675396825396825 -1 -1 1 -1 -1 -1 
0,598181818181818 0,712631578947369 -0,88 0,412698412698413 0,626984126984127 -1 1 1 -1 -1 -1 
0,521818181818182 0,742105263157895 -1 0,353174603174603 0,567460317460317 -1 1 -1 -1 -1 -1 
0,5 0,681052631578948 -0,784 0,353174603174603 0,567460317460317 -1 1 -1 -1 -1 -1 
0,573636363636364 0,565263157894737 -0,416 0,391269841269841 0,605555555555556 -0,984 1 1 -1 -1 -1 
0,598181818181818 0,538947368421053 -0,4 0,43015873015873 0,644444444444444 -0,984 1 1 -1 -1 -1 
0,677272727272727 0,5 -0,44 0,48968253968254 0,703968253968254 -0,984 1 1 -1 -1 -1 
0,630909090909091 0,486315789473685 -0,336 0,45 0,664285714285714 -1 -1 1 -1 -1 -1 
0,528181818181818 0,429473684210526 -0,496 0,407142857142857 0,621428571428571 -0,952 -1 -1 -1 -1 -1 
0,538181818181818 0,392631578947368 -0,464 0,41984126984127 0,634126984126984 -1 -1 1 1 -1 -1 
0,647272727272727 0,552631578947368 -0,224 0,498412698412698 0,712698412698413 -1 -1 1 -1 -1 -1 
0,588181818181818 0,514736842105263 0,048 0,43968253968254 0,653968253968254 -0,968 -1 -1 -1 -1 -1 
0,557272727272727 0,529473684210526 -0,2 0,423015873015873 0,637301587301587 -1 1 1 -1 -1 -1 
0,578181818181818 0,560000000000001 -0,512 0,421428571428571 0,635714285714286 -0,988 1 1 -1 -1 -1 
0,570909090909091 0,597894736842105 -0,608 0,421428571428571 0,635714285714286 -1 1 -1 1 -1 -1 
0,414545454545455 0,75578947368421 0,024 0,31031746031746 0,524603174603175 -0,996 -1 -1 1 -1 -1 
0,336363636363636 0,734736842105263 -0,104 0,226984126984127 0,441269841269841 -1 -1 -1 1 -1 -1 
0,378181818181818 0,586315789473685 -0,128 0,244444444444444 0,458730158730159 -1 -1 -1 1 -1 -1 
0,409090909090909 0,556842105263158 -0,24 0,292857142857143 0,507142857142857 -0,968 -1 -1 1 -1 -1 
0,530909090909091 0,5 -0,128 0,321428571428571 0,535714285714286 -1 -1 1 1 -1 -1 
0,565454545454545 0,366315789473684 -0,0640000000000001 0,414285714285714 0,628571428571429 -0,968 -1 1 1 -1 -1 
0,406363636363636 0,490526315789474 0,0720000000000001 0,307142857142857 0,521428571428571 -0,992 -1 -1 1 -1 -1 
0,365454545454545 0,557894736842105 -0,592 0,265873015873016 0,48015873015873 -1 -1 -1 -1 -1 -1 
0,465454545454545 0,504210526315789 -0,4 0,235714285714286 0,45 -0,968 -1 -1 1 -1 -1 
0,552727272727273 0,38 0,024 0,432539682539683 0,646825396825397 -0,952 -1 1 1 -1 -1 
0,510909090909091 0,701052631578946 -0,376 0,38015873015873 0,594444444444444 -1 -1 -1 -1 -1 -1 
0,495454545454545 0,671578947368421 -0,536 0,376984126984127 0,591269841269841 -1 -1 -1 -1 -1 -1 
0,486363636363636 0,624210526315789 -0,144 0,368253968253968 0,582539682539683 -0,968 -1 -1 1 -1 -1 
0,523636363636364 0,528421052631579 -0,304 0,368253968253968 0,582539682539683 -1 -1 1 1 -1 -1 
0,573636363636364 0,543157894736842 -0,464 0,43015873015873 0,644444444444444 -0,968 -1 1 1 -1 -1 
0,461818181818182 0,498947368421052 -0,032 0,25 0,464285714285714 -1 -1 -1 -1 -1 -1 
0,563636363636364 0,498947368421052 -0,24 0,437301587301587 0,651587301587301 -0,992 -1 -1 -1 -1 -1 
0,546363636363636 0,489473684210526 -0,472 0,417460317460317 0,631746031746032 -1 -1 -1 -1 -1 -1 
0,598181818181818 0,414736842105263 -0,336 0,431746031746032 0,646031746031746 -0,992 1 1 -1 -1 -1 
0,621818181818182 0,356842105263158 -0,2 0,462698412698413 0,676984126984127 -0,984 1 1 -1 -1 -1 
0,578181818181818 0,518947368421052 -0,264 0,394444444444444 0,608730158730159 -0,984 -1 1 1 -1 -1 
0,614545454545455 0,537894736842106 0,0720000000000001 0,43968253968254 0,653968253968254 -0,936 -1 1 -1 -1 -1 
0,580909090909091 0,509473684210526 -0,0640000000000001 0,426984126984127 0,641269841269841 -0,996 -1 1 -1 -1 -1 
0,628181818181818 0,516842105263158 0,032 0,465873015873016 0,68015873015873 -0,984 -1 1 -1 -1 -1 
0,598181818181818 0,618947368421052 -0,672 0,461111111111111 0,675396825396825 -0,904 1 1 -1 -1 -1 
0,617272727272727 0,538947368421053 -0,0479999999999999 0,414285714285714 0,628571428571429 -0,98 -1 1 -1 -1 -1 
0,655454545454545 0,465263157894737 -0,168 0,498412698412698 0,712698412698413 -0,98 -1 1 -1 -1 -1 
0,58 0,35578947368421 -0,456 0,411111111111111 0,625396825396825 -0,856 -1 1 1 -1 -1 
0,479090909090909 0,442105263157895 -0,416 0,338888888888889 0,553174603174603 -0,972 -1 -1 1 -1 -1 
0,393636363636364 0,611578947368421 -0,4 0,276984126984127 0,491269841269841 -0,996 -1 -1 -1 -1 -1 
0,535454545454545 0,593684210526316 -0,128 0,365873015873016 0,58015873015873 -0,984 1 1 1 -1 -1 
0,528181818181818 0,565263157894737 0,144 0,365873015873016 0,58015873015873 -0,984 -1 1 -1 -1 -1 
0,345454545454545 0,635789473684211 0,144 0,246825396825397 0,461111111111111 -1 -1 -1 -1 -1 -1 
0,249090909090909 0,718947368421052 -0,904 0,141269841269841 0,355555555555556 -1 -1 -1 -1 -1 -1 
0,374545454545455 0,643157894736841 -0,336 0,126984126984127 0,341269841269841 -0,952 1 -1 1 -1 -1 
0,528181818181818 0,565263157894737 0,144 0,365873015873016 0,58015873015873 -0,984 -1 1 -1 -1 -1 
0,345454545454545 0,635789473684211 0,144 0,246825396825397 0,461111111111111 -1 -1 -1 -1 -1 -1 
0,249090909090909 0,718947368421052 -0,904 0,141269841269841 0,355555555555556 -1 -1 -1 -1 -1 -1 
0,374545454545455 0,643157894736841 -0,336 0,126984126984127 0,341269841269841 -0,952 1 -1 1 -1 -1 
0,56 0,602105263157895 -0,672 0,33968253968254 0,553968253968254 -0,984 1 1 -1 -1 -1 
0,374545454545455 0,643157894736841 -0,336 0,126984126984127 0,341269841269841 -0,952 1 -1 1 -1 -1 
0,56 0,602105263157895 -0,672 0,33968253968254 0,553968253968254 -0,984 1 1 -1 -1 -1 
0,560909090909091 0,635789473684211 -0,376 0,428571428571429 0,642857142857143 -0,976 -1 -1 1 -1 -1 
0,561818181818182 0,642105263157895 -0,2 0,424603174603175 0,638888888888889 -1 -1 -1 -1 -1 -1 
0,564545454545455 0,566315789473684 -0,2 0,432539682539683 0,646825396825397 -1 -1 -1 -1 -1 -1 
0,465454545454545 0,234736842105263 0,688 0,328571428571429 0,542857142857143 -0,792 -1 -1 1 -1 -1 
0,377272727272727 0,376842105263157 0,376 0,26984126984127 0,484126984126984 -0,92 -1 -1 -1 -1 -1 
0,354545454545455 0,571578947368421 -0,416 0,208730158730159 0,423015873015873 -1 -1 -1 -1 -1 -1 
0,458181818181818 0,461052631578947 0,264 0,312698412698413 0,526984126984127 -0,968 -1 -1 1 -1 -1 
0,475454545454545 0,551578947368421 -0,312 0,305555555555556 0,51984126984127 -0,936 -1 -1 1 -1 -1 
0,59 0,466315789473684 -0,264 0,418253968253968 0,632539682539683 -0,996 1 1 -1 -1 -1 
0,64 0,378947368421053 -0,2 0,48015873015873 0,694444444444444 -1 -1 1 -1 -1 -1 
0,535454545454545 0,482105263157894 -0,376 0,396031746031746 0,61031746031746 -0,952 -1 -1 -1 -1 -1 
0,535454545454545 0,521052631578947 -0,184 0,391269841269841 0,605555555555556 -0,984 -1 -1 1 -1 -1 
0,497272727272727 0,529473684210526 -0,4 0,317460317460317 0,531746031746032 -0,968 -1 -1 1 -1 -1 
0,501818181818182 0,610526315789474 -0,472 0,361111111111111 0,575396825396825 -1 -1 -1 -1 -1 -1 
0,490909090909091 0,645263157894736 -0,648 0,346031746031746 0,56031746031746 -1 1 -1 -1 -1 -1 
0,485454545454545 0,624210526315789 -0,248 0,351587301587302 0,565873015873016 -1 -1 1 -1 -1 -1 
0,568181818181818 0,572631578947368 -0,224 0,396825396825397 0,611111111111111 -0,988 -1 1 -1 -1 -1 
0,589090909090909 0,541052631578947 -0,504 0,431746031746032 0,646031746031746 -0,992 1 -1 -1 -1 -1 
0,464545454545455 0,523157894736843 -0,136 0,303174603174603 0,517460317460318 -0,968 1 -1 1 -1 -1 
0,550909090909091 0,372631578947368 0,136 0,378571428571429 0,592857142857143 -0,94 1 1 1 -1 -1 
0,585454545454546 0,396842105263158 -0,336 0,434126984126984 0,648412698412698 -0,968 1 -1 1 -1 -1 
0,564545454545455 0,567368421052631 -0,648 0,441269841269841 0,655555555555556 -1 1 -1 -1 -1 -1 
0,555454545454545 0,595789473684211 -0,576 0,435714285714286 0,65 -1 -1 1 -1 -1 -1 
0,492727272727273 0,55578947368421 -0,328 0,294444444444444 0,508730158730159 -0,984 1 -1 1 -1 -1 
0,477272727272727 0,629473684210526 -0,624 0,264285714285714 0,478571428571429 -1 1 1 1 -1 -1 
0,56 0,626315789473684 -0,272 0,425396825396825 0,63968253968254 -0,988 -1 1 -1 -1 -1 
0,501818181818182 0,610526315789474 -0,472 0,361111111111111 0,575396825396825 -1 -1 -1 -1 -1 -1 
0,490909090909091 0,645263157894736 -0,648 0,346031746031746 0,56031746031746 -1 1 -1 -1 -1 -1 
