0,475454545454545 0,477894736842105 -0,632 0,325396825396825 0,53968253968254 -0,996 1 -1 1 -1 -1 
0,519090909090909 0,438947368421053 -0,28 0,36984126984127 0,584126984126984 -1 1 -1 1 -1 -1 
0,401818181818182 0,467368421052631 0,032 0,28968253968254 0,503968253968254 -0,86 -1 -1 1 -1 -1 
0,396363636363636 0,498947368421052 -0,592 0,261111111111111 0,475396825396825 -1 1 -1 -1 -1 -1 
0,439090909090909 0,446315789473684 -0,464 0,284126984126984 0,498412698412698 -0,968 1 -1 1 -1 -1 
0,465454545454545 0,723157894736843 -0,28 0,33015873015873 0,544444444444444 -1 -1 -1 1 -1 -1 
0,41 0,777894736842106 0,104 0,291269841269841 0,505555555555556 -1 -1 -1 -1 -1 -1 
0,279090909090909 0,825263157894738 -0,128 0,187301587301587 0,401587301587302 -1 -1 -1 -1 -1 -1 
0,252727272727273 0,792631578947368 -0,552 0,15 0,364285714285714 -1 -1 -1 -1 -1 -1 
0,23 0,762105263157896 -0,592 0,153968253968254 0,368253968253968 -1 -1 -1 1 -1 -1 
0,452727272727273 0,648421052631578 -0,496 0,368253968253968 0,582539682539683 -1 -1 -1 1 -1 -1 
0,473636363636364 0,550526315789473 -0,416 0,373015873015873 0,587301587301587 -1 -1 -1 1 -1 -1 
0,362727272727273 0,615789473684211 -0,264 0,238888888888889 0,453174603174603 -0,988 -1 -1 1 -1 -1 
0,32 0,572631578947368 -0,144 0,238888888888889 0,453174603174603 -0,968 -1 -1 1 -1 -1 
0,382727272727273 0,468421052631579 0,0880000000000001 0,251587301587302 0,465873015873016 -0,988 -1 -1 1 -1 -1 
0,399090909090909 0,5 -0,32 0,23968253968254 0,453968253968254 -0,992 -1 -1 1 -1 -1 
0,363636363636364 0,565263157894737 -0,168 0,26984126984127 0,484126984126984 -1 -1 -1 1 -1 -1 
0,294545454545455 0,64421052631579 -0,44 0,194444444444444 0,408730158730159 -0,996 -1 -1 1 -1 -1 
0,232727272727273 0,581052631578948 -0,864 0,107142857142857 0,321428571428571 -1 1 -1 1 -1 -1 
0,214545454545455 0,524210526315789 -0,824 0,101587301587302 0,315873015873016 -1 -1 -1 1 -1 -1 
0,628181818181818 0,350526315789473 -0,32 0,468253968253968 0,682539682539683 -0,904 1 1 -1 -1 -1 
0,586363636363636 0,381052631578948 -0,32 0,451587301587302 0,665873015873016 -0,976 -1 1 -1 -1 -1 
0,617272727272727 0,262105263157895 -0,104 0,462698412698413 0,676984126984127 -0,912 -1 1 -1 -1 -1 
0,548181818181818 0,287368421052631 0,0720000000000001 0,417460317460317 0,631746031746032 -0,94 -1 1 1 -1 -1 
0,494545454545455 0,449473684210527 0,264 0,376984126984127 0,591269841269841 -0,984 -1 -1 1 -1 -1 
0,361818181818182 0,517894736842106 -0,424 0,248412698412698 0,462698412698413 -0,984 -1 -1 1 -1 -1 
0,354545454545455 0,488421052631579 0,128 0,246031746031746 0,46031746031746 -0,936 -1 -1 1 -1 -1 
0,235454545454545 0,737894736842104 -0,424 0,0968253968253968 0,311111111111111 -0,984 -1 -1 1 -1 -1 
0,291818181818182 0,692631578947368 -0,472 0,0642857142857143 0,278571428571429 -0,988 -1 -1 1 -1 -1 
0,476363636363636 0,601052631578948 -0,576 0,288888888888889 0,503174603174603 -0,996 -1 1 1 -1 -1 
0,444545454545455 0,8 -0,648 0,31031746031746 0,524603174603175 -1 -1 -1 -1 -1 -1 
0,502727272727273 0,65578947368421 -0,032 0,303968253968254 0,518253968253968 -0,98 -1 -1 1 -1 -1 
0,578181818181818 0,514736842105263 -0,128 0,446031746031746 0,66031746031746 -0,924 -1 1 -1 -1 -1 
0,522727272727273 0,607368421052632 -0,472 0,407142857142857 0,621428571428571 -1 -1 -1 1 -1 -1 
0,53 0,583157894736842 -0,224 0,387301587301587 0,601587301587302 -1 -1 -1 -1 -1 -1 
0,551818181818182 0,328421052631579 -0,512 0,415873015873016 0,63015873015873 -0,92 -1 -1 1 -1 -1 
0,522727272727273 0,450526315789473 -0,536 0,373015873015873 0,587301587301587 -0,996 -1 -1 1 -1 -1 
0,499090909090909 0,563157894736842 -0,28 0,348412698412698 0,562698412698413 -0,992 -1 1 -1 -1 -1 
0,571818181818182 0,632631578947367 -0,28 0,417460317460317 0,631746031746032 -1 1 -1 -1 -1 -1 
0,55 0,668421052631579 -0,456 0,387301587301587 0,601587301587302 -1 -1 -1 -1 -1 -1 
0,501818181818182 0,690526315789473 0,0880000000000001 0,378571428571429 0,592857142857143 -1 -1 1 -1 1 -1 
0,345454545454545 0,833684210526316 -0,448 0,287301587301587 0,501587301587302 -1 -1 -1 -1 -1 -1 
0,404545454545455 0,730526315789475 0,048 0,303174603174603 0,517460317460318 -1 -1 -1 -1 -1 -1 
0,518181818181818 0,666315789473684 -0,552 0,415873015873016 0,63015873015873 -1 -1 -1 1 -1 -1 
0,425454545454545 0,774736842105262 -0,36 0,296825396825397 0,511111111111111 -0,996 -1 -1 -1 -1 -1 
0,529090909090909 0,424210526315789 -0,2 0,388888888888889 0,603174603174603 -1 -1 -1 1 -1 -1 
0,549090909090909 0,527368421052632 -0,104 0,408730158730159 0,623015873015873 -0,936 -1 -1 1 -1 -1 
0,474545454545455 0,633684210526316 0,192 0,38015873015873 0,594444444444444 -0,984 -1 -1 1 -1 -1 
0,403636363636364 0,610526315789474 0,048 0,3 0,514285714285714 -0,992 -1 -1 1 -1 -1 
0,430909090909091 0,514736842105263 -0,456 0,298412698412698 0,512698412698413 -0,984 -1 -1 1 -1 -1 
0,482727272727273 0,308421052631578 0,144 0,378571428571429 0,592857142857143 -0,876 -1 -1 -1 -1 -1 
0,483636363636364 0,387368421052631 -0,224 0,353174603174603 0,567460317460317 -1 -1 -1 1 -1 -1 
0,505454545454545 0,412631578947369 -0,088 0,362698412698413 0,576984126984127 -0,968 -1 -1 1 -1 -1 
0,526363636363636 0,456842105263158 -0,36 0,353174603174603 0,567460317460317 -0,952 -1 1 1 -1 -1 
0,521818181818182 0,493684210526316 -0,264 0,35 0,564285714285714 -0,992 -1 -1 -1 -1 -1 
0,455454545454545 0,486315789473685 -0,44 0,288888888888889 0,503174603174603 -0,92 1 -1 1 -1 -1 
0,318181818181818 0,65578947368421 -0,512 0,16031746031746 0,374603174603175 -1 -1 -1 1 -1 -1 
0,224545454545455 0,684210526315789 -0,904 0,0682539682539682 0,282539682539683 -1 -1 -1 -1 -1 -1 
0,251818181818182 0,651578947368422 -0,712 0,108730158730159 0,323015873015873 -1 -1 -1 -1 -1 -1 
0,221818181818182 0,684210526315789 -1 0,0714285714285714 0,285714285714286 -1 -1 -1 -1 -1 -1 
0,6 0,288421052631579 -0,512 0,446031746031746 0,66031746031746 -0,984 -1 1 -1 -1 -1 
0,568181818181818 0,248421052631579 -0,6 0,428571428571429 0,642857142857143 -0,996 1 1 1 -1 -1 
0,521818181818182 0,302105263157895 -0,256 0,405555555555556 0,61984126984127 -0,992 -1 -1 1 -1 -1 
0,473636363636364 0,463157894736842 -0,2 0,35 0,564285714285714 -0,968 -1 -1 1 -1 -1 
0,367272727272727 0,726315789473684 -0,464 0,262698412698413 0,476984126984127 -1 -1 -1 -1 -1 -1 
0,368181818181818 0,821052631578947 -0,608 0,23968253968254 0,453968253968254 -1 -1 -1 -1 -1 -1 
0,306363636363636 0,849473684210527 -0,608 0,196825396825397 0,411111111111111 -1 -1 -1 -1 -1 -1 
0,269090909090909 0,775789473684211 -0,808 0,13015873015873 0,344444444444444 -1 -1 -1 -1 -1 -1 
0,289090909090909 0,666315789473684 -0,32 0,164285714285714 0,378571428571429 -1 -1 -1 -1 -1 -1 
0,355454545454545 0,482105263157894 0,52 0,196825396825397 0,411111111111111 -0,952 -1 -1 -1 -1 -1 
0,436363636363636 0,362105263157894 -0,104 0,315873015873016 0,53015873015873 -1 -1 -1 1 -1 -1 
0,467272727272727 0,474736842105263 -0,304 0,38015873015873 0,594444444444444 -1 -1 -1 1 -1 -1 
0,500909090909091 0,496842105263158 -0,456 0,318253968253968 0,532539682539683 -0,988 1 1 1 -1 -1 
0,59 0,537894736842106 -0,144 0,425396825396825 0,63968253968254 -0,984 -1 -1 -1 -1 -1 
0,56 0,608421052631578 -0,488 0,412698412698413 0,626984126984127 -1 1 -1 -1 -1 -1 
0,552727272727273 0,53578947368421 0,208 0,364285714285714 0,578571428571429 -0,996 -1 1 1 -1 -1 
0,468181818181818 0,647368421052632 -0,576 0,33015873015873 0,544444444444444 -1 -1 -1 -1 -1 -1 
0,49 0,558947368421053 -0,176 0,368253968253968 0,582539682539683 -1 -1 1 -1 -1 -1 
0,532727272727273 0,442105263157895 -0,168 0,391269841269841 0,605555555555556 -1 -1 -1 1 -1 -1 
0,515454545454546 0,371578947368421 0,152 0,408730158730159 0,623015873015873 -0,984 -1 -1 1 -1 -1 
0,488181818181818 0,463157894736842 0,656 0,358730158730159 0,573015873015873 -0,968 -1 1 1 -1 -1 
0,431818181818182 0,54421052631579 0,48 0,338888888888889 0,553174603174603 -0,996 -1 -1 -1 -1 -1 
0,506363636363636 0,363157894736842 0,48 0,418253968253968 0,632539682539683 -1 -1 -1 1 -1 -1 
0,418181818181818 0,505263157894737 0,344 0,33968253968254 0,553968253968254 -0,996 -1 -1 1 -1 -1 
0,392727272727273 0,550526315789473 -0,44 0,281746031746032 0,496031746031746 -0,996 -1 -1 1 -1 -1 
0,526363636363636 0,612631578947369 -0,496 0,394444444444444 0,608730158730159 -0,996 -1 -1 -1 -1 -1 
0,520909090909091 0,702105263157895 -0,864 0,418253968253968 0,632539682539683 -1 -1 -1 -1 -1 -1 
0,486363636363636 0,733684210526316 -0,536 0,373015873015873 0,587301587301587 -1 -1 -1 -1 -1 -1 
0,468181818181818 0,684210526315789 -0,416 0,344444444444444 0,558730158730159 -1 -1 -1 -1 -1 -1 
0,493636363636364 0,605263157894737 -0,456 0,36984126984127 0,584126984126984 -0,996 -1 -1 1 -1 -1 
0,518181818181818 0,433684210526316 -0,592 0,385714285714286 0,6 -0,968 -1 -1 1 -1 -1 
0,458181818181818 0,437894736842106 -0,4 0,314285714285714 0,528571428571429 -1 -1 -1 1 -1 -1 
0,326363636363636 0,567368421052631 -0,376 0,218253968253968 0,432539682539683 -0,968 -1 -1 1 -1 -1 
0,268181818181818 0,658947368421052 -0,672 0,151587301587302 0,365873015873016 -1 -1 -1 -1 -1 -1 
0,312727272727273 0,596842105263158 -0,688 0,165873015873016 0,38015873015873 -1 -1 -1 -1 -1 -1 
