0,812727272727273 0,552631578947368 -0,648 0,658730158730159 0,873015873015873 -0,86 1 1 -1 -1 -1 
0,777272727272727 0,529473684210526 -0,632 0,641269841269841 0,855555555555556 -1 -1 -1 -1 -1 -1 
0,753636363636364 0,468421052631579 -0,416 0,603968253968254 0,818253968253968 -1 -1 1 -1 -1 -1 
0,704545454545455 0,484210526315789 0,0880000000000001 0,56984126984127 0,784126984126984 -0,936 -1 -1 -1 -1 -1 
0,713636363636364 0,5 -0,24 0,55 0,764285714285714 -1 -1 -1 -1 -1 -1 
0,7 0,512631578947369 -0,4 0,534126984126984 0,748412698412698 -1 -1 -1 -1 -1 -1 
0,739090909090909 0,5 -0,864 0,541269841269841 0,755555555555556 -1 -1 -1 -1 -1 -1 
0,750909090909091 0,494736842105263 -0,496 0,591269841269841 0,805555555555556 -0,92 -1 -1 -1 -1 -1 
0,758181818181818 0,495789473684211 -0,688 0,576984126984127 0,791269841269841 -1 -1 1 -1 -1 -1 
0,704545454545455 0,501052631578948 -0,224 0,594444444444444 0,808730158730159 -0,996 -1 -1 -1 -1 -1 
0,79 0,525263157894737 -0,784 0,624603174603175 0,838888888888889 -0,984 -1 1 -1 -1 -1 
0,746363636363636 0,563157894736842 -0,864 0,61984126984127 0,834126984126984 -1 -1 -1 -1 -1 -1 
0,777272727272727 0,571578947368421 -0,536 0,587301587301587 0,801587301587302 -1 -1 -1 -1 -1 -1 
0,806363636363636 0,570526315789474 -0,712 0,615873015873016 0,83015873015873 -1 -1 -1 -1 -1 -1 
0,793636363636364 0,529473684210526 -0,632 0,63968253968254 0,853968253968254 -1 -1 -1 -1 -1 -1 
0,769090909090909 0,532631578947369 -0,088 0,625396825396825 0,83968253968254 -1 -1 -1 -1 -1 -1 
0,712727272727273 0,576842105263157 -0,128 0,624603174603175 0,838888888888889 -0,992 -1 -1 -1 -1 -1 
0,654545454545455 0,651578947368422 -0,28 0,558730158730159 0,773015873015873 -1 -1 -1 -1 -1 -1 
0,6 0,677894736842106 -0,32 0,514285714285714 0,728571428571429 -1 -1 -1 -1 -1 -1 
0,609090909090909 0,66 -0,32 0,548412698412698 0,762698412698413 -1 -1 -1 -1 -1 -1 
0,671818181818182 0,534736842105263 -0,36 0,511111111111111 0,725396825396825 -1 -1 -1 -1 -1 -1 
0,656363636363636 0,553684210526316 -0,4 0,503968253968254 0,718253968253968 -1 -1 -1 -1 -1 -1 
0,684545454545455 0,588421052631579 -0,552 0,503968253968254 0,718253968253968 -1 -1 -1 -1 -1 -1 
0,699090909090909 0,623157894736843 -0,712 0,535714285714286 0,75 -1 -1 -1 -1 -1 -1 
0,720909090909091 0,648421052631578 -0,96 0,538888888888889 0,753174603174603 -1 -1 -1 -1 -1 -1 
0,769090909090909 0,524210526315789 -0,376 0,631746031746032 0,846031746031746 -1 -1 -1 -1 -1 -1 
0,786363636363636 0,512631578947369 -0,6 0,618253968253968 0,832539682539683 -1 -1 -1 -1 -1 -1 
0,798181818181818 0,510526315789474 -0,472 0,611111111111111 0,825396825396825 -1 -1 -1 -1 -1 -1 
0,812727272727273 0,549473684210527 -0,672 0,578571428571429 0,792857142857143 -1 -1 1 -1 -1 1 
0,829090909090909 0,514736842105263 -0,512 0,668253968253968 0,882539682539683 -0,888 -1 1 -1 -1 1 
0,812727272727273 0,549473684210527 -0,672 0,578571428571429 0,792857142857143 -0,888 -1 1 -1 -1 1 
0,829090909090909 0,514736842105263 -0,512 0,668253968253968 0,882539682539683 -0,888 -1 1 -1 -1 1 
0,844545454545455 0,494736842105263 -0,648 0,65 0,864285714285714 -1 -1 -1 -1 -1 -1 
0,838181818181818 0,465263157894737 -0,4 0,646825396825397 0,861111111111111 -0,7 -1 1 -1 -1 1 
0,73 0,533684210526316 -0,336 0,596031746031746 0,81031746031746 -0,996 -1 -1 -1 -1 -1 
0,839090909090909 0,602105263157895 -0,848 0,634126984126984 0,848412698412699 -1 1 -1 -1 -1 -1 
0,839090909090909 0,58421052631579 -0,824 0,65 0,864285714285714 -1 -1 -1 -1 -1 -1 
0,852727272727273 0,563157894736842 -0,824 0,66984126984127 0,884126984126984 -1 -1 -1 -1 -1 -1 
0,842727272727273 0,541052631578947 -0,96 0,661111111111111 0,875396825396825 -0,988 -1 1 -1 -1 -1 
0,841818181818182 0,53578947368421 -0,808 0,661111111111111 0,875396825396825 -1 -1 -1 -1 -1 1 
0,689090909090909 0,576842105263157 -0,264 0,515873015873016 0,73015873015873 -1 -1 -1 -1 -1 -1 
0,724545454545455 0,623157894736843 -0,456 0,567460317460317 0,781746031746032 -1 -1 -1 -1 -1 -1 
0,719090909090909 0,649473684210527 -0,552 0,526984126984127 0,741269841269841 -1 1 -1 -1 -1 -1 
0,714545454545454 0,625263157894738 -0,44 0,523015873015873 0,737301587301587 -1 -1 -1 -1 -1 -1 
0,718181818181818 0,58 -0,536 0,532539682539683 0,746825396825397 -1 -1 -1 -1 -1 -1 
0,754545454545455 0,306315789473684 -0,2 0,605555555555556 0,81984126984127 -0,936 -1 1 -1 -1 -1 
0,780909090909091 0,42 -0,48 0,598412698412699 0,812698412698413 -0,992 -1 1 -1 -1 -1 
0,768181818181818 0,523157894736843 -0,712 0,581746031746032 0,796031746031746 -1 -1 -1 -1 -1 -1 
0,774545454545455 0,496842105263158 -0,784 0,601587301587302 0,815873015873016 -1 -1 -1 -1 -1 -1 
0,772727272727273 0,350526315789473 -0,0479999999999999 0,576984126984127 0,791269841269841 -0,9 -1 1 -1 -1 -1 
0,847272727272727 0,477894736842105 -0,888 0,658730158730159 0,873015873015873 -1 1 -1 -1 -1 -1 
0,846363636363636 0,501052631578948 -0,712 0,653968253968254 0,868253968253968 -1 1 -1 -1 -1 -1 
0,799090909090909 0,542105263157895 -0,6 0,588888888888889 0,803174603174603 -0,84 -1 1 -1 -1 -1 
0,773636363636364 0,569473684210527 -0,688 0,567460317460317 0,781746031746032 -1 -1 -1 -1 -1 -1 
0,843636363636364 0,547368421052632 -0,712 0,615873015873016 0,83015873015873 -1 -1 -1 -1 -1 -1 
0,750909090909091 0,454736842105264 -0,24 0,628571428571429 0,842857142857143 -1 -1 1 -1 -1 -1 
0,712727272727273 0,483157894736842 0,048 0,585714285714286 0,8 38,996 -1 1 -1 -1 -1 
0,678181818181818 0,498947368421052 0,16 0,557142857142857 0,771428571428571 -1 -1 -1 -1 -1 -1 
0,642727272727273 0,573684210526316 -0,496 0,494444444444444 0,708730158730159 -1 -1 -1 -1 -1 -1 
0,704545454545455 0,528421052631579 -0,456 0,494444444444444 0,708730158730159 -1 -1 -1 -1 -1 -1 
0,634545454545455 0,615789473684211 -0,536 0,485714285714286 0,7 -1 -1 -1 -1 -1 -1 
0,617272727272727 0,665263157894737 -0,648 0,467460317460317 0,681746031746032 -1 -1 -1 -1 -1 -1 
0,644545454545455 0,686315789473685 -0,768 0,453174603174603 0,667460317460317 -1 1 -1 -1 -1 -1 
0,626363636363636 0,629473684210526 -0,416 0,414285714285714 0,628571428571429 -1 1 -1 -1 -1 -1 
0,661818181818182 0,529473684210526 -0,376 0,48015873015873 0,694444444444444 -1 1 -1 -1 -1 -1 
0,676363636363636 0,574736842105263 -0,296 0,528571428571429 0,742857142857143 -1 -1 1 -1 -1 -1 
0,663636363636364 0,606315789473684 -0,0159999999999999 0,542857142857143 0,757142857142857 -1 -1 -1 -1 -1 -1 
0,625454545454545 0,628421052631579 -0,608 0,51031746031746 0,724603174603175 -1 -1 1 -1 -1 -1 
0,653636363636364 0,617894736842106 -0,352 0,514285714285714 0,728571428571429 -1 -1 -1 -1 -1 -1 
0,638181818181818 0,607368421052632 -0,496 0,505555555555556 0,71984126984127 -1 -1 -1 -1 -1 -1 
0,685454545454546 0,62 -0,512 0,51031746031746 0,724603174603175 -1 -1 -1 -1 -1 -1 
0,714545454545454 0,576842105263157 -0,496 0,492857142857143 0,707142857142857 -1 -1 -1 -1 -1 -1 
0,77 0,570526315789474 -0,632 0,564285714285714 0,778571428571429 -1 -1 -1 -1 -1 -1 
0,737272727272727 0,565263157894737 -0,248 0,546825396825397 0,761111111111111 -1 -1 1 -1 -1 -1 
0,693636363636364 0,573684210526316 -0,552 0,523015873015873 0,737301587301587 -1 -1 -1 -1 -1 -1 
0,718181818181818 0,604210526315789 -0,648 0,51984126984127 0,734126984126984 -1 -1 -1 -1 -1 -1 
0,733636363636364 0,671578947368421 -0,824 0,528571428571429 0,742857142857143 -1 -1 -1 -1 -1 -1 
0,775454545454545 0,684210526315789 -0,768 0,568253968253968 0,782539682539683 -1 -1 -1 -1 -1 -1 
0,776363636363636 0,650526315789473 -1 0,573015873015873 0,787301587301587 -1 1 -1 -1 -1 -1 
0,776363636363636 0,608421052631578 -0,88 0,584126984126984 0,798412698412698 -1 1 -1 -1 -1 -1 
0,776363636363636 0,608421052631578 -0,88 0,584126984126984 0,798412698412698 -1 1 -1 -1 -1 -1 
0,781818181818182 0,56421052631579 -0,64 0,58968253968254 0,803968253968254 -0,992 -1 1 -1 -1 1 
0,756363636363636 0,529473684210526 -0,8 0,576984126984127 0,791269841269841 -1 -1 1 -1 -1 -1 
0,726363636363636 0,601052631578948 -0,864 0,526984126984127 0,741269841269841 -1 1 1 -1 -1 -1 
0,715454545454545 0,634736842105263 -0,712 0,551587301587302 0,765873015873016 -1 1 -1 -1 -1 -1 
0,774545454545455 0,469473684210527 -0,472 0,594444444444444 0,808730158730159 -1 -1 1 -1 -1 -1 
0,769090909090909 0,458947368421053 -0,728 0,608730158730159 0,823015873015873 -0,92 -1 -1 -1 -1 1 
0,733636363636364 0,453684210526316 -0,672 0,558730158730159 0,773015873015873 -1 -1 -1 -1 -1 -1 
0,764545454545455 0,305263157894737 -0,176 0,608730158730159 0,823015873015873 -1 -1 1 -1 -1 -1 
0,738181818181818 0,402105263157895 0,0880000000000001 0,603174603174603 0,817460317460317 -0,544 -1 1 -1 -1 -1 
0,699090909090909 0,446315789473684 -0,128 0,56031746031746 0,774603174603175 -0,92 -1 1 -1 -1 -1 
0,648181818181818 0,525263157894737 -0,584 0,494444444444444 0,708730158730159 -1 -1 -1 -1 -1 -1 
0,642727272727273 0,55578947368421 -0,688 0,473015873015873 0,687301587301587 -1 -1 -1 -1 -1 -1 
0,674545454545455 0,591578947368422 -0,624 0,507142857142857 0,721428571428571 -1 -1 -1 -1 -1 -1 
0,676363636363636 0,612631578947369 -0,608 0,491269841269841 0,705555555555556 -1 -1 -1 -1 -1 -1 
0,659090909090909 0,565263157894737 -0,432 0,518253968253968 0,732539682539682 -1 -1 -1 -1 -1 -1 
0,671818181818182 0,543157894736842 -0,512 0,487301587301587 0,701587301587302 -1 -1 -1 -1 -1 -1 
0,673636363636364 0,529473684210526 -0,44 0,5 0,714285714285714 -1 -1 -1 -1 -1 -1 
0,655454545454545 0,6 -0,496 0,46031746031746 0,674603174603175 -1 -1 -1 -1 -1 -1 
0,660909090909091 0,602105263157895 -0,8 0,471428571428571 0,685714285714286 -1 1 -1 -1 -1 -1 
0,686363636363636 0,302105263157895 -0,152 0,515873015873016 0,73015873015873 -0,952 -1 1 -1 -1 -1 
0,722727272727273 0,378947368421053 -0,0479999999999999 0,568253968253968 0,782539682539683 -0,92 -1 1 -1 -1 -1 
0,681818181818182 0,495789473684211 -0,336 0,505555555555556 0,71984126984127 -0,992 -1 -1 -1 -1 -1 
0,743636363636364 0,474736842105263 -0,224 0,571428571428571 0,785714285714286 -1 -1 -1 -1 -1 -1 
0,734545454545455 0,527368421052632 -0,36 0,55 0,764285714285714 -0,976 -1 1 -1 -1 -1 
0,750909090909091 0,438947368421053 -0,672 0,591269841269841 0,805555555555556 -1 1 -1 -1 -1 -1 
0,724545454545455 0,415789473684211 -0,416 0,557142857142857 0,771428571428571 -1 -1 1 -1 -1 -1 
0,779090909090909 0,376842105263157 -0,00800000000000001 0,596825396825397 0,811111111111111 -1 -1 1 -1 -1 -1 
0,783636363636364 0,403157894736842 -0,32 0,58968253968254 0,803968253968254 -0,888 1 1 -1 -1 -1 
0,755454545454545 0,486315789473685 -0,744 0,55 0,764285714285714 -1 1 -1 -1 -1 -1 
0,746363636363636 0,536842105263158 -0,416 0,588888888888889 0,803174603174603 -1 -1 1 -1 -1 -1 
0,71 0,573684210526316 -0,648 0,535714285714286 0,75 -1 -1 -1 -1 -1 -1 
0,721818181818182 0,538947368421053 -0,552 0,537301587301587 0,751587301587302 -1 -1 -1 -1 -1 -1 
0,778181818181818 0,468421052631579 -0,336 0,61031746031746 0,824603174603175 -1 -1 -1 -1 -1 -1 
0,786363636363636 0,501052631578948 -0,576 0,608730158730159 0,823015873015873 -1 -1 1 -1 -1 -1 
0,756363636363636 0,504210526315789 -0,712 0,618253968253968 0,832539682539683 -1 -1 -1 -1 -1 -1 
0,719090909090909 0,482105263157894 -0,312 0,591269841269841 0,805555555555556 -1 -1 -1 -1 -1 -1 
0,745454545454545 0,407368421052632 -0,376 0,603968253968254 0,818253968253968 -0,888 -1 1 -1 -1 -1 
0,694545454545455 0,407368421052632 -0,144 0,55 0,764285714285714 -0,844 -1 1 -1 -1 -1 
0,684545454545455 0,487368421052631 -0,512 0,511111111111111 0,725396825396825 -1 -1 -1 -1 -1 -1 
0,81 0,534736842105263 -0,712 0,607142857142857 0,821428571428571 -1 -1 -1 -1 -1 -1 
0,817272727272727 0,515789473684211 -0,44 0,641269841269841 0,855555555555556 -0,876 -1 1 -1 -1 1 
0,761818181818182 0,529473684210526 -0,496 0,624603174603175 0,838888888888889 -0,984 -1 -1 -1 -1 -1 
0,733636363636364 0,508421052631578 -0,592 0,565873015873016 0,78015873015873 -1 -1 -1 -1 -1 -1 
0,739090909090909 0,44421052631579 -0,592 0,546825396825397 0,761111111111111 -0,992 -1 1 -1 -1 -1 
0,722727272727273 0,414736842105263 -0,44 0,58015873015873 0,794444444444444 -1 -1 -1 -1 -1 -1 
0,698181818181818 0,382105263157894 -0,256 0,544444444444444 0,758730158730159 -0,984 -1 1 -1 -1 -1 
0,668181818181818 0,437894736842106 -0,28 0,524603174603175 0,738888888888889 -0,732 -1 1 -1 -1 -1 
0,618181818181818 0,515789473684211 -0,32 0,45 0,664285714285714 -0,968 -1 -1 -1 -1 -1 
0,664545454545454 0,526315789473684 -0,568 0,491269841269841 0,705555555555556 -1 -1 1 -1 -1 -1 
0,645454545454546 0,546315789473684 -0,824 0,48015873015873 0,694444444444444 -0,86 -1 -1 -1 -1 -1 
0,641818181818182 0,504210526315789 -0,376 0,46984126984127 0,684126984126984 -1 -1 1 -1 -1 -1 
0,66 0,489473684210526 -0,264 0,501587301587302 0,715873015873016 -0,876 -1 -1 -1 -1 -1 
0,637272727272727 0,509473684210526 -0,336 0,48968253968254 0,703968253968254 -1 -1 -1 -1 -1 -1 
0,616363636363636 0,548421052631579 -0,4 0,473015873015873 0,687301587301587 -1 -1 1 -1 -1 -1 
0,685454545454546 0,598947368421052 -0,464 0,526984126984127 0,741269841269841 -1 -1 -1 -1 -1 -1 
0,777272727272727 0,492631578947368 -0,536 0,544444444444444 0,758730158730159 -0,936 -1 1 -1 -1 1 
0,742727272727273 0,453684210526316 -0,032 0,573015873015873 0,787301587301587 -0,888 -1 -1 -1 -1 -1 
0,72 0,494736842105263 -0,552 0,548412698412698 0,762698412698413 -1 -1 -1 -1 -1 -1 
0,760909090909091 0,436842105263158 -0,536 0,561111111111111 0,775396825396825 -0,904 -1 1 -1 -1 1 
0,726363636363636 0,573684210526316 -0,168 0,56984126984127 0,784126984126984 -0,804 1 1 -1 -1 -1 
0,76 0,468421052631579 -0,24 0,591269841269841 0,805555555555556 -0,984 -1 1 -1 -1 -1 
0,715454545454545 0,325263157894737 0,112 0,541269841269841 0,755555555555556 -0,984 -1 1 -1 -1 -1 
0,686363636363636 0,302105263157895 -0,152 0,515873015873016 0,73015873015873 -0,952 -1 1 -1 -1 -1 
0,722727272727273 0,378947368421053 -0,0479999999999999 0,568253968253968 0,782539682539683 -0,92 -1 1 -1 -1 -1 
0,691818181818182 0,532631578947369 -0,512 0,541269841269841 0,755555555555556 -0,996 -1 1 -1 -1 -1 
0,653636363636364 0,592631578947368 -0,608 0,524603174603175 0,738888888888889 -1 -1 -1 -1 -1 -1 
0,661818181818182 0,596842105263158 -0,576 0,523015873015873 0,737301587301587 -1 -1 -1 -1 -1 -1 
0,640909090909091 0,603157894736842 -0,4 0,503968253968254 0,718253968253968 -1 -1 -1 -1 -1 -1 
0,620909090909091 0,648421052631578 -0,664 0,437301587301587 0,651587301587301 -1 -1 -1 -1 -1 -1 
0,666363636363636 0,53578947368421 -0,032 0,568253968253968 0,782539682539683 -1 -1 -1 -1 -1 -1 
0,675454545454545 0,498947368421052 -0,128 0,576984126984127 0,791269841269841 -1 -1 -1 -1 -1 -1 
0,655454545454545 0,441052631578947 -0,0640000000000001 0,542857142857143 0,757142857142857 -1 -1 -1 -1 -1 -1 
0,712727272727273 0,348421052631579 0,104 0,576984126984127 0,791269841269841 -0,968 -1 1 -1 -1 -1 
0,710909090909091 0,308421052631578 0,144 0,568253968253968 0,782539682539683 -0,796 -1 1 -1 -1 -1 
0,768181818181818 0,574736842105263 -0,664 0,601587301587302 0,815873015873016 -1 -1 -1 -1 -1 -1 
0,691818181818182 0,612631578947369 -0,536 0,557142857142857 0,771428571428571 -1 -1 -1 -1 -1 -1 
0,682727272727273 0,614736842105263 -0,4 0,557142857142857 0,771428571428571 -1 -1 -1 -1 -1 -1 
0,634545454545455 0,594736842105263 -0,472 0,501587301587302 0,715873015873016 -1 -1 -1 -1 -1 -1 
0,609090909090909 0,574736842105263 -0,456 0,487301587301587 0,701587301587302 -1 -1 -1 -1 -1 -1 
0,779090909090909 0,491578947368422 -0,864 0,596825396825397 0,811111111111111 -0,992 -1 1 -1 -1 -1 
0,749090909090909 0,466315789473684 -0,712 0,541269841269841 0,755555555555556 -0,832 1 -1 -1 -1 1 
0,762727272727273 0,465263157894737 -0,744 0,538888888888889 0,753174603174603 -0,984 1 1 -1 -1 -1 
0,785454545454546 0,427368421052632 -0,904 0,614285714285714 0,828571428571429 -0,94 -1 1 -1 -1 -1 
0,768181818181818 0,426315789473684 -0,672 0,6 0,814285714285714 -0,992 -1 -1 -1 -1 -1 
0,740909090909091 0,373684210526316 -0,24 0,582539682539683 0,796825396825397 -0,984 -1 1 -1 -1 -1 
0,693636363636364 0,429473684210526 -0,36 0,546825396825397 0,761111111111111 -0,78 -1 1 -1 -1 -1 
0,705454545454545 0,5 -0,536 0,546825396825397 0,761111111111111 -1 -1 -1 -1 -1 -1 
0,744545454545455 0,437894736842106 0,032 0,574603174603175 0,788888888888889 -0,996 -1 -1 -1 -1 -1 
0,702727272727273 0,507368421052632 -0,472 0,565873015873016 0,78015873015873 -1 -1 -1 -1 -1 -1 
0,567272727272727 0,634736842105263 -0,4 0,455555555555556 0,66984126984127 -1 -1 -1 -1 -1 -1 
0,576363636363636 0,596842105263158 -0,848 0,441269841269841 0,655555555555556 -1 -1 -1 -1 -1 -1 
0,588181818181818 0,48 -0,336 0,455555555555556 0,66984126984127 -1 -1 -1 -1 -1 -1 
0,680909090909091 0,422105263157895 -0,592 0,508730158730159 0,723015873015873 -1 1 -1 -1 -1 -1 
0,688181818181818 0,448421052631579 -0,728 0,537301587301587 0,751587301587302 -1 -1 -1 -1 -1 -1 
0,747272727272727 0,44 -0,312 0,605555555555556 0,81984126984127 -0,984 -1 -1 -1 -1 -1 
0,721818181818182 0,466315789473684 -0,8 0,531746031746032 0,746031746031746 -0,996 -1 -1 -1 -1 -1 
0,693636363636364 0,491578947368422 -0,736 0,512698412698413 0,726984126984127 -0,984 1 -1 -1 -1 -1 
0,691818181818182 0,524210526315789 -0,512 0,514285714285714 0,728571428571429 -0,904 -1 1 -1 -1 -1 
0,651818181818182 0,527368421052632 -0,00800000000000001 0,51031746031746 0,724603174603175 -0,828 -1 1 -1 -1 -1 
0,773636363636364 0,470526315789474 -0,496 0,684126984126984 0,898412698412698 -1 -1 -1 -1 -1 -1 
0,792727272727273 0,457894736842105 -0,608 0,68968253968254 0,903968253968254 -1 -1 -1 -1 -1 -1 
0,757272727272727 0,510526315789474 -0,736 0,634126984126984 0,848412698412699 -1 -1 -1 -1 -1 -1 
0,715454545454545 0,533684210526316 -0,808 0,55 0,764285714285714 -1 -1 -1 -1 -1 -1 
0,741818181818182 0,528421052631579 -0,648 0,582539682539683 0,796825396825397 -1 -1 -1 -1 -1 -1 
0,740909090909091 0,554736842105264 -0,416 0,53968253968254 0,753968253968254 -1 -1 -1 -1 -1 -1 
0,815454545454545 0,496842105263158 -0,184 0,61031746031746 0,824603174603175 -0,92 -1 1 -1 -1 1 
0,801818181818182 0,483157894736842 -0,504 0,61984126984127 0,834126984126984 -0,748 -1 1 -1 -1 1 
0,748181818181818 0,537894736842106 -0,248 0,58015873015873 0,794444444444444 -0,988 -1 1 -1 -1 -1 
0,714545454545454 0,630526315789475 -0,416 0,53968253968254 0,753968253968254 -1 -1 -1 -1 -1 -1 
0,756363636363636 0,526315789473684 -0,4 0,601587301587302 0,815873015873016 -1 -1 -1 -1 -1 -1 
0,772727272727273 0,5 -0,32 0,61031746031746 0,824603174603175 -1 -1 1 -1 -1 -1 
0,725454545454545 0,422105263157895 0,0720000000000001 0,56984126984127 0,784126984126984 -0,4 -1 1 -1 -1 -1 
0,702727272727273 0,468421052631579 -0,104 0,558730158730159 0,773015873015873 -0,996 -1 1 -1 -1 -1 
0,706363636363636 0,518947368421052 -0,184 0,562698412698413 0,776984126984127 -0,996 -1 1 -1 -1 -1 
0,709090909090909 0,493684210526316 -0,184 0,565873015873016 0,78015873015873 -1 -1 -1 -1 -1 -1 
0,731818181818182 0,462105263157895 -0,0640000000000001 0,562698412698413 0,776984126984127 -1 -1 1 -1 -1 -1 
0,684545454545455 0,501052631578948 -0,224 0,555555555555556 0,76984126984127 -0,936 -1 -1 -1 -1 -1 
0,713636363636364 0,514736842105263 -0,224 0,548412698412698 0,762698412698413 -1 -1 1 -1 -1 -1 
0,712727272727273 0,483157894736842 -0,2 0,562698412698413 0,776984126984127 -0,952 -1 1 -1 -1 -1 
