127720 99999  19861101    39.0  8    38.2  8  1019.6  8  9999.9  0    0.2  8    0.0  8  999.9  999.9    43.0    31.8   0.00D 999.9  100000 
127720 99999  19861102    43.5  8    42.1  8  1014.2  8  9999.9  0    0.3  8    0.2  8    1.9  999.9    46.6    41.0   0.00E 999.9  110000 
127720 99999  19861103    42.9  8    34.7  8  1022.5  8  9999.9  0   14.5  8    1.9  8    3.9  999.9    51.4    32.7*  0.12E 999.9  100000 
127720 99999  19861104    32.0  8    26.4  8  1028.2  8  9999.9  0    3.3  8    0.2  8    1.9  999.9    45.3    21.9   0.00D 999.9  000000 
127720 99999  19861105    33.8  8    29.7  8  1025.5  8  9999.9  0    1.7  8    0.3  7    1.9  999.9    48.7    22.1   0.00D 999.9  000000 
127720 99999  19861106    43.6  8    35.4  8  1018.2  8  9999.9  0    4.1  8    4.9  8    9.7  999.9    50.7    29.5   0.01E 999.9  000000 
127720 99999  19861107    40.8  8    26.8  8  1020.8  8  9999.9  0   15.5  8    3.6  8    5.8  999.9    51.1    31.3*  0.01E 999.9  000000 
127720 99999  19861108    35.1  8    27.6  8  1020.4  8  9999.9  0    3.3  8    0.7  8    1.9  999.9    52.0    23.0   0.00D 999.9  000000 
127720 99999  19861109    32.7  9    29.0  9  1023.9  9  9999.9  0    0.9  9    0.2  9    1.9  999.9    44.8    23.7   0.00D 999.9  100000 
127720 99999  19861110    31.6  8    29.0  8  1031.3  8  9999.9  0    0.6  8    0.2  8    1.9  999.9    47.7    23.9   0.00D 999.9  100000 
127720 99999  19861111    30.8  8    28.2  8  1032.2  8  9999.9  0    0.8  8    0.2  8    1.9  999.9    46.8    21.2   0.00D 999.9  100000 
127720 99999  19861112    31.9  8    29.5  8  1031.1  8  9999.9  0    0.5  8    0.0  8  999.9  999.9    40.6    26.6   0.00D 999.9  100000 
127720 99999  19861113    32.0  8    29.1  8  1031.5  8  9999.9  0    0.5  8    0.0  8  999.9  999.9    47.5    22.8   0.00D 999.9  100000 
127720 99999  19861114    31.5  8    30.4  8  1029.6  8  9999.9  0    0.3  8    0.5  8    1.9  999.9    43.7    21.9   0.00D 999.9  100000 
127720 99999  19861115    40.3  8    36.4  8  1028.1  8  9999.9  0    1.1  8    1.2  8    5.8  999.9    49.6    30.9   0.00D 999.9  100000 
127720 99999  19861116    41.9  8    38.6  8  1028.5  8  9999.9  0    1.0  8    0.0  8  999.9  999.9    50.7    35.2   0.00D 999.9  000000 
127720 99999  19861117    38.3  7    36.1  7  1028.7  7  9999.9  0    0.6  7    0.0  7  999.9  999.9    56.1    31.1   0.00D 999.9  100000 
127720 99999  19861118    40.0  8    37.2  8  1028.0  8  9999.9  0    0.4  8    0.2  8    1.9  999.9    52.3    29.8   0.00D 999.9  100000 
127720 99999  19861119    40.9  7    38.7  7  1026.8  7  9999.9  0    0.6  7    1.9  7    3.9  999.9    44.2    37.6*  0.00D 999.9  100000 
127720 99999  19861120    38.6  8    36.3  8  1024.8  8  9999.9  0    1.3  8    2.7  8    3.9  999.9    39.9*   37.8*  0.00E 999.9  110000 
127720 99999  19861121    37.4  8    34.7  8  1023.0  8  9999.9  0    1.5  8    0.0  8  999.9  999.9    38.7    36.0*  0.00E 999.9  010000 
127720 99999  19861122    36.6  8    34.7  8  1019.4  7  9999.9  0    1.3  8    0.7  8    1.9  999.9    40.1    34.7   0.02E 999.9  010000 
127720 99999  19861123    39.1  8    35.6  8  1013.2  8  9999.9  0    2.4  8    2.4  8    5.8  999.9    47.1    33.1*  0.01E 999.9  000000 
127720 99999  19861124    40.2  8    37.4  8  1016.6  8  9999.9  0    1.0  8    0.0  8  999.9  999.9    50.0    29.1   0.00E 999.9  010000 
127720 99999  19861125    41.3  8    39.7  8  1026.4  8  9999.9  0    1.0  8    0.5  8    1.9  999.9    47.5    32.0*  0.00E 999.9  110000 
127720 99999  19861126    37.0  8    36.2  8  1029.6  8  9999.9  0    0.1  8    0.0  8  999.9  999.9    38.8    31.8   0.00D 999.9  100000 
127720 99999  19861127    36.8  8    36.0  8  1031.9  8  9999.9  0    0.4  8    1.0  8    3.9  999.9    40.6    32.0   0.00D 999.9  100000 
127720 99999  19861128    41.7  8    35.6  8  1036.1  8  9999.9  0    5.0  8    3.6  8    7.8  999.9    49.3    35.6*  0.04F 999.9  010000 
127720 99999  19861129    32.3  8    29.0  8  1036.1  8  9999.9  0    1.6  8    0.5  8    1.9  999.9    41.7    25.2   0.00D 999.9  100000 
127720 99999  19861130    27.5  8    25.3  8  1035.2  8  9999.9  0    0.1  8    0.0  8  999.9  999.9    38.8*   23.0   0.00D 999.9  100000 
127720 99999  19861201    28.9  8    28.4  8  1033.6  8  9999.9  0    0.9  8    0.0  8  999.9  999.9    29.8    27.0   0.00F 999.9  110000 
127720 99999  19861202    32.1  8    30.4  8  1030.8  8  9999.9  0    1.4  8    0.0  8  999.9  999.9    34.5    29.5   0.00E 999.9  000000 
127720 99999  19861203    33.4  7    31.5  7  1036.0  7  9999.9  0    1.4  7    2.5  7    5.8  999.9    35.1    32.0   0.00D 999.9  000000 
127720 99999  19861204    33.1  8    31.6  8  1035.6  8  9999.9  0    1.4  8    1.7  8    3.9  999.9    34.2    30.6   0.00D 999.9  000000 
127720 99999  19861205    31.1  8    29.8  8  1033.3  8  9999.9  0    1.2  8    0.2  8    1.9  999.9    32.0    30.2   0.00D 999.9  010000 
127720 99999  19861206    29.9  8    29.1  8  1026.2  8  9999.9  0    0.6  8    0.2  8    1.9  999.9    30.2    29.5*  0.00F 999.9  110000 
127720 99999  19861207    29.9  7    28.7  7  1029.0  7  9999.9  0    0.7  7    0.6  7    3.9  999.9    35.2    26.2*  0.00D 999.9  100000 
127720 99999  19861208    26.9  8    26.5  8  1033.7  8  9999.9  0    0.1  8    0.2  8    1.9  999.9    29.3    23.7   0.00D 999.9  100000 
127720 99999  19861209    25.6  8    25.1  8  1033.3  8  9999.9  0    0.1  8    0.0  8  999.9  999.9    27.5    24.4   0.00F 999.9  100000 
127720 99999  19861210    22.7  8    21.8  8  1036.0  8  9999.9  0    0.1  8    0.0  8  999.9  999.9    23.9    21.2   0.00D 999.9  100000 
127720 99999  19871101    33.5  8    27.5  8  1026.2  8  9999.9  0    2.5  8    0.0  8  999.9  999.9    48.4    21.2   0.00D 999.9  000000 
127720 99999  19871102    33.8  8    29.9  8  1024.1  8  9999.9  0    0.9  8    0.0  8  999.9  999.9    43.7    25.0   0.00D 999.9  000000 
127720 99999  19871103    37.8  8    35.2  8  1027.1  7  9999.9  0    0.5  8    0.0  8  999.9  999.9    41.4    34.7   0.00E 999.9  110000 
127720 99999  19871104    40.4  8    32.4  8  1031.7  8  9999.9  0    4.8  8    1.0  8    5.8  999.9    49.8    29.3   0.00D 999.9  000000 
127720 99999  19871105    40.0  8    30.0  8  1033.5  8  9999.9  0    4.2  8    1.0  8    3.9  999.9    51.1    30.9*  0.00D 999.9  000000 
127720 99999  19871106    35.1  8    28.6  8  1028.8  8  9999.9  0    1.9  8    0.0  8  999.9  999.9    49.6    24.3   0.00D 999.9  000000 
127720 99999  19871107    39.8  8    34.7  8  1024.3  8  9999.9  0    1.1  8    0.0  8  999.9  999.9    49.6    28.8   0.00D 999.9  100000 
127720 99999  19871108    39.0  8    33.8  8  1019.0  8  9999.9  0    2.1  8    0.5  8    1.9  999.9    49.5    29.3*  0.00D 999.9  100000 
127720 99999  19871109    34.3  8    31.9  8  1018.5  8  9999.9  0    0.7  8    0.0  8  999.9  999.9    39.0    27.3   0.00D 999.9  100000 
127720 99999  19871110    39.0  8    35.5  8  1014.3  8  9999.9  0    1.1  8    0.0  8  999.9  999.9    46.4    31.3   0.00D 999.9  100000 
127720 99999  19871111    42.5  8    38.6  8  1013.2  8  9999.9  0    1.4  8    0.0  8  999.9  999.9    48.0    39.4   0.00D 999.9  100000 
127720 99999  19871112    36.5  8    35.3  8  1012.5  8  9999.9  0    0.3  8    1.2  8    3.9  999.9    40.5    31.1   0.00D 999.9  110000 
127720 99999  19871113    41.7  8    40.7  8  1009.6  8  9999.9  0    1.0  8    0.7  8    3.9  999.9    43.2    38.8   0.04F 999.9  110000 
127720 99999  19871114    47.7  8    44.9  8  1005.5  8  9999.9  0    4.6  8    2.2  8    5.8  999.9    50.9    42.4   0.33F 999.9  110000 
127720 99999  19871115    43.8  8    41.2  8  1016.5  8  9999.9  0    1.3  8    0.0  8  999.9  999.9    48.9    40.5*  0.00F 999.9  010000 
127720 99999  19871116    40.2  8    38.2  8  1021.9  8  9999.9  0    0.6  8    0.2  8    1.9  999.9    46.2    36.3   0.00D 999.9  100000 
127720 99999  19871117    41.4  8    39.3  8  1022.1  8  9999.9  0    0.7  8    0.0  8  999.9  999.9    43.3    37.6   0.00E 999.9  000000 
127720 99999  19871118    42.5  8    39.8  8  1023.6  8  9999.9  0    1.4  8    1.0  8    3.9  999.9    49.1    37.4*  0.00D 999.9  000000 
127720 99999  19871119    40.4  8    36.3  8  1022.6  8  9999.9  0    2.0  8    0.0  8  999.9  999.9    48.7    32.7   0.01E  74.8  010000 
127720 99999  19871120    40.1  8    36.8  8  1007.8  8  9999.9  0    2.0  8    0.7  8    1.9  999.9    43.9    37.4   0.25F 999.9  010000 
127720 99999  19871121    40.2  8    36.3  8  1009.8  8  9999.9  0    2.6  7    2.7  8    3.9  999.9    45.5    36.1*  0.08E 999.9  110000 
127720 99999  19871122    39.5  8    35.6  8  1005.8  8  9999.9  0    5.4  8    2.4  8    7.8  999.9    44.8    32.7*  0.00F 999.9  010000 
127720 99999  19871123    32.5  8    31.6  8  1007.7  8  9999.9  0    0.6  8    0.5  8    1.9  999.9    38.3    28.0   0.00D 999.9  100000 
127720 99999  19871124    37.2  8    35.7  8  1012.3  8  9999.9  0    0.8  8    0.0  8  999.9  999.9    41.2    31.1   0.04E 999.9  110000 
127720 99999  19871125    45.8  8    44.0  8  1006.8  8  9999.9  0    1.8  8    0.5  8    1.9  999.9    54.0    36.5   0.20F 999.9  010000 
127720 99999  19871126    48.1  8    46.6  8  1009.5  8  9999.9  0    1.4  8    0.0  8  999.9  999.9    52.0    43.9   0.04E 999.9  100000 
127720 99999  19871127    48.8  8    46.8  8  1002.7  8  9999.9  0    2.3  8    1.7  8    5.8  999.9    54.0    44.6   0.67F 999.9  010010 
127720 99999  19871128    44.3  8    41.4  8  1015.6  8  9999.9  0    4.0  8    0.0  8  999.9  999.9    47.5    40.8   0.00E 999.9  000000 
127720 99999  19871129    40.6  8    38.1  8  1021.9  8  9999.9  0    2.1  8    0.2  8    1.9  999.9    49.8    35.2   0.00D 999.9  000000 
127720 99999  19871130    44.1  8    39.4  8  1022.6  8  9999.9  0    3.8  8    1.0  8    1.9  999.9    54.0    36.5   0.00D 999.9  000000 
127720 99999  19871201    41.1  7    35.1  7  1022.9  7  9999.9  0   11.3  7    4.7  7    9.7  999.9    45.5    30.6   0.00H 999.9  010000 
127720 99999  19871202    37.1  7    34.2  7  1026.3  7  9999.9  0    5.5  7    4.2  7   11.7  999.9    38.1    36.0*  0.20F 999.9  010000 
127720 99999  19871203    35.1  8    28.4  8  1032.5  8  9999.9  0    9.6  8    2.2  8    3.9  999.9    41.7    25.5*  0.00D 999.9  000000 
127720 99999  19871204    26.9  7    22.8  7  1035.1  7  9999.9  0    2.4  7    0.0  7  999.9  999.9    35.2    21.9   0.00D 999.9  100000 
127720 99999  19871205    31.8  8    30.3  8  1026.5  8  9999.9  0    1.3  8    0.0  8  999.9  999.9    33.1    26.6   0.00E 999.9  011000 
127720 99999  19871206    34.2  8    32.7  8  1014.0  8  9999.9  0    1.3  8    0.0  8  999.9  999.9    37.6    32.2   0.08F 999.9  010000 
127720 99999  19871207    35.3  9    34.4  9  1009.5  9  9999.9  0    1.2  8    0.0  9  999.9  999.9    38.7    34.0   0.10F 999.9  010000 
127720 99999  19871208    29.0  8    24.7  8  1020.1  8  9999.9  0    7.5  8    1.0  8    3.9  999.9    34.2*   17.6*  0.08E 999.9  001000 
127720 99999  19871209    18.0  8    13.2  8  1022.8  8  9999.9  0    3.7  8    0.2  8    1.9  999.9    29.8    10.4   0.00D 999.9  000000 
127720 99999  19871210    17.1  9    14.0  9  1018.0  9  9999.9  0    1.2  9    0.0  9  999.9  999.9    29.1    10.8   0.00D 999.9  000000 
127720 99999  19881101    33.0  8    27.8  8  1022.2  8  9999.9  0    2.1  8    1.0  8    1.9  999.9    44.6    22.5   0.00D 999.9  000000 
127720 99999  19881102    41.2  8    31.4  8  1018.1  8  9999.9  0    6.1  8    4.1  8    5.8  999.9    50.4    29.8   0.00D 999.9  000000 
127720 99999  19881103    38.1  7    28.0  7  1023.7  7  9999.9  0   11.7  7    3.6  7    5.8  999.9    49.1    30.9*  0.01C 999.9  010000 
127720 99999  19881104    30.0  8    19.4  8  1034.9  8  9999.9  0    9.8  8    4.4  8    7.8  999.9    40.5    23.9*  0.00D 999.9  000000 
127720 99999  19881105    23.1  8    13.7  8  1033.4  8  9999.9  0    3.2  8    1.7  8    5.8  999.9    39.2    13.8   0.00D 999.9  000000 
127720 99999  19881106    23.6  8    17.6  8  1026.9  8  9999.9  0    1.7  8    1.5  8    3.9  999.9    41.4    10.0   0.00D 999.9  000000 
127720 99999  19881107    27.3  8    23.7  8  1022.8  8  9999.9  0    1.0  8    1.5  8    1.9  999.9    37.8    18.5   0.00D 999.9  000000 
127720 99999  19881108    31.6  9    27.7  9  1026.8  9  9999.9  0    1.0  9    0.9  9    1.9  999.9    38.5    22.6   0.00D 999.9  000000 
127720 99999  19881109    33.1  8    25.4  8  1031.1  8  9999.9  0    2.5  8    1.0  8    3.9  999.9    40.1    22.8*  0.00D 999.9  000000 
127720 99999  19881110    22.4  8    18.3  8  1035.4  8  9999.9  0    1.6  8    1.2  8    1.9  999.9    37.0    12.4   0.00D 999.9  000000 
127720 99999  19881111    22.2  8    18.9  8  1037.0  8  9999.9  0    0.9  8    0.5  8    1.9  999.9    35.6    13.6   0.00D 999.9  100000 
127720 99999  19881112    23.2  8    21.7  8  1034.4  8  9999.9  0    0.2  8    1.0  8    1.9  999.9    32.7    13.5   0.00D 999.9  100000 
127720 99999  19881113    26.6  8    24.7  8  1025.7  8  9999.9  0    0.9  8    2.4  8    3.9  999.9    31.8    19.4   0.00D 999.9  110000 
127720 99999  19881114    28.4  8    27.5  8  1015.8  8  9999.9  0    0.5  8    1.5  8    3.9  999.9    31.3    23.9   0.16E 999.9  100000 
127720 99999  19881115    36.1  8    26.9  8  1017.2  8  9999.9  0   11.4  8    3.4  8    5.8  999.9    48.4    26.6   0.00D 999.9  000000 
127720 99999  19881116    33.8  7    22.4  7  1025.9  7  9999.9  0   11.1  7    3.9  7    5.8  999.9    45.7    25.7   0.00D 999.9  000000 
127720 99999  19881117    26.3  8    22.9  8  1028.7  8  9999.9  0    1.6  8    1.2  8    1.9  999.9    41.0    16.7   0.00D 999.9  000000 
127720 99999  19881118    27.3  8    26.6  8  1021.7  8  9999.9  0    0.4  8    0.5  8    1.9  999.9    31.8    18.7   0.00D 999.9  100000 
127720 99999  19881119    33.7  8    31.3  8  1012.0  8  9999.9  0    0.8  8    1.7  8    3.9  999.9    39.2    29.7   0.04E 999.9  110000 
127720 99999  19881120    30.0  9    22.1  9  1015.3  9  9999.9  0    4.2  9    2.2  9    3.9  999.9    37.4    21.2*  0.00D 999.9  000000 
127720 99999  19881121    26.0  8    19.8  8  1007.8  8  9999.9  0    2.2  8    1.7  8    3.9  999.9    32.9    17.4   0.00D 999.9  000000 
127720 99999  19881122    28.0  8    20.0  8  1013.0  8  9999.9  0    6.8  8    6.8  8   11.7  999.9    33.8    20.1*  0.13F   2.4  001000 
127720 99999  19881123    16.7  8     9.7  8  1025.9  8  9999.9  0    3.3  8    1.5  8    1.9  999.9    32.9     8.1*  0.00D   2.4  000000 
127720 99999  19881124    13.0  8     9.9  8  1027.8  8  9999.9  0    1.2  8    1.2  8    3.9  999.9    25.3     4.1   0.00D   2.0  100000 
127720 99999  19881125    17.7  8    15.6  8  1022.7  8  9999.9  0    1.2  8    2.2  8    3.9  999.9    20.5*   10.6   0.01E   2.0  001000 
127720 99999  19881126    23.8  7    22.5  7  1021.4  7  9999.9  0    0.8  7    1.1  7    1.9  999.9    26.2    19.8   0.00E   2.4  100000 
127720 99999  19881127    27.5  8    26.6  8  1021.5  8  9999.9  0    0.2  8    1.5  8    1.9  999.9    29.8*   23.0   0.00D   2.4  100000 
127720 99999  19881128    30.9  8    29.5  8  1024.3  8  9999.9  0    0.5  8    2.4  8    5.8  999.9    32.2    29.1   0.00D   2.0  100000 
127720 99999  19881129    38.4  8    30.6  8  1006.1  8  9999.9  0    5.0  8    8.0  8   17.5  999.9    48.9    30.7   0.00E   2.0  010000 
127720 99999  19881130    32.9  8    16.6  8  1011.1  8  9999.9  0    7.3  8    2.9  8    7.8  999.9    39.4    28.8*  0.00C 999.9  000000 
127720 99999  19881201    26.4  8    20.7  8  1013.1  8  9999.9  0    4.3  8    2.2  8    3.9  999.9    28.4*   23.2   0.10F   0.8  011000 
127720 99999  19881202    34.0  8    32.6  8  1007.3  8  9999.9  0    2.6  8    1.9  8    1.9  999.9    38.5*   27.9   0.10F   1.2  010000 
127720 99999  19881203    38.0  8    37.2  8  1007.1  8  9999.9  0    0.6  8    1.0  8    1.9  999.9    39.6    36.1*  0.59F 999.9  110000 
127720 99999  19881204    37.0  8    36.1  8  1013.0  8  9999.9  0    0.6  8    2.4  8    5.8  999.9    40.1*   35.4   0.08E 999.9  100000 
127720 99999  19881205    42.1  8    35.2  8  1000.9  8  9999.9  0    4.6  8    6.6  8   13.6  999.9    49.3    35.8   0.08E 999.9  010000 
127720 99999  19881206    34.7  8    31.8  8  1001.4  8  9999.9  0    1.6  8    1.0  8    5.8  999.9    42.4*   29.7*  0.24F 999.9  111000 
127720 99999  19881207    33.1  7    30.6  7  1010.0  7  9999.9  0    1.5  7    1.9  7    1.9  999.9    39.9*   28.0   0.00H 999.9  110000 
127720 99999  19881208    32.6  7    31.6  7  1023.0  7  9999.9  0    1.1  7    0.8  7    1.9  999.9    35.4*   28.9*  0.12E   0.4  110000 
127720 99999  19881209    28.4  8    27.5  8  1024.0  8  9999.9  0    0.6  8    1.0  8    1.9  999.9    31.5    23.9   0.01E 999.9  101000 
127720 99999  19881210    30.8  8    29.4  8  1022.0  8  9999.9  0    1.1  8    0.5  8    1.9  999.9    32.7    29.5*  0.00D 999.9  100000 








































































































































































































































































































































































































































































































































































































































































































































































































































































