127720 99999  19860616    74.1  8    60.9  8  1018.1  8  9999.9  0   11.0  8    1.9  8    3.9  999.9    86.7    58.3   0.00D 999.9  000000 
127720 99999  19860617    73.1  8    58.9  8  1015.6  8  9999.9  0    7.2  8    1.0  8    1.9  999.9    87.4    57.6   0.00D 999.9  000000 
127720 99999  19860618    73.5  8    62.6  8  1014.8  8  9999.9  0    4.3  8    0.7  8    1.9  999.9    90.1    57.7   0.00D 999.9  000000 
127720 99999  19860619    73.0  8    64.2  8  1015.6  8  9999.9  0    2.4  8    2.2  7    3.9  999.9    88.9    61.3   0.24E 999.9  010010 
127720 99999  19860620    72.4  8    63.3  8  1015.7  8  9999.9  0    2.5  8    1.5  8    3.9  999.9    86.9    60.6   0.01E 999.9  000010 
127720 99999  19860621    66.9  8    62.1  8  1012.5  8  9999.9  0    2.9  8    1.5  8    5.8  999.9    79.5    60.6   0.31F 999.9  010010 
127720 99999  19860622    65.9  8    54.8  8  1012.1  8  9999.9  0    6.5  8    1.5  8    3.9  999.9    73.6    58.6   0.00D 999.9  000000 
127720 99999  19860623    60.2  7    50.1  7  1012.7  7  9999.9  0    7.5  7    1.9  7    5.8  999.9    71.2    54.5   0.03E 999.9  010000 
127720 99999  19860624    61.3  8    46.7  8  1016.2  8  9999.9  0   10.3  8    1.7  8    3.9  999.9    74.1    45.0   0.00D 999.9  000000 
127720 99999  19860625    60.6  8    49.2  8  1019.0  8  9999.9  0    9.4  8    2.4  8    3.9  999.9    71.6    48.0   0.00E 999.9  010000 
127720 99999  19860626    62.4  8    48.0  8  1019.4  7  9999.9  0    9.9  8    1.9  8    3.9  999.9    75.4    44.1   0.00D 999.9  000000 
127720 99999  19860627    65.9  8    52.4  8  1017.0  8  9999.9  0   10.5  8    3.2  8    3.9  999.9    73.6    60.4   0.00D 999.9  000000 
127720 99999  19860628    65.5  8    57.0  8  1017.2  8  9999.9  0    3.4  8    1.9  8    3.9  999.9    78.3    54.1   0.12E 999.9  010010 
127720 99999  19860629    63.0  8    56.3  8  1011.4  8  9999.9  0    3.2  8    1.7  8    3.9  999.9    77.4    49.8   0.24E 999.9  010010 
127720 99999  19860630    65.3  8    56.8  8  1013.6  8  9999.9  0    7.8  8    3.9  8    7.8  999.9    74.3    55.4   0.04F 999.9  010000 
127720 99999  19860701    69.0  8    55.4  8  1017.1  8  9999.9  0   10.7  8    3.2  8    5.8  999.9    81.7    52.5   0.00D 999.9  000000 
127720 99999  19860702    70.2  8    55.8  8  1018.2  8  9999.9  0    9.2  8    2.7  8    5.8  999.9    83.5    51.8   0.00D 999.9  000000 
127720 99999  19860703    70.2  8    58.5  8  1018.4  8  9999.9  0    7.7  8    0.5  8    1.9  999.9    83.7    54.5   0.00E 999.9  000000 
127720 99999  19860704    73.1  8    59.4  8  1018.5  8  9999.9  0    6.5  8    0.7  8    1.9  999.9    88.5    55.8   0.00D 999.9  000000 
127720 99999  19860705    74.2  8    60.4  8  1017.0  8  9999.9  0    5.9  8    0.5  8    1.9  999.9    89.2    57.2   0.00E 999.9  010000 
127720 99999  19860706    76.2  8    61.8  8  1011.1  8  9999.9  0    4.3  8    2.7  8    5.8  999.9    88.9    59.9   0.00D 999.9  000000 
127720 99999  19860707    72.6  7    60.4  7  1006.5  7  9999.9  0   10.4  7    1.9  7    3.9  999.9    80.8    61.9   0.00E 999.9  010000 
127720 99999  19860708    63.3  8    57.9  8  1008.6  8  9999.9  0    6.4  8    1.9  8    3.9  999.9    68.0    59.0*  0.30F 999.9  010000 
127720 99999  19860709    58.3  8    54.0  8  1014.0  8  9999.9  0    2.8  8    1.9  8    3.9  999.9    65.1    54.5*  0.43F 999.9  010000 
127720 99999  19860710    59.7  8    50.4  8  1014.7  8  9999.9  0    4.3  8    2.9  8    7.8  999.9    71.6    46.9   0.00E 999.9  010000 
127720 99999  19860711    61.2  8    49.5  8  1015.6  8  9999.9  0    6.1  8    3.9  8    7.8  999.9    70.0    50.0   0.00E 999.9  000000 
127720 99999  19860712    61.7  8    47.0  8  1016.1  8  9999.9  0   10.5  8    2.4  8    5.8  999.9    70.9    48.6   0.00D 999.9  000000 
127720 99999  19860713    59.7  8    49.3  8  1016.9  8  9999.9  0    4.9  8    0.7  8    3.9  999.9    73.8    44.2   0.00D 999.9  000000 
127720 99999  19860714    63.3  9    50.2  9  1018.1  9  9999.9  0    6.9  9    1.5  9    3.9  999.9    75.4    50.9   0.00D 999.9  000000 
127720 99999  19860715    65.3  8    50.3  8  1020.7  8  9999.9  0    6.1  8    2.7  8    3.9  999.9    77.4    48.9   0.00D 999.9  000000 
127720 99999  19860716    66.4  8    52.2  8  1023.9  8  9999.9  0    5.8  8    1.0  8    1.9  999.9    80.8    48.2   0.00D 999.9  000000 
127720 99999  19860717    69.1  8    54.3  8  1018.8  8  9999.9  0    3.6  8    0.5  8    1.9  999.9    84.4    49.1   0.00D 999.9  000000 
127720 99999  19860718    70.6  8    59.5  8  1012.7  8  9999.9  0    3.2  8    1.2  8    5.8  999.9    85.3    54.3   0.00D 999.9  000000 
127720 99999  19860719    68.4  8    61.2  8  1013.2  8  9999.9  0    2.4  8    1.0  8    1.9  999.9    78.6    58.6   0.00E 999.9  000010 
127720 99999  19860720    69.4  8    61.9  8  1015.7  8  9999.9  0    2.6  8    1.5  8    3.9  999.9    77.7    63.5   0.00E 999.9  010000 
127720 99999  19860721    64.2  8    59.4  8  1015.6  8  9999.9  0    2.4  8    1.0  8    1.9  999.9    68.0    61.2   0.08E 999.9  010000 
127720 99999  19860722    68.2  8    58.2  8  1014.2  8  9999.9  0    4.7  8    1.2  8    1.9  999.9    78.4    60.3   0.00D 999.9  010000 
127720 99999  19860723    70.3  8    59.5  8  1014.1  8  9999.9  0    3.0  8    2.4  8    5.8  999.9    85.8*   56.8   0.00E 999.9  000000 
127720 99999  19860724    69.4  8    59.2  8  1008.7  8  9999.9  0    5.7  8    3.4  8    9.7  999.9    80.2    59.4*  0.00D 999.9  010000 
127720 99999  19860725    62.6  9    47.2  9  1014.1  9  9999.9  0   18.0  9    4.7  9    7.8  999.9    69.8    50.7   0.39E 999.9  010000 
127720 99999  19860726    62.7  8    53.2  8  1014.4  8  9999.9  0    6.4  8    1.5  8    3.9  999.9    71.6    52.9   0.01F 999.9  010000 
127720 99999  19860727    66.2  8    53.7  8  1016.6  8  9999.9  0    8.5  8    1.7  8    3.9  999.9    75.4    56.3   0.00D 999.9  000000 
127720 99999  19860728    66.8  8    53.6  8  1020.4  8  9999.9  0    7.9  8    1.7  8    3.9  999.9    77.7    54.5   0.00D 999.9  000000 
127720 99999  19860729    66.9  8    54.0  8  1019.1  8  9999.9  0    6.1  8    1.2  8    3.9  999.9    81.7    50.0   0.00D 999.9  000000 
127720 99999  19860730    70.1  8    56.5  8  1015.0  8  9999.9  0    6.6  8    0.2  8    1.9  999.9    86.0    52.9   0.00D 999.9  000000 
127720 99999  19860731    75.4  9    61.1  9  1015.1  9  9999.9  0    3.1  9    1.9  9    5.8  999.9    87.1    57.2   0.00D 999.9  000000 
127720 99999  19860801    74.1  8    63.0  8  1017.0  8  9999.9  0    4.3  8    2.7  8    7.8  999.9    90.0    61.7   0.47E 999.9  010000 
127720 99999  19860802    73.5  8    64.1  8  1021.2  8  9999.9  0    3.7  8    0.5  8    1.9  999.9    85.1    64.4   0.04E 999.9  010010 
127720 99999  19860803    74.8  8    63.3  8  1021.5  8  9999.9  0    3.8  8    0.5  8    1.9  999.9    88.3    60.8   0.00D 999.9  000000 
127720 99999  19860804    75.0  8    62.8  8  1018.1  8  9999.9  0    3.2  8    1.2  8    3.9  999.9    88.9    59.0   0.00D 999.9  000000 
127720 99999  19860805    77.3  8    63.1  8  1015.9  8  9999.9  0    4.2  8    1.0  8    1.9  999.9    90.3    62.8   0.00D 999.9  000000 
127720 99999  19860806    71.1  8    61.0  8  1019.1  8  9999.9  0    5.9  8    4.9  8    9.7  999.9    78.4    65.3   0.12E 999.9  010010 
127720 99999  19860807    72.9  9    62.1  9  1016.2  9  9999.9  0    6.8  9    0.6  9    1.9  999.9    87.4    57.7   0.00D 999.9  000000 
127720 99999  19860808    73.1  8    62.5  8  1013.9  8  9999.9  0    3.1  8    2.7  8    9.7  999.9    89.4    59.2   0.00E 999.9  010010 
127720 99999  19860809    69.9  8    62.4  8  1015.8  8  9999.9  0    3.2  8    1.0  8    1.9  999.9    81.7    62.8   0.15F 999.9  010010 
127720 99999  19860810    71.6  8    61.0  8  1018.4  8  9999.9  0    4.1  8    0.5  8    1.9  999.9    84.9    57.2   0.00D 999.9  000000 
127720 99999  19860811    71.2  9    63.0  9  1017.8  9  9999.9  0    2.1  9    1.1  9    3.9  999.9    81.5    58.1   0.00D 999.9  000000 
127720 99999  19860812    73.8  7    63.9  7  1013.4  7  9999.9  0    2.4  7    1.9  7    5.8  999.9    89.2    61.5   0.00D 999.9  000000 
127720 99999  19860813    71.7  8    61.1  7  1009.4  8  9999.9  0    8.9  8    3.4  8    7.8  999.9    81.3    63.5   0.02E 999.9  010010 
127720 99999  19860814    68.5  8    54.3  8  1015.9  8  9999.9  0    9.8  8    1.9  8    5.8  999.9    79.5*   55.0   0.00D 999.9  000000 
127720 99999  19860815    64.8  7    52.3  6  1018.6  7  9999.9  0   11.0  7    0.8  7    1.9  999.9    79.9    50.9   0.00D 999.9  000000 
127720 99999  19870616    65.4  8    53.2  8  1005.9  8  9999.9  0   11.4  8    3.6  8    7.8  999.9    72.1    58.5*  0.09F 999.9  000010 
127720 99999  19870617    54.7  8    46.6  8  1014.5  8  9999.9  0    4.9  8    0.7  8    1.9  999.9    63.9    50.7*  0.04E 999.9  010000 
127720 99999  19870618    57.6  6    48.6  6  1012.5  6  9999.9  0    6.9  6    1.9  6    3.9  999.9    69.1    44.2   0.24D 999.9  110100 
127720 99999  19870619    59.1  8    45.4  8  1012.0  8  9999.9  0    9.1  8    1.7  8    3.9  999.9    69.8    48.4   0.00D 999.9  000000 
127720 99999  19870620    60.9  8    46.7  8  1010.3  8  9999.9  0    6.0  8    1.7  8    3.9  999.9    75.2    42.8   0.00D 999.9  000000 
127720 99999  19870621    65.6  8    53.9  8  1010.7  8  9999.9  0    5.5  8    1.5  8    5.8  999.9    79.5    52.7   0.00E 999.9  000000 
127720 99999  19870622    65.9  7    55.7  7  1014.5  7  9999.9  0    2.4  7    1.7  7    3.9  999.9    78.1*   57.4   0.00E 999.9  010000 
127720 99999  19870623    64.4  8    54.1  8  1017.8  8  9999.9  0    4.0  8    1.0  8    3.9  999.9    75.2    53.1   0.24E 999.9  000000 
127720 99999  19870624    65.7  8    53.6  8  1016.0  8  9999.9  0    4.6  8    1.7  8    3.9  999.9    77.0    53.6   0.00E 999.9  000000 
127720 99999  19870625    67.2  8    53.4  8  1016.2  8  9999.9  0    9.3  8    3.2  8    5.8  999.9    75.2    60.4   0.00E 999.9  000000 
127720 99999  19870626    65.3  8    53.0  8  1019.7  8  9999.9  0    6.8  8    1.9  8    3.9  999.9    77.7    49.3   0.00D 999.9  000000 
127720 99999  19870627    68.7  8    57.5  8  1017.5  8  9999.9  0    4.7  8    1.0  8    1.9  999.9    84.7    52.2   0.00D 999.9  000010 
127720 99999  19870628    72.3  8    60.8  8  1020.8  8  9999.9  0    5.2  8    1.2  8    1.9  999.9    84.0    61.7   0.00D 999.9  000000 
127720 99999  19870629    74.1  8    63.9  8  1025.1  8  9999.9  0    4.8  8    0.7  8    1.9  999.9    85.3    59.7   0.00D 999.9  000000 
127720 99999  19870630    75.7  8    65.2  8  1022.8  8  9999.9  0    2.9  8    0.7  8    1.9  999.9    89.2    61.2   0.00D 999.9  000000 
127720 99999  19870701    77.3  8    65.8  8  1017.6  8  9999.9  0    3.0  8    1.2  8    3.9  999.9    89.4    63.5   0.00D 999.9  000000 
127720 99999  19870702    77.9  8    67.1  8  1016.8  8  9999.9  0    2.8  8    1.9  8    3.9  999.9    91.4    64.4   0.00D 999.9  000000 
127720 99999  19870703    75.0  9    63.9  9  1018.2  9  9999.9  0    4.7  9    3.2  9    3.9  999.9    86.0    67.6   0.00D 999.9  000000 
127720 99999  19870704    74.1  7    59.8  7  1016.8  7  9999.9  0    6.9  7    3.9  7    5.8  999.9    83.3    64.4   0.00C 999.9  000000 
127720 99999  19870705    67.3  8    55.8  8  1019.0  8  9999.9  0    9.3  8    4.2  7    7.8  999.9    76.3    60.8   0.00D 999.9  000000 
127720 99999  19870706    67.5  8    52.0  8  1022.6  8  9999.9  0   15.9  8    3.6  8    5.8  999.9    79.3    54.3   0.00D 999.9  000000 
127720 99999  19870707    66.9  8    50.7  8  1021.1  7  9999.9  0   17.1  8    1.0  8    1.9  999.9    81.9    47.3   0.00D 999.9  000000 
127720 99999  19870708    70.8  8    55.3  8  1016.3  8  9999.9  0    9.0  8    2.4  8    5.8  999.9    85.1    51.1   0.00D 999.9  000000 
127720 99999  19870709    71.4  8    60.6  8  1012.6  8  9999.9  0    5.8  8    2.7  8    7.8  999.9    86.5    56.5   0.02E 999.9  010000 
127720 99999  19870710    69.2  8    54.4  8  1017.7  8  9999.9  0    5.8  8    1.9  8    3.9  999.9    78.1    61.7*  0.01E 999.9  000000 
127720 99999  19870711    68.6  9    51.6  9  1019.7  9  9999.9  0    5.9  9    1.2  8    1.9  999.9    82.4    49.1   0.00D 999.9  000000 
127720 99999  19870712    70.7  8    56.8  8  1016.1  8  9999.9  0    5.3  8    1.9  8    5.8  999.9    85.1    50.0   0.00D 999.9  000000 
127720 99999  19870713    72.3  8    62.5  8  1014.9  8  9999.9  0    4.5  8    1.5  8    1.9  999.9    86.9    61.5*  0.03E 999.9  010000 
127720 99999  19870714    70.7  8    56.2  8  1018.6  8  9999.9  0   10.4  8    3.4  8    5.8  999.9    81.0    61.7*  0.00D 999.9  000000 
127720 99999  19870715    71.3  8    57.2  8  1018.5  8  9999.9  0   11.0  8    2.2  8    3.9  999.9    84.9    55.6   0.00D 999.9  000000 
127720 99999  19870716    71.3  9    62.2  9  1014.5  9  9999.9  0    3.9  9    1.1  9    1.9  999.9    84.2    59.2   0.08E 999.9  010000 
127720 99999  19870717    76.5  8    62.8  8  1007.4  8  9999.9  0    3.7  8    1.7  8    5.8  999.9    90.5    59.0   0.00D 999.9  000000 
127720 99999  19870718    80.6  7    64.8  7  1006.7  7  9999.9  0    9.8  7    3.3  7    7.8  999.9    91.4    59.0   0.00C 999.9  000000 
127720 99999  19870719    79.9  8    64.2  8  1009.4  8  9999.9  0    9.1  8    1.9  8    5.8  999.9    95.7    63.5   0.00D 999.9  000000 
127720 99999  19870720    78.6  7    63.6  7  1008.8  6  9999.9  0    7.0  7    2.5  7    5.8  999.9    93.6    66.0   0.00D 999.9  000000 
127720 99999  19870721    77.7  8    62.2  8  1010.8  8  9999.9  0    5.8  8    1.7  8    3.9  999.9    93.0    58.1   0.00D 999.9  000000 
127720 99999  19870722    76.7  8    59.3  8  1013.8  8  9999.9  0    8.2  8    2.7  8    5.8  999.9    91.6    61.2   0.00D 999.9  000000 
127720 99999  19870723    77.4  8    62.3  8  1016.2  8  9999.9  0    6.1  8    1.5  8    1.9  999.9    92.8    59.9   0.00D 999.9  000000 
127720 99999  19870724    81.3  7    65.7  7  1012.9  7  9999.9  0    4.7  7    2.2  7    7.8  999.9    96.4    65.8   0.00D 999.9  000000 
127720 99999  19870725    70.2  8    65.7  8  1011.5  8  9999.9  0    4.4  8    2.7  8    5.8  999.9    79.5    63.3   0.43F 999.9  010010 
127720 99999  19870726    65.8  8    62.0  8  1009.2  8  9999.9  0    2.9  8    1.2  8    1.9  999.9    73.4    58.6*  0.35F 999.9  010010 
127720 99999  19870727    62.5  8    49.6  8  1013.6  8  9999.9  0    6.7  8    2.4  8    5.8  999.9    72.7    55.4   0.08E 999.9  010000 
127720 99999  19870728    63.5  8    52.6  8  1012.3  8  9999.9  0   10.3  8    4.6  8    9.7  999.9    70.7    55.8   0.12F 999.9  010000 
127720 99999  19870729    61.2  8    50.5  8  1016.1  7  9999.9  0    6.6  8    0.5  8    1.9  999.9    72.5    50.4   0.00D 999.9  000000 
127720 99999  19870730    65.3  8    54.8  8  1015.2  8  9999.9  0    4.3  8    0.7  8    3.9  999.9    77.7    54.7   0.00D 999.9  000000 
127720 99999  19870731    64.6  8    57.7  8  1011.9  8  9999.9  0    3.6  8    0.5  8    1.9  999.9    73.6    55.4   0.01F 999.9  010000 
127720 99999  19870801    67.7  8    54.2  8  1010.5  8  9999.9  0    6.4  8    2.4  8    5.8  999.9    79.3    58.1   0.00D 999.9  000000 
127720 99999  19870802    67.6  8    56.6  8  1009.2  8  9999.9  0    7.7  8    2.4  8    5.8  999.9    73.8    63.0*  0.03F 999.9  010000 
127720 99999  19870803    66.7  7    54.2  7  1012.3  7  9999.9  0   10.2  7    2.2  7    3.9  999.9    75.2    58.3   0.00E 999.9  010000 
127720 99999  19870804    62.4  8    57.8  8  1012.7  8  9999.9  0    5.7  8    0.5  8    3.9  999.9    72.7    58.5   0.16E 999.9  010000 
127720 99999  19870805    60.9  8    52.5  8  1011.5  8  9999.9  0    3.3  8    0.0  8  999.9  999.9    66.6    57.0   0.01E 999.9  000000 
127720 99999  19870806    59.6  7    48.4  6  1011.8  7  9999.9  0    5.6  7    1.9  7    5.8  999.9    69.1    51.6   0.12E 999.9  010000 
127720 99999  19870807    56.1  8    47.3  8  1017.2  8  9999.9  0    7.0  8    1.2  8    3.9  999.9    66.4    42.4   0.00E 999.9  010000 
127720 99999  19870808    62.3  7    53.3  6  1016.3  7  9999.9  0    3.2  7    1.1  7    1.9  999.9    73.4    54.3   0.04E 999.9  010000 
127720 99999  19870809    64.7  7    51.7  7  1017.9  7  9999.9  0    5.5  7    1.7  7    3.9  999.9    77.9    46.2   0.00C 999.9  000000 
127720 99999  19870810    67.1  8    55.2  8  1013.1  8  9999.9  0   10.9  8    3.3  7    5.8  999.9    76.6    59.9   0.02F 999.9  010000 
127720 99999  19870811    63.8  8    49.2  8  1016.1  8  9999.9  0   12.8  8    3.2  8    5.8  999.9    74.8    49.8   0.00D 999.9  000000 
127720 99999  19870812    60.9  8    50.0  7  1016.6  8  9999.9  0    7.2  8    1.2  8    1.9  999.9    73.0    47.5   0.00D 999.9  000000 
127720 99999  19870813    60.3  8    49.6  8  1016.8  8  9999.9  0    3.7  8    1.2  8    3.9  999.9    70.7    46.4   0.00D 999.9  000000 
127720 99999  19870814    59.7  8    50.2  8  1017.3  8  9999.9  0    3.9  8    1.9  8    5.8  999.9    71.4    44.2   0.00E 999.9  010000 
127720 99999  19870815    63.7  8    55.8  8  1011.4  8  9999.9  0    3.4  8    2.2  8    5.8  999.9    73.9    55.4   0.00E 999.9  010000 
127720 99999  19880616    60.4  8    47.7  8  1010.4  8  9999.9  0    8.2  8    1.0  8    1.9  999.9    72.3    48.2   0.00D 999.9  000000 
127720 99999  19880617    61.5  8    49.3  8  1008.2  8  9999.9  0    7.5  8    1.9  8    5.8  999.9    72.9    44.2   0.00D 999.9  000000 
127720 99999  19880618    64.8  8    51.1  8  1010.5  8  9999.9  0    6.2  8    2.2  8    5.8  999.9    76.3    51.1   0.00D 999.9  000000 
127720 99999  19880619    63.8  8    52.2  8  1013.1  8  9999.9  0    6.2  8    1.9  8    5.8  999.9    76.1    52.0   0.04E 999.9  000010 
127720 99999  19880620    62.5  8    55.6  8  1012.6  8  9999.9  0    3.0  8    1.7  8    3.9  999.9    70.9    51.1*  0.28E 999.9  010000 
127720 99999  19880621    63.1  8    54.1  8  1012.5  8  9999.9  0    3.4  8    1.9  8    3.9  999.9    75.7    47.5   0.00D 999.9  100000 
127720 99999  19880622    64.3  8    53.2  8  1014.4  8  9999.9  0    4.1  8    1.7  8    3.9  999.9    74.8    52.9   0.04E 999.9  010000 
127720 99999  19880623    62.8  8    54.1  8  1015.6  8  9999.9  0    4.0  8    2.9  8    5.8  999.9    74.5    50.0   0.00E 999.9  010010 
127720 99999  19880624    55.3  8    52.5  8  1015.0  8  9999.9  0    2.4  8    1.9  8    3.9  999.9    59.4    50.5*  0.59F 999.9  010010 
127720 99999  19880625    55.4  8    51.8  8  1014.8  8  9999.9  0    2.9  8    2.2  8    3.9  999.9    59.9    50.9   0.30F 999.9  010000 
127720 99999  19880626    62.6  8    55.4  8  1013.9  8  9999.9  0    2.8  8    2.2  8    5.8  999.9    71.6    52.7   0.00E 999.9  000000 
127720 99999  19880627    67.6  9    58.1  8  1013.0  9  9999.9  0    2.1  9    1.9  9    3.9  999.9    75.9    57.6   0.00D 999.9  000000 
127720 99999  19880628    66.6  8    59.5  8  1011.9  8  9999.9  0    1.5  8    1.5  8    3.9  999.9    79.9    55.4   0.01E 999.9  100010 
127720 99999  19880629    65.3  8    61.1  8  1010.6  8  9999.9  0    2.2  8    2.2  8    5.8  999.9    73.4    59.2   0.28F 999.9  010000 
127720 99999  19880630    70.0  8    62.3  8  1014.2  8  9999.9  0    2.4  8    0.7  8    1.9  999.9    82.4    56.8*  0.00D 999.9  000000 
127720 99999  19880701    72.8  8    63.1  8  1011.6  8  9999.9  0    2.0  8    1.2  8    3.9  999.9    83.3    59.7   0.00D 999.9  100000 
127720 99999  19880702    70.6  8    64.6  8  1002.8  8  9999.9  0    1.8  8    2.2  8    5.8  999.9    82.0    64.4   0.53F 999.9  010010 
127720 99999  19880703    69.9  8    61.7  8  1007.4  8  9999.9  0    4.6  8    2.9  8    3.9  999.9    77.9    62.8   0.00D 999.9  000000 
127720 99999  19880704    73.6  8    63.0  8  1011.1  8  9999.9  0    8.9  8    2.9  8    5.8  999.9    84.6    62.6   0.16E 999.9  010010 
127720 99999  19880705    79.4  8    62.9  8  1012.8  8  9999.9  0    8.0  8    2.7  8    5.8  999.9    90.7    63.5   0.00D 999.9  000000 
127720 99999  19880706    78.8  8    64.1  8  1012.7  8  9999.9  0    4.7  8    3.2  8    7.8  999.9    93.2    66.2   0.00D 999.9  000000 
127720 99999  19880707    72.6  8    61.3  8  1017.2  8  9999.9  0    9.6  8    1.2  8    3.9  999.9    83.8    60.8   0.00D 999.9  000000 
127720 99999  19880708    71.8  7    60.1  7  1015.8  7  9999.9  0    6.0  7    3.1  7    5.8  999.9    84.6    64.6*  0.00E 999.9  000010 
127720 99999  19880709    64.9  8    56.8  8  1015.3  8  9999.9  0    3.7  8    2.4  8    5.8  999.9    77.4    56.3   0.04E 999.9  010010 
127720 99999  19880710    63.3  8    57.0  8  1019.4  8  9999.9  0    3.2  8    1.5  8    5.8  999.9    72.3    55.8   0.24E 999.9  110010 
127720 99999  19880711    64.8  8    51.9  8  1020.2  8  9999.9  0   11.5  8    2.2  8    3.9  999.9    76.6    49.1   0.00D 999.9  000000 
127720 99999  19880712    67.8  8    53.7  8  1015.9  8  9999.9  0    5.1  8    2.2  8    3.9  999.9    81.0    50.4   0.00D 999.9  000000 
127720 99999  19880713    70.8  8    59.9  8  1013.1  8  9999.9  0    4.0  8    1.9  8    5.8  999.9    82.2    57.6   0.00D 999.9  000000 
127720 99999  19880714    70.7  8    59.3  8  1011.8  8  9999.9  0    6.2  8    3.6  8    5.8  999.9    85.6    55.2   0.00E 999.9  000000 
127720 99999  19880715    64.9  8    56.8  8  1013.3  8  9999.9  0    7.3  8    2.4  8    3.9  999.9    77.9    55.4   0.20F 999.9  010010 
127720 99999  19880716    65.1  8    59.3  8  1012.2  8  9999.9  0    2.0  8    1.5  8    1.9  999.9    70.9    60.8   0.04E 999.9  010000 
127720 99999  19880717    64.5  8    54.9  8  1013.7  8  9999.9  0    5.1  8    1.9  8    3.9  999.9    75.2    53.1   0.00E 999.9  100010 
127720 99999  19880718    62.1  8    53.0  8  1015.3  7  9999.9  0    7.6  8    1.0  8    3.9  999.9    74.3    46.4   0.00D 999.9  000000 
127720 99999  19880719    63.6  8    54.0  8  1014.2  8  9999.9  0    6.8  8    2.4  8    5.8  999.9    73.8    50.0*  0.00D 999.9  000000 
127720 99999  19880720    64.2  6    50.9  6  1017.3  6  9999.9  0    6.6  6    1.3  6    1.9  999.9    73.9    48.2   0.00C 999.9  000000 
127720 99999  19880721    66.5  8    54.1  8  1018.1  8  9999.9  0    5.0  8    1.2  8    1.9  999.9    80.6    48.2   0.00D 999.9  000000 
127720 99999  19880722    73.4  8    60.5  8  1017.3  8  9999.9  0    4.2  8    0.7  8    1.9  999.9    85.8    62.4   0.00D 999.9  000000 
127720 99999  19880723    75.5  8    62.9  8  1016.9  8  9999.9  0    2.7  8    0.7  8    1.9  999.9    91.6    59.5   0.00D 999.9  000000 
127720 99999  19880724    79.0  8    64.4  8  1015.3  8  9999.9  0    3.1  8    1.1  8    1.9  999.9    93.7    63.5   0.00D 999.9  000000 
127720 99999  19880725    75.0  8    65.6  8  1018.0  8  9999.9  0    3.2  8    1.1  7    3.9  999.9    90.3    64.6   0.00C 999.9  000010 
127720 99999  19880726    75.6  6    61.2  6  1019.6  6  9999.9  0    7.1  6    1.6  6    3.9  999.9    89.2    58.3*  0.00C 999.9  000000 
127720 99999  19880727    75.7  8    60.3  8  1015.2  8  9999.9  0    3.7  8    1.2  8    1.9  999.9    92.5    59.0   0.00D 999.9  000000 
127720 99999  19880728    73.2  8    58.3  8  1015.3  8  9999.9  0    7.6  8    2.4  8    5.8  999.9    84.4    61.9   0.00D 999.9  000000 
127720 99999  19880729    71.1  8    55.9  8  1014.4  8  9999.9  0    5.9  8    1.7  8    3.9  999.9    86.4    50.9   0.00D 999.9  000000 
127720 99999  19880730    64.2  7    58.7  7  1015.5  7  9999.9  0    4.1  7    1.9  7    3.9  999.9    73.6    61.3*  0.11F 999.9  010000 
127720 99999  19880731    65.0  8    52.0  8  1022.3  8  9999.9  0    6.1  8    1.5  8    1.9  999.9    79.9    51.8*  0.00D 999.9  000000 
127720 99999  19880801    69.5  8    53.4  8  1021.7  8  9999.9  0    5.5  8    0.7  8    1.9  999.9    84.2    50.0   0.00D 999.9  000000 
127720 99999  19880802    72.7  8    55.8  8  1016.0  8  9999.9  0    3.8  8    2.7  8    5.8  999.9    87.1    53.8   0.00D 999.9  000000 
127720 99999  19880803    76.2  6    59.3  6  1008.1  6  9999.9  0    7.2  6   10.0  6   23.3  999.9    93.6    62.2*  0.02E 999.9  010010 
127720 99999  19880804    60.3  7    50.6  7  1016.6  7  9999.9  0   12.7  7    1.9  7    3.9  999.9    70.7    56.5*  0.04E 999.9  010000 
127720 99999  19880805    56.7  8    53.7  8  1016.0  8  9999.9  0    2.4  8    1.5  8    3.9  999.9    61.5    53.8   0.98F 999.9  010010 
127720 99999  19880806    61.2  8    54.1  8  1019.1  8  9999.9  0    2.2  8    1.2  8    1.9  999.9    72.7    48.2   0.00D 999.9  100000 
127720 99999  19880807    64.0  8    55.9  8  1018.8  8  9999.9  0    2.7  8    1.7  8    3.9  999.9    78.1    49.5   0.00D 999.9  100000 
127720 99999  19880808    68.7  8    58.9  8  1016.2  8  9999.9  0    3.9  8    1.7  8    3.9  999.9    81.0    54.5   0.00D 999.9  000000 
127720 99999  19880809    69.1  8    60.0  8  1014.4  8  9999.9  0    2.0  8    0.7  8    1.9  999.9    84.7    57.2   0.00D 999.9  000000 
127720 99999  19880810    71.5  9    59.5  9  1014.2  9  9999.9  0    3.1  9    1.7  9    3.9  999.9    83.7*   56.3   0.00D 999.9  100010 
127720 99999  19880811    72.5  8    61.5  8  1014.1  8  9999.9  0    1.9  8    1.2  8    1.9  999.9    86.7    57.2   0.00D 999.9  000000 
127720 99999  19880812    75.2  8    62.0  8  1014.7  8  9999.9  0    3.2  8    1.2  8    1.9  999.9    91.4    59.2   0.00D 999.9  000000 
127720 99999  19880813    75.4  8    63.4  7  1014.4  8  9999.9  0    3.3  8    0.2  8    1.9  999.9    91.4    62.2   0.00D 999.9  000000 
127720 99999  19880814    74.7  8    59.9  8  1017.2  8  9999.9  0   13.0  8    1.2  8    1.9  999.9    88.7    59.4*  0.00D 999.9  000000 
127720 99999  19880815    76.0  8    62.8  8  1015.3  8  9999.9  0    4.8  8    1.0  8    1.9  999.9    93.6    58.8   0.00D 999.9  000000 

































































































































































































































































































































































































































































































































































































































































































































































































































































































































































































































































































































































































































































































































