0,822727272727273 0,431578947368421 -0,536 0,635714285714286 0,85 -0,904 -1 -1 -1 -1 -1 1 -1 1 -1 0,772727272727273 0,44 -0,608 0,596825396825397 0,811111111111111 -0,876 -1 1 -1 -1 -1 0,776363636363636 0,494736842105263 -0,4 0,587301587301587 0,801587301587302 -1 -1 -1 -1 -1 -1 0,815454545454545 0,46421052631579 -0,712 0,658730158730159 0,873015873015873 -1 -1 -1 -1 -1 -1 0,824545454545455 0,422105263157895 -0,688 0,632539682539683 0,846825396825397 -0,964 -1 1 -1 -1 -1 
0,788181818181818 0,463157894736842 -0,712 0,594444444444444 0,808730158730159 -0,844 -1 1 -1 -1 1 1 -1 -1 1 0,718181818181818 0,469473684210527 -0,56 0,553174603174603 0,767460317460318 -1 -1 1 -1 -1 -1 0,815454545454545 0,481052631578948 -0,224 0,635714285714286 0,85 -0,968 -1 1 -1 -1 1 0,830909090909091 0,454736842105264 -0,824 0,684126984126984 0,898412698412698 -0,996 -1 1 -1 -1 -1 0,748181818181818 0,462105263157895 -0,568 0,591269841269841 0,805555555555556 -0,764 -1 1 -1 -1 1 
0,816363636363636 0,486315789473685 -0,784 0,626984126984127 0,841269841269841 -0,968 1 1 -1 -1 1 -1 1 -1 1 0,732727272727273 0,509473684210526 -0,808 0,548412698412698 0,762698412698413 -0,976 -1 1 -1 -1 -1 0,840909090909091 0,494736842105263 -0,44 0,657142857142857 0,871428571428571 -0,92 -1 1 -1 -1 1 0,823636363636364 0,5 -0,768 0,674603174603175 0,888888888888889 -0,996 -1 1 -1 -1 -1 0,761818181818182 0,494736842105263 -0,76 0,603968253968254 0,818253968253968 -0,968 -1 1 -1 -1 -1 
0,762727272727273 0,570526315789474 -0,904 0,575396825396825 0,78968253968254 -0,996 1 -1 -1 -1 -1 1 -1 -1 1 0,727272727272727 0,566315789473684 -0,712 0,526984126984127 0,741269841269841 -1 -1 -1 -1 -1 -1 0,773636363636364 0,549473684210527 -0,32 0,615873015873016 0,83015873015873 -0,988 -1 1 -1 -1 -1 0,781818181818182 0,558947368421053 -0,848 0,617460317460317 0,831746031746032 -1 -1 -1 -1 -1 -1 0,738181818181818 0,568421052631579 -0,688 0,56984126984127 0,784126984126984 -1 -1 -1 -1 -1 -1 
0,789090909090909 0,574736842105263 -0,92 0,618253968253968 0,832539682539683 -1 -1 -1 -1 -1 -1 -1 1 1 -1 0,780909090909091 0,566315789473684 -0,688 0,582539682539683 0,796825396825397 -1 -1 1 -1 -1 -1 0,728181818181818 0,613684210526315 -0,728 0,551587301587302 0,765873015873016 -1 -1 -1 -1 -1 -1 0,772727272727273 0,576842105263157 -0,944 0,605555555555556 0,81984126984127 -1 -1 -1 -1 -1 -1 0,754545454545455 0,578947368421053 -0,456 0,555555555555556 0,76984126984127 -0,952 -1 1 -1 -1 1 
0,735454545454545 0,505263157894737 -0,32 0,542857142857143 0,757142857142857 -1 -1 1 -1 -1 -1 -1 1 -1 1 0,668181818181818 0,522105263157895 -0,688 0,482539682539682 0,696825396825397 -1 -1 -1 -1 -1 -1 0,782727272727273 0,534736842105263 -0,296 0,584126984126984 0,798412698412698 -1 -1 1 -1 -1 1 0,695454545454545 0,493684210526316 -0,664 0,596825396825397 0,811111111111111 -1 -1 -1 -1 -1 -1 0,697272727272727 0,538947368421053 -0,552 0,476984126984127 0,691269841269841 -1 -1 1 -1 -1 -1 
0,778181818181818 0,509473684210526 -0,552 0,603968253968254 0,818253968253968 -0,98 1 1 -1 -1 -1 -1 1 1 -1 0,702727272727273 0,526315789473684 -0,808 0,492857142857143 0,707142857142857 -1 -1 -1 -1 -1 -1 0,791818181818182 0,510526315789474 -0,36 0,63015873015873 0,844444444444444 -0,888 -1 1 -1 -1 1 0,720909090909091 0,512631578947369 -0,672 0,585714285714286 0,8 -1 -1 -1 -1 -1 -1 0,770909090909091 0,506315789473685 -0,552 0,58015873015873 0,794444444444444 -0,92 -1 -1 -1 -1 1 
0,741818181818182 0,558947368421053 -0,672 0,588888888888889 0,803174603174603 -1 -1 -1 -1 -1 -1 1 -1 1 -1 0,758181818181818 0,532631578947369 -0,712 0,53015873015873 0,744444444444444 -1 -1 -1 -1 -1 -1 0,777272727272727 0,572631578947368 -0,536 0,594444444444444 0,808730158730159 -1 -1 -1 -1 -1 -1 0,747272727272727 0,545263157894736 -0,712 0,612698412698413 0,826984126984127 -1 -1 -1 -1 -1 -1 0,769090909090909 0,548421052631579 -0,768 0,592857142857143 0,807142857142857 -0,968 -1 1 -1 -1 -1 
0,781818181818182 0,596842105263158 -0,576 0,598412698412699 0,812698412698413 -1 -1 -1 -1 -1 -1 -1 1 1 -1 0,802727272727273 0,545263157894736 -0,496 0,596825396825397 0,811111111111111 -0,888 -1 1 -1 -1 1 0,763636363636364 0,634736842105263 -0,712 0,614285714285714 0,828571428571429 -1 -1 -1 -1 -1 -1 0,781818181818182 0,567368421052631 -0,712 0,642857142857143 0,857142857142857 -1 -1 -1 -1 -1 -1 0,774545454545455 0,614736842105263 -0,944 0,55 0,764285714285714 -1 1 -1 -1 -1 -1 
0,784545454545455 0,607368421052632 -0,608 0,618253968253968 0,832539682539683 -1 -1 -1 -1 -1 -1 1 -1 1 -1 0,776363636363636 0,611578947368421 -0,576 0,63968253968254 0,853968253968254 -0,968 -1 1 -1 -1 -1 0,802727272727273 0,648421052631578 -0,824 0,608730158730159 0,823015873015873 -1 -1 -1 -1 -1 -1 0,799090909090909 0,577894736842105 -0,6 0,682539682539683 0,896825396825397 -1 -1 -1 -1 -1 -1 0,797272727272727 0,621052631578947 -0,808 0,598412698412699 0,812698412698413 -1 -1 -1 -1 -1 -1 
0,781818181818182 0,596842105263158 -0,576 0,598412698412699 0,812698412698413 -1 -1 -1 -1 -1 -1 -1 1 1 -1 0,802727272727273 0,545263157894736 -0,496 0,596825396825397 0,811111111111111 -0,888 -1 1 -1 -1 1 0,763636363636364 0,634736842105263 -0,712 0,614285714285714 0,828571428571429 -1 -1 -1 -1 -1 -1 0,781818181818182 0,567368421052631 -0,712 0,642857142857143 0,857142857142857 -1 -1 -1 -1 -1 -1 0,774545454545455 0,614736842105263 -0,944 0,55 0,764285714285714 -1 1 -1 -1 -1 -1 
0,784545454545455 0,607368421052632 -0,608 0,618253968253968 0,832539682539683 -1 -1 -1 -1 -1 -1 -1 1 1 -1 0,776363636363636 0,611578947368421 -0,576 0,63968253968254 0,853968253968254 -0,968 -1 1 -1 -1 -1 0,802727272727273 0,648421052631578 -0,824 0,608730158730159 0,823015873015873 -1 -1 -1 -1 -1 -1 0,799090909090909 0,577894736842105 -0,6 0,682539682539683 0,896825396825397 -1 -1 -1 -1 -1 -1 0,797272727272727 0,621052631578947 -0,808 0,598412698412699 0,812698412698413 -1 -1 -1 -1 -1 -1 
0,787272727272727 0,58421052631579 -0,712 0,603174603174603 0,817460317460317 -1 -1 -1 -1 -1 -1 -1 1 1 -1 0,809090909090909 0,560000000000001 -0,688 0,58015873015873 0,794444444444444 -1 -1 -1 -1 -1 -1 0,823636363636364 0,623157894736843 -0,688 0,655555555555556 0,86984126984127 -0,996 -1 1 -1 -1 -1 0,78 0,561052631578947 -0,688 0,664285714285714 0,878571428571429 -1 -1 -1 -1 -1 -1 0,809090909090909 0,598947368421052 -0,92 0,588888888888889 0,803174603174603 -0,952 -1 -1 -1 -1 1 
0,786363636363636 0,542105263157895 -0,512 0,638888888888889 0,853174603174603 -1 -1 -1 -1 -1 -1 -1 1 1 -1 0,829090909090909 0,517894736842106 -0,672 0,631746031746032 0,846031746031746 -1 -1 -1 -1 -1 1 0,824545454545455 0,591578947368422 -0,688 0,618253968253968 0,832539682539683 -0,952 -1 1 -1 -1 1 0,774545454545455 0,522105263157895 -0,664 0,644444444444444 0,858730158730159 -1 -1 -1 -1 -1 -1 0,810909090909091 0,558947368421053 -0,768 0,615873015873016 0,83015873015873 -1 -1 -1 -1 -1 -1 
0,791818181818182 0,511578947368421 -0,632 0,614285714285714 0,828571428571429 -1 -1 -1 -1 -1 -1 -1 1 1 -1 0,822727272727273 0,492631578947368 -0,768 0,607142857142857 0,821428571428571 -0,992 -1 -1 -1 -1 1 0,78 0,55578947368421 -0,688 0,642857142857143 0,857142857142857 -1 -1 -1 -1 -1 -1 0,782727272727273 0,492631578947368 -0,648 0,651587301587301 0,865873015873016 -1 -1 -1 -1 -1 -1 0,790909090909091 0,538947368421053 -0,912 0,607142857142857 0,821428571428571 -0,968 -1 -1 -1 -1 1 
0,796363636363636 0,512631578947369 -0,744 0,594444444444444 0,808730158730159 -1 -1 -1 -1 -1 -1 1 -1 1 -1 0,769090909090909 0,512631578947369 -0,608 0,596825396825397 0,811111111111111 -1 -1 -1 -1 -1 -1 0,796363636363636 0,567368421052631 -0,512 0,642857142857143 0,857142857142857 -1 -1 -1 -1 -1 -1 0,784545454545455 0,508421052631578 -0,608 0,623015873015873 0,837301587301587 -1 -1 -1 -1 -1 -1 0,801818181818182 0,52 -0,592 0,596825396825397 0,811111111111111 -1 -1 -1 -1 -1 -1 
0,802727272727273 0,523157894736843 -0,632 0,594444444444444 0,808730158730159 -1 -1 -1 -1 -1 1 -1 1 1 -1 0,765454545454546 0,523157894736843 -0,536 0,58015873015873 0,794444444444444 -0,952 -1 1 -1 -1 1 0,724545454545455 0,582105263157894 -0,536 0,61984126984127 0,834126984126984 -1 -1 -1 -1 -1 -1 0,795454545454545 0,524210526315789 -0,688 0,628571428571429 0,842857142857143 -1 1 -1 -1 -1 -1 0,813636363636364 0,523157894736843 -0,768 0,614285714285714 0,828571428571429 -0,984 -1 -1 -1 -1 1 
0,804545454545455 0,523157894736843 -0,768 0,601587301587302 0,815873015873016 -0,968 -1 1 -1 -1 1 -1 1 1 -1 0,720909090909091 0,526315789473684 -0,672 0,515873015873016 0,73015873015873 -1 1 -1 -1 -1 -1 0,708181818181818 0,561052631578947 -0,496 0,608730158730159 0,823015873015873 -1 -1 -1 -1 -1 -1 0,799090909090909 0,518947368421052 -0,592 0,641269841269841 0,855555555555556 -0,984 -1 1 -1 -1 1 0,809090909090909 0,517894736842106 -0,728 0,642857142857143 0,857142857142857 -0,968 -1 -1 -1 -1 1 
0,802727272727273 0,469473684210527 -0,448 0,612698412698413 0,826984126984127 -0,984 -1 -1 -1 -1 -1 -1 1 1 -1 0,771818181818182 0,448421052631579 -0,36 0,594444444444444 0,808730158730159 -0,496 -1 1 -1 -1 1 0,786363636363636 0,534736842105263 -0,36 0,617460317460317 0,831746031746032 -0,92 -1 1 -1 -1 1 0,79 0,472631578947368 -0,576 0,628571428571429 0,842857142857143 -0,544 -1 1 -1 -1 1 0,798181818181818 0,475789473684211 -0,808 0,61984126984127 0,834126984126984 -1 1 -1 -1 -1 -1 
0,816363636363636 0,467368421052631 -0,552 0,632539682539683 0,846825396825397 -0,936 -1 1 -1 -1 1 -1 1 1 -1 0,756363636363636 0,470526315789474 -0,688 0,588888888888889 0,803174603174603 -0,948 -1 1 -1 -1 -1 0,778181818181818 0,527368421052632 -0,536 0,624603174603175 0,838888888888889 -1 -1 -1 -1 -1 -1 0,800909090909091 0,468421052631579 -0,656 0,635714285714286 0,85 -0,668 -1 1 -1 -1 1 0,816363636363636 0,466315789473684 -0,848 0,635714285714286 0,85 -0,992 -1 1 -1 -1 1 
0,718181818181818 0,593684210526316 -0,648 0,591269841269841 0,805555555555556 -1 -1 -1 -1 -1 -1 -1 1 1 -1 0,812727272727273 0,545263157894736 -0,592 0,575396825396825 0,78968253968254 -1 1 -1 -1 -1 -1 0,647272727272727 0,621052631578947 -0,688 0,5 0,714285714285714 -1 -1 -1 -1 -1 -1 0,817272727272727 0,567368421052631 -0,768 0,63968253968254 0,853968253968254 -1 -1 -1 -1 -1 -1 0,733636363636364 0,598947368421052 -0,728 0,581746031746032 0,796031746031746 -1 -1 -1 -1 -1 -1 
0,715454545454545 0,557894736842105 -0,496 0,587301587301587 0,801587301587302 -1 -1 -1 -1 -1 -1 -1 -1 -1 -1 0,779090909090909 0,539999999999999 -0,576 0,617460317460317 0,831746031746032 -1 -1 -1 -1 -1 -1 0,663636363636364 0,602105263157895 -0,784 0,521428571428571 0,735714285714286 -1 -1 -1 -1 -1 -1 0,829090909090909 0,524210526315789 -0,712 0,661111111111111 0,875396825396825 -1 1 -1 -1 -1 -1 0,724545454545455 0,570526315789474 -0,848 0,578571428571429 0,792857142857143 -1 -1 -1 -1 -1 -1 
0,715454545454545 0,549473684210527 -0,656 0,587301587301587 0,801587301587302 -1 -1 -1 -1 -1 -1 -1 1 1 -1 0,778181818181818 0,548421052631579 -0,432 0,61031746031746 0,824603174603175 -1 -1 1 -1 -1 -1 0,696363636363636 0,58421052631579 -0,824 0,537301587301587 0,751587301587302 -1 -1 -1 -1 -1 -1 0,852727272727273 0,524210526315789 -0,656 0,68015873015873 0,894444444444444 -1 -1 -1 -1 -1 1 0,746363636363636 0,558947368421053 -0,896 0,555555555555556 0,76984126984127 -1 -1 -1 -1 -1 -1 
0,763636363636364 0,597894736842105 -0,536 0,601587301587302 0,815873015873016 -1 -1 -1 -1 -1 -1 -1 1 -1 1 0,742727272727273 0,651578947368422 -0,44 0,598412698412699 0,812698412698413 -1 -1 -1 -1 -1 -1 0,745454545454545 0,568421052631579 -0,92 0,573015873015873 0,787301587301587 -1 -1 -1 -1 -1 -1 0,839090909090909 0,569473684210527 -0,456 0,676984126984127 0,891269841269841 -1 -1 -1 -1 -1 1 0,753636363636364 0,601052631578948 -0,712 0,56984126984127 0,784126984126984 -0,984 -1 1 -1 -1 -1 
0,698181818181818 0,676842105263157 -0,512 0,565873015873016 0,78015873015873 -1 -1 -1 -1 -1 -1 1 -1 1 -1 0,734545454545455 0,691578947368422 -0,728 0,525396825396825 0,73968253968254 -1 -1 -1 -1 -1 -1 0,734545454545455 0,605263157894737 -0,104 0,608730158730159 0,823015873015873 -1 -1 -1 -1 -1 -1 0,764545454545455 0,64421052631579 -0,32 0,63968253968254 0,853968253968254 -1 -1 -1 -1 -1 -1 0,699090909090909 0,676842105263157 -0,36 0,526984126984127 0,741269841269841 -1 -1 -1 -1 -1 -1 
0,710909090909091 0,550526315789473 -0,632 0,573015873015873 0,787301587301587 -1 -1 -1 -1 -1 -1 -1 1 1 -1 0,750909090909091 0,525263157894737 -0,672 0,601587301587302 0,815873015873016 -1 -1 -1 -1 -1 1 0,675454545454545 0,586315789473685 -0,672 0,515873015873016 0,73015873015873 -1 -1 -1 -1 -1 -1 0,752727272727273 0,512631578947369 -0,592 0,58968253968254 0,803968253968254 -0,904 -1 1 -1 -1 1 0,702727272727273 0,582105263157894 -0,688 0,508730158730159 0,723015873015873 -1 -1 -1 -1 -1 -1 
0,729090909090909 0,573684210526316 -0,608 0,588888888888889 0,803174603174603 -1 -1 1 -1 -1 -1 -1 1 1 -1 0,745454545454545 0,565263157894737 -0,6 0,531746031746032 0,746031746031746 -1 -1 -1 -1 -1 -1 0,697272727272727 0,598947368421052 -0,36 0,574603174603175 0,788888888888889 -1 -1 -1 -1 -1 -1 0,751818181818182 0,518947368421052 -0,128 0,608730158730159 0,823015873015873 -0,576 -1 1 -1 -1 -1 0,685454545454546 0,608421052631578 -0,672 0,535714285714286 0,75 -1 -1 -1 -1 -1 -1 
0,780909090909091 0,582105263157894 -0,688 0,605555555555556 0,81984126984127 -0,968 -1 1 -1 -1 -1 1 -1 -1 1 0,765454545454546 0,563157894736842 -0,624 0,571428571428571 0,785714285714286 -1 -1 -1 -1 -1 -1 0,783636363636364 0,583157894736842 -0,36 0,591269841269841 0,805555555555556 -1 -1 -1 -1 -1 -1 0,749090909090909 0,563157894736842 -0,632 0,605555555555556 0,81984126984127 -0,812 -1 -1 -1 -1 -1 0,745454545454545 0,606315789473684 -0,632 0,588888888888889 0,803174603174603 -1 -1 -1 -1 -1 -1 
0,805454545454545 0,577894736842105 -0,728 0,614285714285714 0,828571428571429 -0,92 -1 -1 -1 -1 1 1 -1 -1 1 0,798181818181818 0,582105263157894 -0,416 0,638888888888889 0,853174603174603 -1 -1 -1 -1 -1 -1 0,789090909090909 0,573684210526316 -0,864 0,61031746031746 0,824603174603175 -1 -1 -1 -1 -1 -1 0,768181818181818 0,585263157894737 -0,608 0,624603174603175 0,838888888888889 -1 -1 -1 -1 -1 -1 0,795454545454545 0,568421052631579 -0,848 0,617460317460317 0,831746031746032 -1 -1 -1 -1 -1 1 
0,785454545454546 0,582105263157894 -0,536 0,63015873015873 0,844444444444444 -1 -1 -1 -1 -1 -1 1 -1 -1 1 0,782727272727273 0,596842105263158 -0,712 0,567460317460317 0,781746031746032 -1 -1 -1 -1 -1 -1 0,78 0,549473684210527 -1 0,601587301587302 0,815873015873016 -1 -1 -1 -1 -1 -1 0,774545454545455 0,574736842105263 -0,6 0,642857142857143 0,857142857142857 -1 -1 1 -1 -1 -1 0,794545454545455 0,565263157894737 -0,688 0,618253968253968 0,832539682539683 -0,828 -1 1 -1 -1 1 
0,855454545454545 0,523157894736843 -0,472 0,655555555555556 0,86984126984127 -1 -1 -1 -1 -1 -1 1 -1 -1 1 0,861818181818182 0,463157894736842 -0,496 0,694444444444444 0,908730158730159 -0,936 -1 1 -1 -1 1 0,759090909090909 0,602105263157895 -0,552 0,618253968253968 0,832539682539683 -1 -1 -1 -1 -1 -1 0,863636363636364 0,526315789473684 -0,632 0,703968253968254 0,918253968253968 -1 -1 -1 -1 -1 -1 0,799090909090909 0,522105263157895 -0,264 0,634126984126984 0,848412698412699 -1 -1 -1 -1 -1 -1 
0,870909090909091 0,516842105263158 -0,592 0,667460317460317 0,881746031746032 -1 -1 1 -1 -1 1 1 -1 -1 1 0,810909090909091 0,547368421052632 -0,552 0,648412698412698 0,862698412698413 -0,748 -1 1 -1 -1 -1 0,792727272727273 0,568421052631579 -0,496 0,621428571428571 0,835714285714286 -1 -1 -1 -1 -1 -1 0,856363636363636 0,513684210526315 -0,696 0,696825396825397 0,911111111111111 -1 -1 1 -1 -1 1 0,825454545454545 0,515789473684211 -0,4 0,661111111111111 0,875396825396825 -1 -1 -1 -1 -1 1 
0,869090909090909 0,530526315789473 -0,688 0,667460317460317 0,881746031746032 -0,496 1 1 -1 -1 1 1 -1 -1 1 0,773636363636364 0,541052631578947 -0,784 0,587301587301587 0,801587301587302 -1 -1 -1 -1 -1 -1 0,831818181818182 0,538947368421053 -0,512 0,678571428571429 0,892857142857143 -1 -1 -1 -1 -1 -1 0,856363636363636 0,514736842105263 -0,544 0,682539682539683 0,896825396825397 -0,952 -1 1 -1 -1 1 0,763636363636364 0,54421052631579 -0,728 0,634126984126984 0,848412698412699 -1 -1 -1 -1 -1 -1 
0,865454545454545 0,462105263157895 -0,688 0,653968253968254 0,868253968253968 -0,968 -1 -1 -1 -1 -1 1 -1 1 -1 0,790909090909091 0,44421052631579 -0,688 0,603174603174603 0,817460317460317 -1 -1 1 -1 -1 -1 0,833636363636364 0,509473684210526 -0,688 0,678571428571429 0,892857142857143 -1 -1 -1 -1 -1 1 0,854545454545455 0,466315789473684 -0,64 0,66984126984127 0,884126984126984 -0,996 -1 -1 -1 -1 1 0,83 0,46 -0,536 0,61984126984127 0,834126984126984 -1 -1 -1 -1 -1 -1 
0,861818181818182 0,389473684210526 -0,536 0,664285714285714 0,878571428571429 -1 -1 -1 -1 -1 1 1 -1 1 -1 0,788181818181818 0,413684210526315 -0,752 0,61984126984127 0,834126984126984 -0,528 -1 1 -1 -1 -1 0,815454545454545 0,461052631578947 -0,376 0,678571428571429 0,892857142857143 -1 -1 -1 -1 -1 1 0,856363636363636 0,406315789473684 -0,68 0,665873015873016 0,88015873015873 -1 -1 1 -1 -1 1 0,840909090909091 0,392631578947368 -0,424 0,674603174603175 0,888888888888889 -0,936 -1 1 -1 -1 1 
0,668181818181818 0,561052631578947 -0,808 0,503968253968254 0,718253968253968 -1 -1 -1 -1 -1 -1 1 -1 1 -1 0,730909090909091 0,54421052631579 -0,656 0,551587301587302 0,765873015873016 -1 -1 1 -1 -1 -1 0,665454545454546 0,567368421052631 -0,808 0,5 0,714285714285714 -1 -1 -1 -1 -1 -1 0,712727272727273 0,546315789473684 -0,656 0,567460317460317 0,781746031746032 -1 -1 -1 -1 -1 -1 0,704545454545455 0,553684210526316 -0,656 0,571428571428571 0,785714285714286 -1 -1 -1 -1 -1 -1 
0,701818181818182 0,558947368421053 -0,568 0,546031746031746 0,76031746031746 -0,988 -1 1 -1 -1 -1 -1 -1 -1 -1 0,714545454545454 0,586315789473685 -0,704 0,58015873015873 0,794444444444444 -0,988 -1 1 -1 -1 -1 0,708181818181818 0,516842105263158 -0,744 0,541269841269841 0,755555555555556 -0,988 -1 1 -1 -1 -1 0,735454545454545 0,552631578947368 -0,696 0,6 0,814285714285714 -0,988 -1 -1 -1 -1 1 0,688181818181818 0,553684210526316 -0,496 0,492857142857143 0,707142857142857 -0,984 -1 1 -1 -1 -1 
0,683636363636364 0,616842105263158 -0,784 0,51031746031746 0,724603174603175 -1 -1 -1 -1 -1 -1 -1 1 -1 -1 0,699090909090909 0,604210526315789 -0,8 0,526984126984127 0,741269841269841 -1 -1 -1 -1 -1 -1 0,706363636363636 0,560000000000001 -0,28 0,555555555555556 0,76984126984127 -1 -1 1 -1 -1 -1 0,702727272727273 0,602105263157895 -0,76 0,61984126984127 0,834126984126984 -1 -1 -1 -1 -1 -1 0,674545454545455 0,614736842105263 -0,608 0,464285714285714 0,678571428571429 -1 -1 -1 -1 -1 -1 
0,708181818181818 0,638947368421053 -0,848 0,541269841269841 0,755555555555556 -1 -1 -1 -1 -1 -1 1 -1 -1 1 0,750909090909091 0,605263157894737 -0,656 0,544444444444444 0,758730158730159 -1 -1 -1 -1 -1 -1 0,670909090909091 0,609473684210526 -0,416 0,514285714285714 0,728571428571429 -1 -1 -1 -1 -1 -1 0,74 0,62 -0,68 0,611111111111111 0,825396825396825 -1 -1 -1 -1 -1 -1 0,719090909090909 0,632631578947367 -0,752 0,492857142857143 0,707142857142857 -1 -1 -1 -1 -1 -1 
0,758181818181818 0,6 -0,696 0,561111111111111 0,775396825396825 -1 -1 -1 -1 -1 -1 1 -1 -1 1 0,802727272727273 0,583157894736842 -0,672 0,58015873015873 0,794444444444444 -1 -1 1 -1 -1 1 0,704545454545455 0,607368421052632 -0,552 0,535714285714286 0,75 -1 -1 -1 -1 -1 -1 0,787272727272727 0,609473684210526 -0,688 0,63968253968254 0,853968253968254 -1 -1 -1 -1 -1 1 0,751818181818182 0,589473684210526 -0,568 0,546031746031746 0,76031746031746 -1 -1 -1 -1 -1 -1 
0,708181818181818 0,450526315789473 -0,464 0,538888888888889 0,753174603174603 -0,608 -1 1 -1 -1 -1 1 -1 1 -1 0,702727272727273 0,472631578947368 -0,584 0,537301587301587 0,751587301587302 -0,98 -1 1 -1 -1 -1 0,720909090909091 0,410526315789474 -0,632 0,558730158730159 0,773015873015873 -0,972 -1 1 -1 -1 -1 0,635454545454545 0,476842105263157 -0,408 0,546825396825397 0,761111111111111 -0,936 -1 -1 -1 -1 -1 0,69 0,43578947368421 -0,608 0,531746031746032 0,746031746031746 -1 -1 -1 -1 -1 -1 
0,691818181818182 0,48 -0,832 0,517460317460318 0,731746031746032 -0,988 -1 -1 -1 -1 -1 1 -1 1 -1 0,724545454545455 0,481052631578948 -0,528 0,565873015873016 0,78015873015873 -0,904 -1 1 -1 -1 -1 0,735454545454545 0,424210526315789 -0,592 0,58968253968254 0,803968253968254 -0,888 -1 1 -1 -1 -1 0,678181818181818 0,490526315789474 -0,464 0,542857142857143 0,757142857142857 -0,936 -1 1 -1 -1 -1 0,679090909090909 0,474736842105263 -0,728 0,555555555555556 0,76984126984127 -1 -1 -1 -1 -1 -1 
0,723636363636364 0,525263157894737 -0,776 0,56984126984127 0,784126984126984 -0,988 -1 1 -1 -1 -1 1 -1 1 -1 0,729090909090909 0,574736842105263 -0,624 0,553968253968254 0,768253968253968 -0,812 -1 1 -1 -1 -1 0,733636363636364 0,482105263157894 -0,744 0,58968253968254 0,803968253968254 -0,936 -1 1 -1 -1 -1 0,693636363636364 0,537894736842106 -0,472 0,573015873015873 0,787301587301587 -1 -1 -1 -1 -1 -1 0,666363636363636 0,532631578947369 -0,408 0,535714285714286 0,75 -1 -1 -1 -1 -1 -1 
0,705454545454545 0,565263157894737 -0,904 0,53015873015873 0,744444444444444 -1 -1 -1 -1 -1 -1 1 -1 1 -1 0,723636363636364 0,549473684210527 -0,768 0,51984126984127 0,734126984126984 -1 -1 -1 -1 -1 -1 0,719090909090909 0,517894736842106 -0,592 0,53015873015873 0,744444444444444 -1 -1 -1 -1 -1 -1 0,701818181818182 0,569473684210527 -0,632 0,571428571428571 0,785714285714286 -1 -1 -1 -1 -1 -1 0,662727272727273 0,554736842105264 -0,696 0,488888888888889 0,703174603174603 -1 -1 -1 -1 -1 -1 
0,747272727272727 0,537894736842106 -0,728 0,574603174603175 0,788888888888889 -1 -1 -1 -1 -1 -1 1 -1 1 -1 0,772727272727273 0,502105263157895 -0,544 0,608730158730159 0,823015873015873 -1 -1 1 -1 -1 -1 0,695454545454545 0,548421052631579 -0,744 0,51984126984127 0,734126984126984 -1 -1 -1 -1 -1 -1 0,706363636363636 0,55578947368421 -0,6 0,607142857142857 0,821428571428571 -1 -1 -1 -1 -1 -1 0,712727272727273 0,517894736842106 -0,456 0,596031746031746 0,81031746031746 -1 -1 -1 -1 -1 -1 
0,723636363636364 0,525263157894737 -0,776 0,56984126984127 0,784126984126984 -0,988 -1 1 -1 -1 -1 1 -1 -1 1 0,729090909090909 0,574736842105263 -0,624 0,553968253968254 0,768253968253968 -0,812 -1 1 -1 -1 -1 0,733636363636364 0,482105263157894 -0,744 0,58968253968254 0,803968253968254 -0,936 -1 1 -1 -1 -1 0,693636363636364 0,537894736842106 -0,472 0,573015873015873 0,787301587301587 -1 -1 -1 -1 -1 -1 0,666363636363636 0,532631578947369 -0,408 0,535714285714286 0,75 -1 -1 -1 -1 -1 -1 
0,705454545454545 0,565263157894737 -0,904 0,53015873015873 0,744444444444444 -1 -1 -1 -1 -1 -1 1 -1 -1 1 0,723636363636364 0,549473684210527 -0,768 0,51984126984127 0,734126984126984 -1 -1 -1 -1 -1 -1 0,719090909090909 0,517894736842106 -0,592 0,53015873015873 0,744444444444444 -1 -1 -1 -1 -1 -1 0,701818181818182 0,569473684210527 -0,632 0,571428571428571 0,785714285714286 -1 -1 -1 -1 -1 -1 0,662727272727273 0,554736842105264 -0,696 0,488888888888889 0,703174603174603 -1 -1 -1 -1 -1 -1 
0,747272727272727 0,537894736842106 -0,728 0,574603174603175 0,788888888888889 -1 -1 -1 -1 -1 -1 1 -1 -1 1 0,772727272727273 0,502105263157895 -0,544 0,608730158730159 0,823015873015873 -1 -1 1 -1 -1 -1 0,695454545454545 0,548421052631579 -0,744 0,51984126984127 0,734126984126984 -1 -1 -1 -1 -1 -1 0,706363636363636 0,55578947368421 -0,6 0,607142857142857 0,821428571428571 -1 -1 -1 -1 -1 -1 0,712727272727273 0,517894736842106 -0,456 0,596031746031746 0,81031746031746 -1 -1 -1 -1 -1 -1 
0,733636363636364 0,56421052631579 -0,712 0,603968253968254 0,818253968253968 -1 -1 -1 -1 -1 -1 -1 1 -1 1 0,729090909090909 0,56421052631579 -0,6 0,588888888888889 0,803174603174603 -1 -1 1 -1 -1 -1 0,711818181818182 0,545263157894736 -0,608 0,562698412698413 0,776984126984127 -0,988 -1 -1 -1 -1 -1 0,729090909090909 0,560000000000001 -0,776 0,61984126984127 0,834126984126984 -1 -1 -1 -1 -1 -1 0,686363636363636 0,545263157894736 -0,304 0,542857142857143 0,757142857142857 -0,992 -1 1 -1 -1 -1 
0,774545454545455 0,529473684210526 -0,6 0,608730158730159 0,823015873015873 -1 -1 -1 -1 -1 -1 1 -1 -1 1 0,783636363636364 0,501052631578948 -0,496 0,596031746031746 0,81031746031746 -0,732 -1 1 -1 -1 1 0,673636363636364 0,582105263157894 -0,904 0,528571428571429 0,742857142857143 -1 1 -1 -1 -1 -1 0,745454545454545 0,534736842105263 -0,624 0,641269841269841 0,855555555555556 -1 -1 -1 -1 -1 -1 0,721818181818182 0,530526315789473 -0,448 0,492857142857143 0,707142857142857 -1 -1 -1 -1 -1 -1 
0,686363636363636 0,625263157894738 -0,728 0,526984126984127 0,741269841269841 -0,86 -1 1 -1 -1 -1 1 -1 -1 1 0,699090909090909 0,628421052631579 -0,712 0,505555555555556 0,71984126984127 -1 -1 -1 -1 -1 -1 0,676363636363636 0,567368421052631 -0,536 0,531746031746032 0,746031746031746 -1 -1 -1 -1 -1 -1 0,671818181818182 0,616842105263158 -0,576 0,584126984126984 0,798412698412698 -1 -1 -1 -1 -1 -1 0,643636363636364 0,618947368421052 -0,64 0,494444444444444 0,708730158730159 -1 -1 -1 -1 -1 -1 
0,68 0,631578947368421 -0,792 0,494444444444444 0,708730158730159 -1 -1 -1 -1 -1 -1 -1 1 -1 1 0,754545454545455 0,589473684210526 -0,52 0,592857142857143 0,807142857142857 -1 -1 -1 -1 -1 -1 0,644545454545455 0,609473684210526 -0,728 0,481746031746032 0,696031746031746 -1 -1 -1 -1 -1 -1 0,67 0,634736842105263 -0,72 0,557142857142857 0,771428571428571 -1 -1 -1 -1 -1 -1 0,654545454545455 0,601052631578948 -0,36 0,468253968253968 0,682539682539683 -1 -1 -1 -1 -1 -1 
0,756363636363636 0,583157894736842 -0,768 0,553968253968254 0,768253968253968 -1 -1 -1 -1 -1 -1 -1 1 1 -1 0,802727272727273 0,566315789473684 -0,752 0,618253968253968 0,832539682539683 -1 -1 -1 -1 -1 -1 0,680909090909091 0,561052631578947 -0,224 0,598412698412699 0,812698412698413 -1 -1 -1 -1 -1 -1 0,706363636363636 0,597894736842105 -0,696 0,598412698412699 0,812698412698413 -1 -1 -1 -1 -1 -1 0,752727272727273 0,563157894736842 -0,32 0,555555555555556 0,76984126984127 -1 -1 -1 -1 -1 -1 
0,791818181818182 0,558947368421053 -0,824 0,603174603174603 0,817460317460317 -1 -1 -1 -1 -1 -1 -1 1 1 -1 0,823636363636364 0,537894736842106 -0,64 0,63015873015873 0,844444444444444 -1 -1 -1 -1 -1 1 0,668181818181818 0,550526315789473 -0,376 0,591269841269841 0,805555555555556 -1 -1 -1 -1 -1 -1 0,722727272727273 0,569473684210527 -0,592 0,638888888888889 0,853174603174603 -1 -1 -1 -1 -1 -1 0,687272727272727 0,567368421052631 -0,672 0,511111111111111 0,725396825396825 -1 -1 -1 -1 -1 -1 
0,825454545454545 0,537894736842106 -0,848 0,623015873015873 0,837301587301587 -0,988 -1 1 -1 -1 -1 1 -1 1 -1 0,854545454545455 0,529473684210526 -0,688 0,646031746031746 0,86031746031746 -1 -1 1 -1 -1 1 0,737272727272727 0,539999999999999 -0,672 0,596031746031746 0,81031746031746 -0,952 -1 1 -1 -1 -1 0,717272727272727 0,545263157894736 -0,696 0,665873015873016 0,88015873015873 -1 -1 -1 -1 -1 -1 0,752727272727273 0,550526315789473 -0,64 0,578571428571429 0,792857142857143 -1 -1 -1 -1 -1 -1 
0,8 0,567368421052631 -0,552 0,623015873015873 0,837301587301587 -1 -1 -1 -1 -1 -1 1 -1 1 -1 0,698181818181818 0,612631578947369 -0,72 0,585714285714286 0,8 -1 -1 -1 -1 -1 -1 0,732727272727273 0,541052631578947 -0,464 0,624603174603175 0,838888888888889 -0,92 -1 1 -1 -1 1 0,812727272727273 0,523157894736843 -0,456 0,694444444444444 0,908730158730159 -1 -1 -1 -1 -1 -1 0,72 0,598947368421052 -0,488 0,56984126984127 0,784126984126984 -0,952 -1 -1 -1 -1 -1 
0,712727272727273 0,575789473684211 -0,68 0,58968253968254 0,803968253968254 -1 -1 -1 -1 -1 -1 -1 -1 -1 -1 0,694545454545455 0,587368421052631 -0,728 0,546031746031746 0,76031746031746 -1 -1 -1 -1 -1 -1 0,644545454545455 0,556842105263158 -0,376 0,553174603174603 0,767460317460318 -1 -1 -1 -1 -1 -1 0,750909090909091 0,524210526315789 -0,376 0,66031746031746 0,874603174603175 -1 -1 -1 -1 -1 -1 0,650909090909091 0,603157894736842 -0,472 0,532539682539683 0,746825396825397 -1 -1 -1 -1 -1 -1 
0,699090909090909 0,560000000000001 -0,816 0,546825396825397 0,761111111111111 -1 -1 -1 -1 -1 -1 -1 1 1 -1 0,713636363636364 0,547368421052632 -0,824 0,521428571428571 0,735714285714286 -1 -1 -1 -1 -1 -1 0,640909090909091 0,56421052631579 -0,712 0,505555555555556 0,71984126984127 -1 -1 -1 -1 -1 -1 0,713636363636364 0,531578947368421 -0,632 0,61984126984127 0,834126984126984 -1 -1 -1 -1 -1 -1 0,665454545454546 0,560000000000001 -0,656 0,496031746031746 0,71031746031746 -1 -1 -1 -1 -1 -1 
0,745454545454545 0,506315789473685 -0,888 0,578571428571429 0,792857142857143 -1 -1 -1 -1 -1 -1 1 -1 1 -1 0,761818181818182 0,496842105263158 -0,808 0,544444444444444 0,758730158730159 -1 -1 -1 -1 -1 -1 0,680909090909091 0,489473684210526 -0,464 0,588888888888889 0,803174603174603 -1 -1 -1 -1 -1 -1 0,766363636363636 0,512631578947369 -0,632 0,628571428571429 0,842857142857143 -1 -1 1 -1 -1 -1 0,725454545454545 0,489473684210526 -0,384 0,538888888888889 0,753174603174603 -1 -1 -1 -1 -1 -1 
0,759090909090909 0,496842105263158 -0,768 0,618253968253968 0,832539682539683 -1 -1 -1 -1 -1 1 -1 1 -1 -1 0,757272727272727 0,504210526315789 -0,568 0,657142857142857 0,871428571428571 -1 -1 -1 -1 -1 -1 0,628181818181818 0,475789473684211 -0,0159999999999999 0,546031746031746 0,76031746031746 -1 -1 1 -1 -1 -1 0,802727272727273 0,490526315789474 -0,704 0,653968253968254 0,868253968253968 -0,86 -1 1 -1 -1 1 0,667272727272727 0,523157894736843 -0,496 0,525396825396825 0,73968253968254 -1 -1 -1 -1 -1 -1 
0,819090909090909 0,545263157894736 -0,768 0,655555555555556 0,86984126984127 -1 -1 -1 -1 -1 -1 1 -1 -1 1 0,834545454545454 0,53578947368421 -0,768 0,634126984126984 0,848412698412699 -1 -1 -1 -1 -1 1 0,769090909090909 0,528421052631579 -0,376 0,611111111111111 0,825396825396825 -1 -1 -1 -1 -1 -1 0,783636363636364 0,551578947368421 -0,648 0,674603174603175 0,888888888888889 -1 -1 -1 -1 -1 -1 0,759090909090909 0,53578947368421 -0,416 0,607142857142857 0,821428571428571 -1 -1 -1 -1 -1 -1 
0,83 0,503157894736842 -0,768 0,653968253968254 0,868253968253968 -1 -1 -1 -1 -1 -1 1 -1 1 -1 0,842727272727273 0,503157894736842 -0,456 0,657142857142857 0,871428571428571 -0,992 -1 1 -1 -1 1 0,747272727272727 0,502105263157895 -0,648 0,671428571428571 0,885714285714286 -1 -1 -1 -1 -1 -1 0,825454545454545 0,518947368421052 -0,696 0,7 0,914285714285714 -0,992 -1 1 -1 -1 -1 0,723636363636364 0,524210526315789 -0,576 0,565873015873016 0,78015873015873 -1 -1 1 -1 -1 1 
0,733636363636364 0,534736842105263 -0,088 0,553174603174603 0,767460317460318 -1 -1 1 -1 -1 -1 1 -1 -1 1 0,678181818181818 0,587368421052631 -0,088 0,553174603174603 0,767460317460318 -0,984 -1 1 -1 -1 -1 0,777272727272727 0,462105263157895 -0,36 0,612698412698413 0,826984126984127 -0,588 -1 1 -1 -1 1 0,766363636363636 0,532631578947369 -0,504 0,623015873015873 0,837301587301587 -0,636 -1 1 -1 -1 1 0,73 0,508421052631578 -0,28 0,565873015873016 0,78015873015873 -0,968 -1 1 -1 -1 -1 
0,656363636363636 0,567368421052631 -0,336 0,517460317460318 0,731746031746032 -1 -1 1 -1 -1 -1 -1 1 1 -1 0,63 0,598947368421052 -0,2 0,538888888888889 0,753174603174603 -1 -1 -1 -1 -1 -1 0,651818181818182 0,501052631578948 -0,264 0,541269841269841 0,755555555555556 -1 -1 -1 -1 -1 -1 0,660909090909091 0,576842105263157 -0,656 0,596031746031746 0,81031746031746 -1 -1 1 -1 -1 -1 0,66 0,533684210526316 -0,128 0,485714285714286 0,7 -0,972 -1 1 -1 -1 -1 
0,677272727272727 0,575789473684211 -0,632 0,544444444444444 0,758730158730159 -1 -1 1 -1 -1 -1 -1 1 1 -1 0,661818181818182 0,573684210526316 -0,688 0,492857142857143 0,707142857142857 -1 -1 1 -1 -1 -1 0,621818181818182 0,526315789473684 -0,4 0,496825396825397 0,711111111111111 -1 -1 -1 -1 -1 -1 0,667272727272727 0,58 -0,728 0,555555555555556 0,76984126984127 -0,996 -1 -1 -1 -1 -1 0,654545454545455 0,562105263157895 -0,4 0,455555555555556 0,66984126984127 -0,964 -1 1 -1 -1 -1 
0,653636363636364 0,617894736842106 -0,512 0,514285714285714 0,728571428571429 -1 -1 1 -1 -1 -1 -1 1 -1 1 0,657272727272727 0,675789473684211 -0,2 0,538888888888889 0,753174603174603 -0,968 -1 1 -1 -1 -1 0,760909090909091 0,534736842105263 -0,248 0,596825396825397 0,811111111111111 -0,856 -1 1 -1 -1 -1 0,638181818181818 0,596842105263158 -0,4 0,567460317460317 0,781746031746032 -0,952 -1 1 -1 -1 -1 0,666363636363636 0,616842105263158 -0,32 0,524603174603175 0,738888888888889 -0,988 -1 -1 -1 -1 -1 
0,676363636363636 0,594736842105263 -0,456 0,5 0,714285714285714 -1 -1 -1 -1 -1 -1 1 -1 -1 1 0,607272727272727 0,64421052631579 -0,44 0,48015873015873 0,694444444444444 -1 -1 -1 -1 -1 -1 0,740909090909091 0,558947368421053 -0,424 0,581746031746032 0,796031746031746 -1 -1 -1 -1 -1 -1 0,678181818181818 0,532631578947369 -0,152 0,546825396825397 0,761111111111111 -0,84 -1 1 -1 -1 -1 0,675454545454545 0,612631578947369 -0,224 0,546031746031746 0,76031746031746 -1 -1 -1 -1 -1 -1 
0,732727272727273 0,468421052631579 -0,376 0,585714285714286 0,8 -0,976 -1 1 -1 -1 -1 1 -1 -1 1 0,690909090909091 0,536842105263158 -0,224 0,511111111111111 0,725396825396825 -1 -1 1 -1 -1 -1 0,731818181818182 0,506315789473685 -0,672 0,53015873015873 0,744444444444444 -1 -1 -1 -1 -1 -1 0,703636363636364 0,482105263157894 -0,648 0,535714285714286 0,75 -0,564 -1 1 -1 -1 -1 0,680909090909091 0,507368421052632 -0,592 0,521428571428571 0,735714285714286 -0,996 -1 -1 -1 -1 -1 
0,720909090909091 0,448421052631579 -0,44 0,558730158730159 0,773015873015873 -0,452 -1 1 -1 -1 -1 1 -1 -1 1 0,67 0,487368421052631 -0,24 0,538888888888889 0,753174603174603 -0,992 -1 1 -1 -1 -1 0,774545454545455 0,43578947368421 -0,648 0,607142857142857 0,821428571428571 -0,92 -1 -1 -1 -1 -1 0,731818181818182 0,485263157894737 -0,712 0,561111111111111 0,775396825396825 -0,916 -1 1 -1 -1 1 0,722727272727273 0,437894736842106 -0,576 0,546031746031746 0,76031746031746 -0,98 -1 1 -1 -1 -1 
0,681818181818182 0,490526315789474 -0,744 0,546825396825397 0,761111111111111 -0,976 -1 1 -1 -1 -1 1 -1 -1 1 0,657272727272727 0,484210526315789 -0,592 0,517460317460318 0,731746031746032 -1 -1 -1 -1 -1 -1 0,761818181818182 0,434736842105263 -0,416 0,555555555555556 0,76984126984127 -0,952 1 1 -1 -1 -1 0,755454545454545 0,494736842105263 -0,624 0,551587301587302 0,765873015873016 -0,908 1 -1 -1 -1 -1 0,669090909090909 0,474736842105263 -0,536 0,512698412698413 0,726984126984127 -0,904 -1 -1 -1 -1 -1 
0,66 0,631578947368421 -0,672 0,517460317460318 0,731746031746032 -1 -1 -1 -1 -1 -1 1 -1 -1 1 0,68 0,652631578947368 -0,664 0,488888888888889 0,703174603174603 -1 -1 -1 -1 -1 -1 0,668181818181818 0,598947368421052 -0,776 0,538888888888889 0,753174603174603 -0,996 -1 1 -1 -1 -1 0,619090909090909 0,627368421052631 -0,464 0,558730158730159 0,773015873015873 -1 -1 -1 -1 -1 -1 0,673636363636364 0,617894736842106 -0,512 0,48968253968254 0,703968253968254 -1 -1 1 -1 -1 -1 
0,682727272727273 0,603157894736842 -0,536 0,541269841269841 0,755555555555556 -0,952 -1 1 -1 -1 -1 1 -1 -1 1 0,701818181818182 0,623157894736843 -0,632 0,523015873015873 0,737301587301587 -1 -1 -1 -1 -1 -1 0,669090909090909 0,572631578947368 -0,664 0,53968253968254 0,753968253968254 -0,988 -1 -1 -1 -1 -1 0,671818181818182 0,605263157894737 -0,68 0,548412698412698 0,762698412698413 -1 -1 1 -1 -1 -1 0,665454545454546 0,611578947368421 -0,36 0,505555555555556 0,71984126984127 -1 -1 1 -1 -1 -1 
0,692727272727273 0,613684210526315 -0,648 0,496031746031746 0,71031746031746 -1 -1 -1 -1 -1 -1 1 -1 -1 1 0,69 0,628421052631579 -0,576 0,594444444444444 0,808730158730159 -1 -1 -1 -1 -1 -1 0,687272727272727 0,593684210526316 -0,632 0,524603174603175 0,738888888888889 -1 -1 -1 -1 -1 -1 0,685454545454546 0,582105263157894 -0,448 0,573015873015873 0,787301587301587 -0,936 -1 1 -1 -1 -1 0,669090909090909 0,631578947368421 -0,512 0,484126984126984 0,698412698412698 -1 -1 -1 -1 -1 -1 
0,687272727272727 0,646315789473685 -0,576 0,558730158730159 0,773015873015873 -1 -1 -1 -1 -1 -1 1 -1 -1 1 0,69 0,671578947368421 -0,744 0,503174603174603 0,717460317460317 -1 -1 -1 -1 -1 -1 0,697272727272727 0,590526315789474 -0,32 0,564285714285714 0,778571428571429 -1 -1 -1 -1 -1 -1 0,700909090909091 0,645263157894736 -0,624 0,557142857142857 0,771428571428571 -0,98 -1 -1 -1 -1 -1 0,673636363636364 0,645263157894736 -0,36 0,544444444444444 0,758730158730159 -1 -1 -1 -1 -1 -1 
0,68 0,649473684210527 -0,648 0,546031746031746 0,76031746031746 -1 -1 -1 -1 -1 -1 1 -1 -1 1 0,723636363636364 0,657894736842105 -0,744 0,557142857142857 0,771428571428571 -1 -1 -1 -1 -1 -1 0,677272727272727 0,642105263157895 -0,512 0,531746031746032 0,746031746031746 -0,996 -1 -1 -1 -1 -1 0,702727272727273 0,635789473684211 -0,592 0,621428571428571 0,835714285714286 -1 -1 1 -1 -1 -1 0,678181818181818 0,66 -0,672 0,548412698412698 0,762698412698413 -1 -1 -1 -1 -1 -1 
0,704545454545455 0,539999999999999 -0,576 0,546825396825397 0,761111111111111 -0,996 -1 1 -1 -1 -1 1 -1 -1 1 0,700909090909091 0,560000000000001 -0,712 0,5 0,714285714285714 -1 1 -1 -1 -1 -1 0,672727272727273 0,485263157894737 -0,2 0,535714285714286 0,75 -0,972 -1 1 -1 -1 -1 0,742727272727273 0,529473684210526 -0,64 0,588888888888889 0,803174603174603 -1 -1 -1 -1 -1 -1 0,651818181818182 0,541052631578947 -0,2 0,542857142857143 0,757142857142857 -0,892 -1 1 -1 -1 -1 
0,682727272727273 0,571578947368421 -0,672 0,526984126984127 0,741269841269841 -0,996 -1 -1 -1 -1 -1 1 -1 1 -1 0,741818181818182 0,53578947368421 -0,536 0,525396825396825 0,73968253968254 -1 -1 1 -1 -1 -1 0,629090909090909 0,55578947368421 -0,424 0,518253968253968 0,732539682539682 -0,996 -1 -1 -1 -1 -1 0,702727272727273 0,565263157894737 -0,712 0,592857142857143 0,807142857142857 -1 -1 -1 -1 -1 -1 0,608181818181818 0,570526315789474 -0,728 0,484126984126984 0,698412698412698 -1 -1 -1 -1 -1 -1 
0,750909090909091 0,526315789473684 -0,608 0,576984126984127 0,791269841269841 -1 -1 -1 -1 -1 -1 1 -1 -1 1 0,767272727272727 0,533684210526316 -0,496 0,558730158730159 0,773015873015873 -1 -1 -1 -1 -1 -1 0,669090909090909 0,541052631578947 -0,8 0,524603174603175 0,738888888888889 -0,996 -1 1 -1 -1 -1 0,784545454545455 0,533684210526316 -0,712 0,607142857142857 0,821428571428571 -1 -1 -1 -1 -1 -1 0,702727272727273 0,548421052631579 -0,536 0,551587301587302 0,765873015873016 -0,968 -1 1 -1 -1 -1 
0,64 0,591578947368422 -0,552 0,523015873015873 0,737301587301587 -1 -1 -1 -1 -1 -1 1 -1 -1 1 0,717272727272727 0,56421052631579 -0,336 0,596031746031746 0,81031746031746 -1 -1 -1 -1 -1 -1 0,667272727272727 0,526315789473684 -0,408 0,511111111111111 0,725396825396825 -0,728 -1 1 -1 -1 1 0,759090909090909 0,543157894736842 -0,544 0,628571428571429 0,842857142857143 -1 -1 -1 -1 -1 -1 0,59 0,608421052631578 -0,28 0,478571428571429 0,692857142857143 -0,936 -1 -1 -1 -1 -1 
0,646363636363636 0,610526315789474 -0,592 0,484126984126984 0,698412698412698 -1 -1 -1 -1 -1 -1 1 -1 -1 1 0,685454545454546 0,551578947368421 -0,336 0,553968253968254 0,768253968253968 -1 -1 -1 -1 -1 -1 0,665454545454546 0,583157894736842 -0,44 0,51031746031746 0,724603174603175 -1 -1 -1 -1 -1 -1 0,622727272727273 0,571578947368421 -0,6 0,567460317460317 0,781746031746032 -1 -1 -1 -1 -1 -1 0,609090909090909 0,621052631578947 -0,728 0,446825396825397 0,661111111111111 -1 -1 -1 -1 -1 -1 
0,720909090909091 0,477894736842105 -0,672 0,561111111111111 0,775396825396825 -0,876 -1 -1 -1 -1 -1 -1 1 -1 1 0,762727272727273 0,495789473684211 -0,512 0,603968253968254 0,818253968253968 -1 -1 1 -1 -1 1 0,779090909090909 0,474736842105263 -0,752 0,615873015873016 0,83015873015873 -0,992 -1 1 -1 -1 -1 0,687272727272727 0,481052631578948 -0,68 0,542857142857143 0,757142857142857 -0,96 1 -1 -1 -1 -1 0,735454545454545 0,463157894736842 -0,672 0,51984126984127 0,734126984126984 -1 1 -1 -1 -1 -1 
0,719090909090909 0,391578947368422 -0,336 0,544444444444444 0,758730158730159 -1 -1 1 -1 -1 -1 -1 1 -1 1 0,691818181818182 0,451578947368421 0,032 0,553174603174603 0,767460317460318 -0,936 -1 1 -1 -1 -1 0,775454545454545 0,313684210526315 -0,376 0,605555555555556 0,81984126984127 -0,936 -1 1 -1 -1 -1 0,681818181818182 0,427368421052632 -0,608 0,564285714285714 0,778571428571429 -1 -1 -1 -1 -1 1 0,710909090909091 0,337894736842106 -0,104 0,521428571428571 0,735714285714286 -0,892 -1 1 -1 -1 -1 
0,668181818181818 0,450526315789473 -0,512 0,518253968253968 0,732539682539682 -1 -1 1 -1 -1 -1 -1 1 1 -1 0,649090909090909 0,472631578947368 -0,168 0,546825396825397 0,761111111111111 -0,988 -1 1 -1 -1 -1 0,629090909090909 0,384210526315789 0,192 0,524603174603175 0,738888888888889 -0,98 -1 -1 -1 -1 -1 0,604545454545455 0,478947368421053 -0,544 0,555555555555556 0,76984126984127 -1 -1 -1 -1 -1 -1 0,639090909090909 0,398947368421052 -0,224 0,501587301587302 0,715873015873016 -0,98 -1 1 -1 -1 -1 
0,651818181818182 0,46421052631579 -0,456 0,484126984126984 0,698412698412698 -0,936 -1 -1 -1 -1 1 -1 1 -1 1 0,650909090909091 0,469473684210527 -0,304 0,514285714285714 0,728571428571429 -0,976 -1 1 -1 -1 -1 0,66 0,438947368421053 -0,376 0,48968253968254 0,703968253968254 -0,992 -1 1 -1 -1 1 0,679090909090909 0,487368421052631 -0,528 0,557142857142857 0,771428571428571 -1 -1 1 -1 -1 -1 0,648181818181818 0,418947368421052 -0,376 0,482539682539682 0,696825396825397 -0,892 -1 1 -1 -1 -1 
0,676363636363636 0,458947368421053 -0,576 0,484126984126984 0,698412698412698 -0,936 -1 1 -1 -1 1 -1 1 1 -1 0,678181818181818 0,424210526315789 -0,592 0,464285714285714 0,678571428571429 -0,936 -1 1 -1 -1 -1 0,66 0,465263157894737 -0,464 0,512698412698413 0,726984126984127 -1 -1 1 -1 -1 -1 0,776363636363636 0,445263157894736 -0,696 0,596825396825397 0,811111111111111 -0,952 -1 1 -1 -1 -1 0,649090909090909 0,463157894736842 -0,536 0,511111111111111 0,725396825396825 -0,972 -1 1 -1 -1 -1 
0,676363636363636 0,458947368421053 -0,576 0,484126984126984 0,698412698412698 -0,936 -1 1 -1 -1 1 -1 -1 -1 -1 0,678181818181818 0,424210526315789 -0,592 0,464285714285714 0,678571428571429 -0,936 -1 1 -1 -1 -1 0,66 0,465263157894737 -0,464 0,512698412698413 0,726984126984127 -1 -1 1 -1 -1 -1 0,776363636363636 0,445263157894736 -0,696 0,596825396825397 0,811111111111111 -0,952 -1 1 -1 -1 -1 0,649090909090909 0,463157894736842 -0,536 0,511111111111111 0,725396825396825 -0,972 -1 1 -1 -1 -1 
0,776363636363636 0,396842105263158 -0,36 0,596031746031746 0,81031746031746 -0,904 -1 -1 -1 -1 1 -1 1 1 -1 0,745454545454545 0,396842105263158 -0,552 0,548412698412698 0,762698412698413 -1 1 -1 -1 -1 -1 0,712727272727273 0,432631578947369 -0,288 0,503968253968254 0,718253968253968 -0,896 -1 1 -1 -1 -1 0,773636363636364 0,438947368421053 -0,56 0,63015873015873 0,844444444444444 -0,952 -1 1 -1 -1 1 0,701818181818182 0,389473684210526 -0,4 0,542857142857143 0,757142857142857 -0,796 -1 1 -1 -1 -1 
0,766363636363636 0,491578947368422 -0,712 0,587301587301587 0,801587301587302 -0,98 -1 -1 -1 -1 -1 -1 1 -1 1 0,733636363636364 0,478947368421053 -0,592 0,551587301587302 0,765873015873016 -1 -1 -1 -1 -1 -1 0,729090909090909 0,494736842105263 -0,4 0,575396825396825 0,78968253968254 -1 -1 -1 -1 -1 -1 0,767272727272727 0,52 -0,712 0,603968253968254 0,818253968253968 -0,992 1 -1 -1 -1 -1 0,716363636363636 0,489473684210526 -0,712 0,51031746031746 0,724603174603175 -0,876 -1 -1 -1 -1 1 
0,810909090909091 0,512631578947369 -0,592 0,618253968253968 0,832539682539683 -1 -1 -1 -1 -1 -1 -1 1 1 -1 0,789090909090909 0,485263157894737 -0,472 0,568253968253968 0,782539682539683 -0,78 -1 1 -1 -1 1 0,79 0,550526315789473 -0,744 0,573015873015873 0,787301587301587 -0,716 -1 1 -1 -1 1 0,774545454545455 0,52 -0,584 0,631746031746032 0,846031746031746 -0,984 -1 -1 -1 -1 1 0,726363636363636 0,522105263157895 -0,712 0,537301587301587 0,751587301587302 -0,996 -1 -1 -1 -1 -1 
0,798181818181818 0,525263157894737 -0,712 0,635714285714286 0,85 -0,78 1 -1 -1 -1 1 -1 1 1 -1 0,785454545454546 0,522105263157895 -0,728 0,575396825396825 0,78968253968254 -0,968 -1 1 -1 -1 1 0,826363636363636 0,529473684210526 -0,224 0,621428571428571 0,835714285714286 -0,732 -1 -1 -1 -1 1 0,749090909090909 0,533684210526316 -0,464 0,688888888888889 0,903174603174603 -1 -1 -1 -1 -1 1 0,800909090909091 0,507368421052632 -0,592 0,653174603174603 0,867460317460317 -0,964 -1 -1 -1 -1 -1 
0,770909090909091 0,549473684210527 -0,688 0,6 0,814285714285714 -1 -1 1 -1 -1 -1 -1 1 1 -1 0,692727272727273 0,571578947368421 -0,64 0,565873015873016 0,78015873015873 -1 -1 -1 -1 -1 -1 0,7 0,553684210526316 -0,208 0,6 0,814285714285714 -1 -1 -1 -1 -1 -1 0,789090909090909 0,536842105263158 -0,784 0,631746031746032 0,846031746031746 -0,932 -1 1 -1 -1 1 0,688181818181818 0,538947368421053 -0,648 0,521428571428571 0,735714285714286 -0,952 -1 1 -1 -1 -1 
0,748181818181818 0,603157894736842 -0,768 0,558730158730159 0,773015873015873 -0,86 -1 1 -1 -1 -1 -1 -1 -1 -1 0,716363636363636 0,614736842105263 -0,88 0,553968253968254 0,768253968253968 -1 -1 1 -1 -1 -1 0,72 0,596842105263158 -0,496 0,535714285714286 0,75 -0,86 -1 1 -1 -1 -1 0,796363636363636 0,582105263157894 -0,88 0,605555555555556 0,81984126984127 -0,968 -1 -1 -1 -1 1 0,6 0,605263157894737 -0,632 0,465873015873016 0,68015873015873 -1 -1 -1 -1 -1 -1 
0,723636363636364 0,631578947368421 -0,784 0,521428571428571 0,735714285714286 -1 1 -1 -1 -1 -1 1 -1 -1 1 0,737272727272727 0,603157894736842 -0,736 0,56031746031746 0,774603174603175 -1 -1 -1 -1 -1 -1 0,632727272727273 0,618947368421052 -0,36 0,512698412698413 0,726984126984127 -0,996 -1 -1 -1 -1 -1 0,731818181818182 0,626315789473684 -0,92 0,561111111111111 0,775396825396825 -1 1 -1 -1 -1 -1 0,606363636363636 0,634736842105263 -0,824 0,451587301587302 0,665873015873016 -1 -1 1 -1 -1 -1 
0,76 0,593684210526316 -0,744 0,56031746031746 0,774603174603175 -0,996 -1 1 -1 -1 1 -1 1 1 -1 0,79 0,611578947368421 -0,648 0,617460317460317 0,831746031746032 -1 -1 1 -1 -1 -1 0,66 0,6 -0,632 0,534126984126984 0,748412698412698 -1 -1 -1 -1 -1 -1 0,801818181818182 0,596842105263158 -0,952 0,61031746031746 0,824603174603175 -1 -1 1 -1 -1 -1 0,72 0,585263157894737 -0,376 0,544444444444444 0,758730158730159 -0,992 -1 1 -1 -1 -1 
0,703636363636364 0,601052631578948 -0,632 0,55 0,764285714285714 -0,968 -1 -1 -1 -1 -1 1 -1 -1 1 0,739090909090909 0,604210526315789 -0,688 0,561111111111111 0,775396825396825 -1 -1 -1 -1 -1 -1 0,722727272727273 0,56421052631579 -0,552 0,561111111111111 0,775396825396825 -0,968 -1 1 -1 -1 1 0,790909090909091 0,574736842105263 -0,904 0,608730158730159 0,823015873015873 -1 -1 -1 -1 -1 -1 0,67 0,597894736842105 -0,496 0,505555555555556 0,71984126984127 -1 -1 -1 -1 -1 -1 
