0,58 0,408421052631578 0,24 0,434126984126984 0,648412698412698 -1 -1 -1 1 -1 -1 
0,599090909090909 0,505263157894737 -0,416 0,426984126984127 0,641269841269841 -1 -1 -1 -1 -1 -1 
0,656363636363636 0,515789473684211 -0,592 0,498412698412698 0,712698412698413 -1 -1 -1 -1 -1 -1 
0,695454545454545 0,552631578947368 -0,728 0,494444444444444 0,708730158730159 -1 -1 -1 -1 -1 -1 
0,674545454545455 0,551578947368421 -0,28 0,6 0,814285714285714 -1 -1 -1 -1 -1 -1 
0,602727272727273 0,573684210526316 -0,336 0,481746031746032 0,696031746031746 -1 -1 -1 -1 -1 -1 
0,657272727272727 0,547368421052632 -0,536 0,51984126984127 0,734126984126984 -0,992 -1 1 -1 -1 -1 
0,672727272727273 0,588421052631579 -0,512 0,542857142857143 0,757142857142857 -0,968 -1 1 -1 -1 -1 
0,681818181818182 0,546315789473684 -0,592 0,508730158730159 0,723015873015873 -1 -1 -1 -1 -1 -1 
0,679090909090909 0,515789473684211 -0,376 0,55 0,764285714285714 -0,992 -1 1 -1 -1 -1 
0,66 0,666315789473684 -0,32 0,471428571428571 0,685714285714286 -1 -1 -1 -1 -1 -1 
0,702727272727273 0,623157894736843 -0,672 0,48015873015873 0,694444444444444 -1 -1 -1 -1 -1 -1 
0,684545454545455 0,556842105263158 -0,552 0,505555555555556 0,71984126984127 -1 -1 -1 -1 -1 -1 
0,683636363636364 0,506315789473685 -0,472 0,534126984126984 0,748412698412698 -1 -1 -1 -1 -1 -1 
0,700909090909091 0,504210526315789 -0,376 0,546031746031746 0,76031746031746 -1 -1 -1 -1 -1 -1 
0,598181818181818 0,563157894736842 -0,552 0,425396825396825 0,63968253968254 -1 -1 -1 -1 -1 -1 
0,636363636363636 0,510526315789474 -0,496 0,457142857142857 0,671428571428571 -1 -1 -1 -1 -1 -1 
0,696363636363636 0,495789473684211 -0,632 0,537301587301587 0,751587301587302 -1 -1 -1 -1 -1 -1 
0,695454545454545 0,450526315789473 -0,632 0,551587301587302 0,765873015873016 -1 -1 -1 -1 -1 -1 
0,723636363636364 0,452631578947368 -0,36 0,555555555555556 0,76984126984127 -0,984 -1 1 -1 -1 -1 
0,688181818181818 0,692631578947368 -0,4 0,478571428571429 0,692857142857143 -1 -1 -1 -1 -1 -1 
0,711818181818182 0,615789473684211 -0,312 0,571428571428571 0,785714285714286 -1 -1 -1 -1 -1 -1 
0,664545454545454 0,6 -0,472 0,524603174603175 0,738888888888889 -1 -1 -1 -1 -1 -1 
0,701818181818182 0,573684210526316 -0,576 0,531746031746032 0,746031746031746 -1 -1 -1 -1 -1 -1 
0,676363636363636 0,53578947368421 -0,512 0,538888888888889 0,753174603174603 -1 -1 -1 -1 -1 -1 
0,642727272727273 0,552631578947368 -0,576 0,496825396825397 0,711111111111111 -0,992 -1 1 -1 -1 -1 
0,664545454545454 0,524210526315789 -0,264 0,485714285714286 0,7 -0,968 -1 1 -1 -1 -1 
0,675454545454545 0,532631578947369 -0,592 0,53015873015873 0,744444444444444 -0,876 -1 1 -1 -1 -1 
0,683636363636364 0,514736842105263 -0,224 0,496825396825397 0,711111111111111 -0,92 1 1 -1 -1 -1 
0,688181818181818 0,597894736842105 -0,904 0,525396825396825 0,73968253968254 -0,936 1 1 -1 -1 -1 
0,683636363636364 0,491578947368422 -0,248 0,482539682539682 0,696825396825397 -1 -1 -1 -1 -1 -1 
0,627272727272727 0,613684210526315 -0,776 0,451587301587302 0,665873015873016 -1 -1 -1 -1 -1 -1 
0,676363636363636 0,649473684210527 -0,56 0,507142857142857 0,721428571428571 -1 -1 -1 -1 -1 -1 
0,728181818181818 0,665263157894737 -0,608 0,548412698412698 0,762698412698413 -1 -1 -1 -1 -1 -1 
0,657272727272727 0,610526315789474 -0,592 0,553174603174603 0,767460317460318 -1 -1 -1 -1 -1 -1 
0,518181818181818 0,590526315789474 -0,784 0,394444444444444 0,608730158730159 -1 -1 -1 -1 -1 -1 
0,550909090909091 0,547368421052632 -0,728 0,421428571428571 0,635714285714286 -1 -1 -1 -1 -1 -1 
0,555454545454545 0,560000000000001 -0,744 0,451587301587302 0,665873015873016 -1 -1 -1 -1 -1 -1 
0,535454545454545 0,593684210526316 -0,824 0,403174603174603 0,617460317460317 -1 -1 -1 -1 -1 -1 
0,594545454545455 0,58421052631579 -0,688 0,428571428571429 0,642857142857143 -1 -1 -1 -1 -1 -1 
0,656363636363636 0,566315789473684 -0,104 0,503968253968254 0,718253968253968 -1 -1 -1 -1 -1 -1 
0,636363636363636 0,54421052631579 -0,512 0,457142857142857 0,671428571428571 -1 -1 1 -1 -1 -1 
0,615454545454545 0,570526315789474 -0,576 0,451587301587302 0,665873015873016 -0,984 -1 -1 -1 -1 -1 
0,614545454545455 0,505263157894737 -0,576 0,411111111111111 0,625396825396825 -1 -1 1 -1 -1 -1 
0,703636363636364 0,415789473684211 -0,664 0,553174603174603 0,767460317460318 -0,92 -1 1 -1 -1 -1 
0,701818181818182 0,490526315789474 -0,536 0,541269841269841 0,755555555555556 -0,968 -1 1 -1 -1 -1 
0,706363636363636 0,552631578947368 -0,576 0,532539682539683 0,746825396825397 -0,976 -1 1 -1 -1 -1 
0,67 0,612631578947369 -0,512 0,553968253968254 0,768253968253968 -1 -1 -1 -1 -1 -1 
0,65 0,616842105263158 -0,92 0,507142857142857 0,721428571428571 -1 -1 -1 -1 -1 -1 
0,633636363636364 0,575789473684211 -0,8 0,488888888888889 0,703174603174603 -1 -1 -1 -1 -1 -1 
0,65 0,616842105263158 -0,92 0,507142857142857 0,721428571428571 -1 -1 -1 -1 -1 -1 
0,633636363636364 0,575789473684211 -0,8 0,488888888888889 0,703174603174603 -1 -1 -1 -1 -1 -1 
0,639090909090909 0,550526315789473 -0,848 0,464285714285714 0,678571428571429 -1 -1 -1 -1 -1 -1 
0,640909090909091 0,541052631578947 -0,648 0,485714285714286 0,7 -1 -1 -1 -1 -1 -1 
0,627272727272727 0,511578947368421 -0,184 0,517460317460318 0,731746031746032 -1 -1 -1 -1 -1 -1 
0,664545454545454 0,548421052631579 -0,576 0,512698412698413 0,726984126984127 -1 -1 -1 -1 -1 -1 
0,683636363636364 0,48 -0,6 0,523015873015873 0,737301587301587 -1 -1 -1 -1 -1 -1 
0,705454545454545 0,424210526315789 -0,648 0,496031746031746 0,71031746031746 -0,968 1 1 -1 -1 1 
0,733636363636364 0,373684210526316 -0,648 0,528571428571429 0,742857142857143 -0,952 1 1 -1 -1 1 
0,719090909090909 0,275789473684211 0,208 0,528571428571429 0,742857142857143 -0,716 -1 1 -1 -1 -1 
0,684545454545455 0,556842105263158 -0,808 0,51031746031746 0,724603174603175 -0,988 -1 1 -1 -1 -1 
0,695454545454545 0,569473684210527 -0,616 0,473015873015873 0,687301587301587 -0,968 1 1 -1 -1 -1 
0,713636363636364 0,589473684210526 -0,744 0,548412698412698 0,762698412698413 -0,968 -1 1 -1 -1 -1 
0,722727272727273 0,594736842105263 -0,72 0,541269841269841 0,755555555555556 -0,864 -1 1 -1 -1 -1 
0,703636363636364 0,577894736842105 -0,68 0,534126984126984 0,748412698412698 -0,988 -1 1 -1 -1 -1 
0,617272727272727 0,616842105263158 -0,336 0,535714285714286 0,75 -1 -1 -1 -1 -1 -1 
0,663636363636364 0,62 -0,44 0,512698412698413 0,726984126984127 -1 -1 -1 -1 -1 -1 
0,645454545454546 0,565263157894737 -0,248 0,542857142857143 0,757142857142857 -1 -1 -1 -1 -1 -1 
0,585454545454546 0,530526315789473 -0,144 0,474603174603175 0,688888888888889 -1 -1 -1 -1 -1 -1 
0,589090909090909 0,548421052631579 -0,36 0,488888888888889 0,703174603174603 -1 -1 -1 -1 -1 -1 
0,742727272727273 0,417894736842106 -0,344 0,58015873015873 0,794444444444444 -1 1 -1 -1 -1 -1 
0,700909090909091 0,384210526315789 0,048 0,621428571428571 0,835714285714286 -1 -1 -1 -1 -1 -1 
0,717272727272727 0,390526315789474 -0,0640000000000001 0,621428571428571 0,835714285714286 -0,904 -1 1 -1 -1 1 
0,744545454545455 0,373684210526316 -0,224 0,58968253968254 0,803968253968254 -0,968 -1 1 -1 -1 -1 
0,742727272727273 0,371578947368421 -0,28 0,591269841269841 0,805555555555556 -0,984 -1 1 -1 -1 -1 
0,481818181818182 0,725263157894738 -0,64 0,353174603174603 0,567460317460317 -1 -1 -1 -1 -1 -1 
0,520909090909091 0,707368421052632 -0,728 0,364285714285714 0,578571428571429 -1 -1 -1 -1 -1 -1 
0,511818181818182 0,686315789473685 -0,624 0,396031746031746 0,61031746031746 -1 -1 -1 -1 -1 -1 
0,504545454545455 0,674736842105262 -0,712 0,376984126984127 0,591269841269841 -1 -1 -1 -1 -1 -1 
0,557272727272727 0,592631578947368 -0,336 0,421428571428571 0,635714285714286 -1 -1 -1 -1 -1 -1 
0,646363636363636 0,450526315789473 -0,424 0,487301587301587 0,701587301587302 -1 -1 1 -1 -1 -1 
0,595454545454545 0,561052631578947 -0,336 0,432539682539683 0,646825396825397 -0,904 -1 1 -1 -1 -1 
0,575454545454545 0,617894736842106 -0,2 0,403968253968254 0,618253968253968 -0,96 -1 -1 -1 -1 -1 
0,673636363636364 0,586315789473685 -0,456 0,517460317460318 0,731746031746032 -1 -1 -1 -1 -1 -1 
0,632727272727273 0,510526315789474 -0,64 0,48015873015873 0,694444444444444 -1 -1 -1 -1 -1 -1 
0,552727272727273 0,55578947368421 -0,272 0,437301587301587 0,651587301587301 -1 -1 -1 -1 -1 -1 
0,620909090909091 0,557894736842105 -0,536 0,471428571428571 0,685714285714286 -1 -1 -1 -1 -1 -1 
0,608181818181818 0,55578947368421 -0,544 0,418253968253968 0,632539682539683 -1 1 -1 -1 -1 -1 
0,56 0,603157894736842 -0,44 0,485714285714286 0,7 -1 -1 -1 -1 -1 -1 
0,559090909090909 0,575789473684211 -0,728 0,428571428571429 0,642857142857143 -1 -1 -1 -1 -1 -1 
0,565454545454545 0,447368421052632 -0,36 0,376984126984127 0,591269841269841 -0,936 -1 1 1 -1 -1 
0,58 0,475789473684211 -0,336 0,434126984126984 0,648412698412698 -0,896 -1 -1 -1 -1 -1 
0,644545454545455 0,525263157894737 -0,0640000000000001 0,464285714285714 0,678571428571429 -1 -1 -1 -1 -1 -1 
0,536363636363636 0,608421052631578 -0,24 0,465873015873016 0,68015873015873 -1 -1 -1 -1 -1 -1 
0,505454545454545 0,667368421052633 -0,536 0,403968253968254 0,618253968253968 -1 -1 -1 -1 -1 -1 
0,592727272727273 0,58 -0,304 0,521428571428571 0,735714285714286 -1 -1 -1 -1 -1 -1 
0,493636363636364 0,582105263157894 -0,104 0,465873015873016 0,68015873015873 -1 -1 -1 -1 -1 -1 
0,494545454545455 0,521052631578947 -0,088 0,431746031746032 0,646031746031746 -0,992 -1 1 -1 -1 -1 
0,470909090909091 0,54421052631579 -0,144 0,396825396825397 0,611111111111111 -1 -1 -1 -1 -1 -1 
0,498181818181818 0,531578947368421 -0,264 0,362698412698413 0,576984126984127 -1 -1 -1 -1 -1 -1 
0,498181818181818 0,531578947368421 -0,264 0,362698412698413 0,576984126984127 -1 -1 -1 -1 -1 -1 
0,551818181818182 0,536842105263158 -0,376 0,421428571428571 0,635714285714286 -1 -1 -1 -1 -1 -1 
0,564545454545455 0,521052631578947 -0,264 0,392857142857143 0,607142857142857 -1 -1 -1 -1 -1 -1 
0,584545454545454 0,550526315789473 -0,472 0,476984126984127 0,691269841269841 -1 -1 -1 -1 -1 -1 
0,591818181818182 0,56421052631579 -0,4 0,453968253968254 0,668253968253968 -1 -1 1 -1 -1 -1 
0,665454545454546 0,394736842105263 -0,672 0,514285714285714 0,728571428571429 -0,948 1 -1 -1 -1 -1 
0,614545454545455 0,342105263157895 -0,0640000000000001 0,437301587301587 0,651587301587301 -0,96 -1 1 1 -1 -1 
0,592727272727273 0,416842105263158 -0,32 0,438888888888889 0,653174603174603 -0,976 -1 -1 -1 -1 -1 
0,688181818181818 0,349473684210527 -0,472 0,491269841269841 0,705555555555556 -1 -1 1 -1 -1 -1 
0,653636363636364 0,417894736842106 -0,472 0,503174603174603 0,717460317460317 -1 -1 1 -1 -1 -1 
0,61 0,430526315789473 -0,592 0,457142857142857 0,671428571428571 -0,984 -1 -1 -1 -1 -1 
0,626363636363636 0,456842105263158 -0,224 0,518253968253968 0,732539682539682 -1 -1 -1 -1 -1 -1 
0,578181818181818 0,512631578947369 -0,376 0,524603174603175 0,738888888888889 -1 -1 -1 -1 -1 -1 
0,557272727272727 0,515789473684211 -0,168 0,457142857142857 0,671428571428571 -1 -1 -1 -1 -1 -1 
0,526363636363636 0,556842105263158 -0,184 0,468253968253968 0,682539682539683 -1 -1 -1 -1 -1 -1 
0,591818181818182 0,573684210526316 -0,304 0,43968253968254 0,653968253968254 -1 -1 -1 -1 -1 -1 
0,563636363636364 0,553684210526316 -0,848 0,396031746031746 0,61031746031746 -1 -1 -1 -1 -1 -1 
0,584545454545454 0,552631578947368 -0,552 0,43968253968254 0,653968253968254 -1 -1 -1 -1 -1 -1 
0,665454545454546 0,543157894736842 -0,552 0,494444444444444 0,708730158730159 -0,904 -1 1 -1 -1 -1 
0,655454545454545 0,574736842105263 -0,608 0,501587301587302 0,715873015873016 -1 -1 -1 -1 -1 -1 
0,721818181818182 0,538947368421053 -0,296 0,537301587301587 0,751587301587302 -1 -1 -1 -1 -1 -1 
0,68 0,549473684210527 -0,6 0,526984126984127 0,741269841269841 -1 -1 -1 -1 -1 -1 
0,656363636363636 0,525263157894737 -0,512 0,512698412698413 0,726984126984127 -1 -1 1 -1 -1 -1 
0,603636363636364 0,498947368421052 -0,248 0,476984126984127 0,691269841269841 -1 -1 -1 -1 -1 -1 
0,589090909090909 0,474736842105263 0,128 0,455555555555556 0,66984126984127 -0,996 -1 1 -1 -1 -1 
0,600909090909091 0,470526315789474 -0,416 0,426984126984127 0,641269841269841 -0,996 -1 -1 -1 -1 -1 
0,473636363636364 0,586315789473685 0,0720000000000001 0,385714285714286 0,6 -1 -1 -1 1 -1 -1 
0,499090909090909 0,632631578947367 -0,744 0,364285714285714 0,578571428571429 -1 -1 -1 -1 -1 -1 
0,5 0,611578947368421 -0,664 0,381746031746032 0,596031746031746 -1 -1 -1 -1 -1 -1 
0,565454545454545 0,563157894736842 -0,336 0,418253968253968 0,632539682539683 -1 -1 -1 -1 -1 -1 
0,487272727272727 0,504210526315789 0,136 0,378571428571429 0,592857142857143 -0,984 -1 -1 1 -1 -1 
0,507272727272727 0,567368421052631 0,048 0,373015873015873 0,587301587301587 -1 -1 1 1 -1 -1 
0,518181818181818 0,64 -0,576 0,407142857142857 0,621428571428571 -1 -1 1 1 -1 -1 
0,499090909090909 0,665263157894737 -0,824 0,414285714285714 0,628571428571429 -1 -1 -1 -1 -1 -1 
0,54 0,604210526315789 -0,76 0,385714285714286 0,6 -1 -1 -1 -1 -1 -1 
0,481818181818182 0,424210526315789 -0,768 0,342857142857143 0,557142857142857 -1 -1 -1 -1 -1 -1 
0,495454545454545 0,504210526315789 -0,848 0,357142857142857 0,571428571428571 -1 -1 -1 -1 -1 -1 
0,586363636363636 0,516842105263158 -0,608 0,453968253968254 0,668253968253968 -1 -1 -1 -1 -1 -1 
0,588181818181818 0,530526315789473 -0,664 0,437301587301587 0,651587301587301 -1 -1 -1 -1 -1 -1 
0,596363636363636 0,482105263157894 -0,672 0,442857142857143 0,657142857142857 -1 -1 -1 -1 -1 -1 
0,648181818181818 0,546315789473684 -0,4 0,523015873015873 0,737301587301587 -1 -1 1 -1 -1 -1 
0,666363636363636 0,531578947368421 -0,376 0,542857142857143 0,757142857142857 -1 -1 -1 -1 -1 -1 
0,653636363636364 0,509473684210526 -0,744 0,496825396825397 0,711111111111111 -1 -1 -1 -1 -1 -1 
0,617272727272727 0,450526315789473 -0,576 0,482539682539682 0,696825396825397 -0,984 -1 1 -1 -1 -1 
0,586363636363636 0,466315789473684 -0,592 0,442857142857143 0,657142857142857 -0,996 -1 -1 -1 -1 -1 
0,543636363636364 0,510526315789474 -0,36 0,381746031746032 0,596031746031746 -1 -1 1 -1 -1 -1 
0,668181818181818 0,432631578947369 -0,28 0,485714285714286 0,7 -0,968 -1 1 -1 -1 -1 
0,716363636363636 0,457894736842105 -0,512 0,542857142857143 0,757142857142857 -0,984 1 1 -1 -1 -1 
0,706363636363636 0,477894736842105 -0,712 0,551587301587302 0,765873015873016 -0,992 -1 1 -1 -1 -1 
0,630909090909091 0,485263157894737 -0,416 0,467460317460317 0,681746031746032 -1 -1 -1 -1 -1 -1 
0,716363636363636 0,457894736842105 -0,512 0,542857142857143 0,757142857142857 -0,984 1 1 -1 -1 -1 
0,706363636363636 0,477894736842105 -0,712 0,551587301587302 0,765873015873016 -0,992 -1 1 -1 -1 -1 
0,630909090909091 0,485263157894737 -0,416 0,467460317460317 0,681746031746032 -1 -1 -1 -1 -1 -1 
0,641818181818182 0,539999999999999 -0,552 0,448412698412698 0,662698412698413 -1 -1 -1 -1 -1 -1 
0,65 0,553684210526316 -0,864 0,457142857142857 0,671428571428571 -1 -1 1 -1 -1 -1 
0,575454545454545 0,392631578947368 -0,312 0,442857142857143 0,657142857142857 -0,912 -1 1 1 -1 -1 
0,552727272727273 0,408421052631578 -0,224 0,432539682539683 0,646825396825397 -0,952 -1 1 1 -1 -1 
0,519090909090909 0,524210526315789 -0,28 0,401587301587302 0,615873015873016 -0,992 -1 -1 1 -1 -1 
0,483636363636364 0,568421052631579 -0,808 0,33968253968254 0,553968253968254 -1 -1 1 1 -1 -1 
0,508181818181818 0,6 -0,88 0,35 0,564285714285714 -1 -1 -1 -1 -1 -1 
0,574545454545455 0,456842105263158 -0,4 0,442857142857143 0,657142857142857 -1 -1 -1 -1 -1 -1 
0,565454545454545 0,493684210526316 -0,536 0,425396825396825 0,63968253968254 -1 -1 -1 -1 -1 -1 
0,534545454545455 0,561052631578947 -0,24 0,41984126984127 0,634126984126984 -1 -1 -1 -1 -1 -1 
0,519090909090909 0,597894736842105 -0,608 0,396825396825397 0,611111111111111 -1 -1 -1 1 -1 -1 
0,577272727272727 0,536842105263158 -0,648 0,371428571428571 0,585714285714286 -0,996 -1 1 -1 -1 -1 
0,597272727272727 0,395789473684211 0,128 0,46031746031746 0,674603174603175 -0,948 -1 1 -1 -1 -1 
0,581818181818182 0,443157894736842 0,112 0,43968253968254 0,653968253968254 -0,952 -1 1 1 -1 -1 
0,55 0,513684210526315 0,136 0,421428571428571 0,635714285714286 -0,952 -1 1 1 -1 -1 
0,499090909090909 0,498947368421052 -0,112 0,403968253968254 0,618253968253968 -1 -1 1 1 -1 -1 
0,521818181818182 0,468421052631579 -0,376 0,376984126984127 0,591269841269841 -1 -1 1 1 -1 -1 
0,606363636363636 0,596842105263158 -0,632 0,462698412698413 0,676984126984127 -1 1 -1 -1 -1 -1 
0,622727272727273 0,554736842105264 -0,744 0,465873015873016 0,68015873015873 -0,984 -1 1 -1 -1 -1 
0,641818181818182 0,522105263157895 -0,904 0,488888888888889 0,703174603174603 -0,936 -1 1 -1 -1 -1 
0,645454545454546 0,524210526315789 -0,88 0,5 0,714285714285714 -1 -1 -1 -1 -1 -1 
0,636363636363636 0,458947368421053 -0,456 0,507142857142857 0,721428571428571 -1 -1 1 -1 -1 -1 
0,638181818181818 0,390526315789474 -0,728 0,496825396825397 0,711111111111111 -1 -1 -1 -1 -1 -1 
0,636363636363636 0,438947368421053 -0,456 0,468253968253968 0,682539682539683 -1 -1 1 -1 -1 -1 
0,545454545454545 0,496842105263158 0,136 0,418253968253968 0,632539682539683 -0,968 -1 -1 1 -1 -1 
0,517272727272727 0,504210526315789 -0,144 0,403968253968254 0,618253968253968 -1 -1 -1 1 -1 -1 
0,544545454545455 0,510526315789474 -0,728 0,408730158730159 0,623015873015873 -1 -1 -1 1 -1 -1 
0,537272727272727 0,536842105263158 -0,792 0,385714285714286 0,6 -1 -1 -1 -1 -1 -1 
0,544545454545455 0,574736842105263 -0,904 0,391269841269841 0,605555555555556 -1 -1 -1 -1 -1 -1 
0,573636363636364 0,581052631578948 -0,808 0,45 0,664285714285714 -1 -1 -1 -1 -1 -1 
0,537272727272727 0,550526315789473 -0,512 0,391269841269841 0,605555555555556 -1 -1 -1 -1 -1 -1 
0,608181818181818 0,437894736842106 -0,24 0,492857142857143 0,707142857142857 -0,992 -1 1 -1 -1 -1 
0,666363636363636 0,354736842105264 -0,592 0,51031746031746 0,724603174603175 -1 -1 1 -1 -1 -1 
0,619090909090909 0,414736842105263 -0,0640000000000001 0,431746031746032 0,646031746031746 -0,844 -1 1 -1 -1 -1 
0,578181818181818 0,52 -0,472 0,437301587301587 0,651587301587301 -0,904 -1 1 -1 -1 1 
0,605454545454545 0,474736842105263 -0,552 0,453968253968254 0,668253968253968 -0,996 -1 1 -1 -1 -1 
0,598181818181818 0,481052631578948 -0,512 0,407142857142857 0,621428571428571 -0,78 -1 1 -1 -1 -1 
0,555454545454545 0,384210526315789 -0,104 0,431746031746032 0,646031746031746 -0,952 -1 1 -1 1 -1 
0,570909090909091 0,4 -0,32 0,425396825396825 0,63968253968254 -0,936 -1 1 1 -1 -1 
0,539090909090909 0,550526315789473 -0,264 0,411111111111111 0,625396825396825 -1 -1 -1 -1 -1 -1 
0,58 0,478947368421053 -0,496 0,392857142857143 0,607142857142857 -0,92 -1 1 1 -1 -1 
0,605454545454545 0,38 -0,336 0,453968253968254 0,668253968253968 -0,936 -1 1 -1 -1 -1 
0,560909090909091 0,661052631578947 -0,768 0,426984126984127 0,641269841269841 -1 -1 -1 -1 -1 -1 
0,53 0,677894736842106 -0,688 0,392857142857143 0,607142857142857 -1 -1 -1 -1 -1 -1 
0,520909090909091 0,696842105263158 -0,744 0,396825396825397 0,611111111111111 -1 -1 -1 -1 -1 -1 
0,533636363636364 0,661052631578947 -0,888 0,378571428571429 0,592857142857143 -1 -1 -1 -1 -1 -1 
0,497272727272727 0,582105263157894 -0,888 0,351587301587302 0,565873015873016 -1 -1 -1 -1 -1 -1 
