0,488181818181818 0,642105263157895 -0,592 0,385714285714286 0,6 -1 -1 -1 -1 -1 -1 
0,544545454545455 0,478947368421053 0,0720000000000001 0,41031746031746 0,624603174603175 -1 1 1 -1 -1 -1 
0,548181818181818 0,348421052631579 -0,184 0,426984126984127 0,641269841269841 -1 -1 -1 1 -1 -1 
0,554545454545455 0,3 0,00800000000000001 0,435714285714286 0,65 -1 -1 1 1 -1 -1 
0,539090909090909 0,437894736842106 -0,416 0,426984126984127 0,641269841269841 -0,992 -1 1 -1 -1 -1 
0,547272727272727 0,543157894736842 -0,24 0,378571428571429 0,592857142857143 -0,936 1 1 1 -1 -1 
0,577272727272727 0,485263157894737 0,048 0,448412698412698 0,662698412698413 -1 -1 1 -1 -1 -1 
0,559090909090909 0,512631578947369 0,296 0,437301587301587 0,651587301587301 -0,984 -1 1 -1 -1 -1 
0,555454545454545 0,549473684210527 -0,24 0,431746031746032 0,646031746031746 -1 -1 -1 -1 -1 -1 
0,541818181818182 0,487368421052631 -0,304 0,385714285714286 0,6 -1 -1 -1 -1 -1 -1 
0,555454545454545 0,549473684210527 -0,24 0,431746031746032 0,646031746031746 -1 -1 -1 -1 -1 -1 
0,541818181818182 0,487368421052631 -0,304 0,385714285714286 0,6 -1 -1 -1 -1 -1 -1 
0,612727272727273 0,401052631578948 -0,648 0,475396825396825 0,68968253968254 -0,984 -1 1 -1 -1 -1 
0,648181818181818 0,245263157894736 -0,312 0,46031746031746 0,674603174603175 -1 1 -1 -1 -1 -1 
0,662727272727273 0,134736842105263 -0,024 0,511111111111111 0,725396825396825 -0,996 -1 1 -1 -1 -1 
0,662727272727273 0,134736842105263 -0,024 0,511111111111111 0,725396825396825 -0,996 -1 1 -1 -1 -1 
0,616363636363636 0,134736842105263 -0,264 0,458730158730159 0,673015873015873 -0,92 -1 1 -1 -1 -1 
0,56 0,253684210526316 -0,44 0,421428571428571 0,635714285714286 -1 -1 1 -1 -1 -1 
0,585454545454546 0,352631578947368 -0,552 0,428571428571429 0,642857142857143 -0,984 1 1 -1 -1 -1 
0,576363636363636 0,427368421052632 -0,592 0,41984126984127 0,634126984126984 -0,968 -1 -1 -1 -1 -1 
0,586363636363636 0,537894736842106 -0,6 0,434126984126984 0,648412698412698 -1 1 -1 -1 -1 -1 
0,580909090909091 0,466315789473684 -0,264 0,453174603174603 0,667460317460317 -0,952 -1 1 -1 -1 -1 
0,576363636363636 0,434736842105263 -0,376 0,426984126984127 0,641269841269841 -1 -1 -1 -1 -1 -1 
0,589090909090909 0,345263157894736 -0,136 0,467460317460317 0,681746031746032 -0,92 -1 1 -1 -1 -1 
0,624545454545455 0,369473684210527 -0,424 0,434126984126984 0,648412698412698 -0,92 -1 1 -1 -1 1 
0,572727272727273 0,547368421052632 -0,608 0,428571428571429 0,642857142857143 -0,888 -1 -1 1 -1 -1 
0,612727272727273 0,621052631578947 -0,536 0,428571428571429 0,642857142857143 -0,996 -1 1 -1 -1 -1 
0,696363636363636 0,645263157894736 -0,144 0,531746031746032 0,746031746031746 -1 -1 -1 -1 -1 -1 
0,599090909090909 0,694736842105263 0,176 0,464285714285714 0,678571428571429 -1 -1 -1 -1 -1 -1 
0,623636363636364 0,683157894736843 -0,128 0,46031746031746 0,674603174603175 -1 -1 -1 -1 -1 -1 
0,545454545454545 0,55578947368421 0,104 0,376984126984127 0,591269841269841 -0,92 -1 1 1 -1 -1 
0,589090909090909 0,489473684210526 0,272 0,468253968253968 0,682539682539683 -0,984 -1 1 -1 -1 -1 
0,588181818181818 0,329473684210526 0,32 0,446031746031746 0,66031746031746 -0,796 -1 1 -1 -1 -1 
0,544545454545455 0,437894736842106 0,00800000000000001 0,437301587301587 0,651587301587301 -1 -1 -1 -1 -1 -1 
0,663636363636364 0,468421052631579 0,136 0,457142857142857 0,671428571428571 -0,968 -1 1 -1 -1 -1 
0,595454545454545 0,472631578947368 -0,128 0,414285714285714 0,628571428571429 -0,968 -1 1 1 -1 -1 
0,612727272727273 0,411578947368421 0,728 0,491269841269841 0,705555555555556 -0,968 -1 1 -1 -1 -1 
0,527272727272727 0,565263157894737 0,312 0,423015873015873 0,637301587301587 -0,992 -1 1 -1 -1 -1 
0,421818181818182 0,762105263157896 -0,752 0,353968253968254 0,568253968253968 -1 -1 -1 -1 -1 -1 
0,448181818181818 0,809473684210527 -0,376 0,365873015873016 0,58015873015873 -1 -1 -1 -1 -1 -1 
0,59 0,69578947368421 -0,576 0,428571428571429 0,642857142857143 -1 -1 -1 -1 -1 -1 
0,638181818181818 0,575789473684211 -0,328 0,487301587301587 0,701587301587302 -0,984 -1 1 -1 -1 -1 
0,624545454545455 0,565263157894737 -0,376 0,442857142857143 0,657142857142857 -1 -1 -1 -1 -1 -1 
0,687272727272727 0,473684210526316 -0,24 0,525396825396825 0,73968253968254 -0,992 -1 1 -1 -1 -1 
0,609090909090909 0,492631578947368 0,032 0,485714285714286 0,7 -0,992 -1 -1 -1 -1 -1 
0,476363636363636 0,589473684210526 -0,088 0,371428571428571 0,585714285714286 -1 -1 -1 -1 -1 -1 
0,521818181818182 0,558947368421053 0,144 0,405555555555556 0,61984126984127 -1 -1 -1 -1 -1 -1 
0,542727272727273 0,567368421052631 -0,136 0,417460317460317 0,631746031746032 -1 -1 -1 -1 -1 -1 
0,543636363636364 0,570526315789474 -0,632 0,4 0,614285714285714 -1 -1 1 -1 -1 -1 
0,589090909090909 0,53578947368421 -0,688 0,435714285714286 0,65 -1 1 1 -1 -1 -1 
0,557272727272727 0,626315789473684 -0,472 0,41031746031746 0,624603174603175 -1 -1 -1 -1 -1 -1 
0,573636363636364 0,676842105263157 -0,576 0,41984126984127 0,634126984126984 -1 -1 -1 -1 -1 -1 
0,578181818181818 0,676842105263157 -0,672 0,41031746031746 0,624603174603175 -1 1 -1 -1 -1 -1 
0,578181818181818 0,690526315789473 -0,512 0,451587301587302 0,665873015873016 -1 1 -1 -1 -1 -1 
0,599090909090909 0,642105263157895 -0,6 0,43968253968254 0,653968253968254 -1 1 -1 -1 -1 -1 
0,484545454545455 0,663157894736842 -0,576 0,355555555555556 0,56984126984127 -1 -1 -1 -1 -1 -1 
0,496363636363636 0,687368421052631 -0,672 0,357142857142857 0,571428571428571 -1 -1 -1 -1 -1 -1 
0,507272727272727 0,648421052631578 -0,744 0,367460317460317 0,581746031746032 -1 -1 -1 -1 -1 -1 
0,555454545454545 0,596842105263158 -0,592 0,403968253968254 0,618253968253968 -1 -1 -1 -1 -1 -1 
0,571818181818182 0,528421052631579 -0,4 0,43015873015873 0,644444444444444 -1 -1 -1 -1 -1 -1 
0,55 0,638947368421053 -0,632 0,391269841269841 0,605555555555556 -1 -1 -1 -1 -1 -1 
0,573636363636364 0,638947368421053 -0,672 0,41984126984127 0,634126984126984 -1 -1 -1 -1 -1 -1 
0,608181818181818 0,560000000000001 -0,36 0,446825396825397 0,661111111111111 -1 -1 1 -1 -1 -1 
0,620909090909091 0,429473684210526 -0,128 0,465873015873016 0,68015873015873 -0,86 -1 1 -1 -1 -1 
0,641818181818182 0,417894736842106 0,0880000000000001 0,491269841269841 0,705555555555556 -0,86 -1 1 -1 -1 -1 
0,556363636363636 0,641052631578948 -0,24 0,441269841269841 0,655555555555556 -1 -1 -1 -1 -1 -1 
0,568181818181818 0,543157894736842 -0,336 0,403174603174603 0,617460317460317 -1 -1 -1 -1 -1 -1 
0,612727272727273 0,389473684210526 -0,496 0,437301587301587 0,651587301587301 -0,888 -1 1 -1 -1 -1 
0,57 0,276842105263157 0,0640000000000001 0,43015873015873 0,644444444444444 -0,92 -1 1 1 -1 -1 
0,573636363636364 0,348421052631579 0,112 0,446031746031746 0,66031746031746 -0,984 -1 1 1 -1 -1 
0,455454545454545 0,521052631578947 -0,4 0,298412698412698 0,512698412698413 -1 -1 -1 -1 -1 -1 
0,482727272727273 0,632631578947367 -0,576 0,325396825396825 0,53968253968254 -1 -1 -1 -1 -1 -1 
0,553636363636364 0,525263157894737 -0,224 0,391269841269841 0,605555555555556 -1 -1 1 -1 -1 -1 
0,633636363636364 0,306315789473684 0,712 0,496825396825397 0,711111111111111 -0,732 -1 1 -1 -1 1 
0,589090909090909 0,329473684210526 0,36 0,425396825396825 0,63968253968254 -0,844 -1 1 1 -1 -1 
0,591818181818182 0,453684210526316 -0,416 0,444444444444444 0,658730158730159 -0,904 -1 1 -1 -1 -1 
0,577272727272727 0,521052631578947 -0,304 0,451587301587302 0,665873015873016 -0,984 -1 -1 -1 -1 -1 
0,58 0,495789473684211 0,264 0,471428571428571 0,685714285714286 -0,936 -1 1 -1 -1 -1 
0,540909090909091 0,486315789473685 -0,28 0,4 0,614285714285714 -1 -1 1 -1 -1 -1 
0,560909090909091 0,363157894736842 -0,4 0,444444444444444 0,658730158730159 -1 -1 1 -1 -1 -1 
0,570909090909091 0,745263157894736 -0,456 0,428571428571429 0,642857142857143 -0,968 -1 1 -1 -1 -1 
0,5 0,80421052631579 -0,224 0,357142857142857 0,571428571428571 -0,984 -1 -1 -1 -1 -1 
0,430909090909091 0,713684210526315 0,0880000000000001 0,317460317460317 0,531746031746032 -1 -1 -1 1 -1 -1 
0,467272727272727 0,541052631578947 0,136 0,351587301587302 0,565873015873016 -1 -1 -1 1 -1 -1 
0,528181818181818 0,456842105263158 -0,264 0,388888888888889 0,603174603174603 -0,996 -1 -1 1 -1 -1 
0,408181818181818 0,647368421052632 -0,24 0,285714285714286 0,5 -1 -1 -1 -1 -1 -1 
0,353636363636364 0,643157894736841 -0,536 0,201587301587302 0,415873015873016 -1 -1 -1 -1 -1 -1 
0,452727272727273 0,557894736842105 -0,168 0,346031746031746 0,56031746031746 -0,968 -1 -1 1 -1 -1 
0,548181818181818 0,496842105263158 -0,168 0,376984126984127 0,591269841269841 -0,952 -1 -1 1 -1 -1 
0,576363636363636 0,457894736842105 0,048 0,434126984126984 0,648412698412698 -0,952 -1 1 1 -1 -1 
0,45 0,596842105263158 -0,864 0,294444444444444 0,508730158730159 -1 -1 -1 1 -1 -1 
0,460909090909091 0,604210526315789 -0,848 0,33015873015873 0,544444444444444 -1 -1 -1 -1 -1 -1 
0,452727272727273 0,576842105263157 -0,44 0,33968253968254 0,553968253968254 -1 -1 -1 -1 -1 -1 
0,446363636363636 0,606315789473684 -0,424 0,337301587301587 0,551587301587302 -1 -1 -1 -1 -1 -1 
0,41 0,626315789473684 -0,728 0,292857142857143 0,507142857142857 -1 -1 -1 -1 -1 -1 
0,479090909090909 0,71157894736842 -0,648 0,325396825396825 0,53968253968254 -0,992 -1 -1 1 -1 -1 
0,481818181818182 0,765263157894737 -0,264 0,341269841269841 0,555555555555556 -1 -1 -1 -1 -1 -1 
0,464545454545455 0,697894736842105 -0,28 0,378571428571429 0,592857142857143 -1 -1 -1 -1 -1 -1 
0,471818181818182 0,7 -0,496 0,365873015873016 0,58015873015873 -1 -1 -1 -1 -1 -1 
0,484545454545455 0,678947368421053 -0,808 0,374603174603175 0,588888888888889 -1 -1 -1 -1 -1 -1 
0,556363636363636 0,376842105263157 -0,456 0,424603174603175 0,638888888888889 -0,984 -1 1 1 -1 -1 
0,558181818181818 0,254736842105264 -0,424 0,424603174603175 0,638888888888889 -0,968 -1 -1 1 -1 1 
0,53 0,243157894736842 -0,608 0,411111111111111 0,625396825396825 -0,988 -1 -1 1 -1 -1 
0,511818181818182 0,242105263157895 0,208 0,38968253968254 0,603968253968254 -0,976 -1 1 1 1 -1 
0,500909090909091 0,352631578947368 0,208 0,381746031746032 0,596031746031746 -0,92 -1 -1 1 -1 -1 
0,511818181818182 0,517894736842106 -0,864 0,378571428571429 0,592857142857143 -1 -1 -1 1 -1 -1 
0,539090909090909 0,48 -0,264 0,392857142857143 0,607142857142857 -0,996 -1 -1 1 -1 -1 
0,492727272727273 0,569473684210527 -0,24 0,381746031746032 0,596031746031746 -1 -1 -1 1 -1 -1 
0,491818181818182 0,637894736842104 -0,416 0,362698412698413 0,576984126984127 -1 -1 -1 1 -1 -1 
0,499090909090909 0,691578947368422 -0,688 0,394444444444444 0,608730158730159 -1 -1 -1 -1 -1 -1 
0,483636363636364 0,508421052631578 -0,176 0,364285714285714 0,578571428571429 -0,988 -1 -1 1 -1 -1 
0,519090909090909 0,546315789473684 -0,104 0,332539682539683 0,546825396825397 -0,984 -1 1 1 -1 -1 
0,61 0,394736842105263 0,296 0,428571428571429 0,642857142857143 -0,888 -1 1 -1 -1 -1 
0,577272727272727 0,384210526315789 -0,208 0,43968253968254 0,653968253968254 -0,968 -1 1 -1 -1 -1 
0,58 0,315789473684211 0,0560000000000001 0,394444444444444 0,608730158730159 -0,872 -1 1 1 -1 -1 
0,519090909090909 0,546315789473684 -0,104 0,332539682539683 0,546825396825397 -0,984 -1 1 1 -1 -1 
0,61 0,394736842105263 0,296 0,428571428571429 0,642857142857143 -0,888 -1 1 -1 -1 -1 
0,577272727272727 0,384210526315789 -0,208 0,43968253968254 0,653968253968254 -0,968 -1 1 -1 -1 -1 
0,58 0,315789473684211 0,0560000000000001 0,394444444444444 0,608730158730159 -0,872 -1 1 1 -1 -1 
0,497272727272727 0,469473684210527 0,0560000000000001 0,368253968253968 0,582539682539683 -0,968 -1 -1 1 -1 -1 
0,406363636363636 0,44421052631579 -0,672 0,232539682539683 0,446825396825397 -0,984 -1 -1 1 -1 -1 
0,407272727272727 0,487368421052631 -0,584 0,175396825396825 0,38968253968254 -1 1 -1 -1 -1 -1 
0,473636363636364 0,398947368421052 -0,432 0,305555555555556 0,51984126984127 -1 -1 -1 1 -1 -1 
0,542727272727273 0,356842105263158 -0,656 0,365873015873016 0,58015873015873 -0,936 1 -1 1 -1 -1 
0,533636363636364 0,365263157894737 -0,688 0,364285714285714 0,578571428571429 -0,988 -1 1 1 -1 -1 
0,407272727272727 0,487368421052631 -0,584 0,175396825396825 0,38968253968254 -1 1 -1 -1 -1 -1 
0,473636363636364 0,398947368421052 -0,432 0,305555555555556 0,51984126984127 -1 -1 -1 1 -1 -1 
0,542727272727273 0,356842105263158 -0,656 0,365873015873016 0,58015873015873 -0,936 1 -1 1 -1 -1 
0,533636363636364 0,365263157894737 -0,688 0,364285714285714 0,578571428571429 -0,988 -1 1 1 -1 -1 
0,519090909090909 0,402105263157895 -0,56 0,367460317460317 0,581746031746032 -0,992 -1 -1 1 -1 -1 
0,515454545454546 0,452631578947368 -0,528 0,403174603174603 0,617460317460317 -0,988 -1 -1 -1 -1 -1 
0,514545454545455 0,434736842105263 -0,512 0,394444444444444 0,608730158730159 -0,992 -1 -1 1 -1 -1 
0,522727272727273 0,386315789473685 -0,504 0,368253968253968 0,582539682539683 -0,716 -1 -1 1 -1 -1 
0,443636363636364 0,467368421052631 -0,584 0,274603174603175 0,488888888888889 -0,988 1 -1 1 -1 -1 
0,400909090909091 0,453684210526316 -0,824 0,228571428571429 0,442857142857143 -0,988 1 -1 -1 -1 -1 
0,422727272727273 0,616842105263158 -0,472 0,264285714285714 0,478571428571429 -1 -1 -1 1 -1 -1 
0,509090909090909 0,651578947368422 -0,656 0,36984126984127 0,584126984126984 -0,98 -1 -1 1 -1 -1 
0,488181818181818 0,708421052631579 -0,184 0,353968253968254 0,568253968253968 -0,98 -1 -1 -1 -1 -1 
0,506363636363636 0,735789473684211 -0,184 0,396825396825397 0,611111111111111 -1 -1 -1 -1 -1 -1 
0,456363636363636 0,754736842105264 -0,336 0,353968253968254 0,568253968253968 -1 -1 -1 -1 -1 -1 
0,481818181818182 0,473684210526316 -0,84 0,36031746031746 0,574603174603175 -0,996 -1 -1 1 -1 -1 
0,46 0,483157894736842 -0,92 0,268253968253968 0,482539682539682 -1 -1 1 1 1 -1 
0,464545454545455 0,545263157894736 -0,624 0,264285714285714 0,478571428571429 -0,996 -1 -1 1 -1 -1 
0,481818181818182 0,576842105263157 -0,304 0,292857142857143 0,507142857142857 -0,996 -1 -1 1 -1 -1 
0,540909090909091 0,585263157894737 0,0880000000000001 0,398412698412698 0,612698412698413 -1 -1 1 1 -1 -1 
0,492727272727273 0,434736842105263 -0,536 0,324603174603175 0,538888888888889 -1 -1 -1 1 -1 -1 
0,537272727272727 0,46 -0,648 0,38015873015873 0,594444444444444 -0,992 1 -1 1 -1 -1 
0,555454545454545 0,494736842105263 -0,904 0,411111111111111 0,625396825396825 -0,996 1 -1 1 -1 -1 
0,554545454545455 0,539999999999999 -0,4 0,412698412698413 0,626984126984127 -1 1 -1 1 -1 -1 
0,481818181818182 0,585263157894737 -0,088 0,285714285714286 0,5 -0,784 -1 -1 1 -1 -1 
0,448181818181818 0,505263157894737 -0,424 0,28968253968254 0,503968253968254 -1 -1 -1 1 -1 -1 
0,36 0,497894736842105 -0,608 0,134126984126984 0,348412698412698 -0,996 -1 -1 1 -1 -1 
0,419090909090909 0,495789473684211 -0,552 0,246031746031746 0,46031746031746 -1 1 -1 -1 -1 -1 
0,376363636363636 0,442105263157895 -0,416 0,196031746031746 0,41031746031746 -1 -1 -1 1 -1 -1 
0,450909090909091 0,386315789473685 -0,688 0,3 0,514285714285714 -0,98 -1 -1 1 -1 -1 
0,420909090909091 0,44421052631579 -0,472 0,246825396825397 0,461111111111111 -0,992 1 -1 1 -1 -1 
0,401818181818182 0,534736842105263 -0,536 0,203174603174603 0,417460317460317 -0,996 1 -1 1 -1 -1 
0,384545454545455 0,552631578947368 -0,712 0,211111111111111 0,425396825396825 -1 1 -1 1 -1 -1 
0,328181818181818 0,485263157894737 -0,648 0,132539682539683 0,346825396825397 -1 -1 -1 -1 -1 -1 
0,370909090909091 0,42 -0,688 0,228571428571429 0,442857142857143 -1 -1 -1 1 -1 -1 
0,418181818181818 0,701052631578946 -0,576 0,303968253968254 0,518253968253968 -1 -1 -1 -1 -1 -1 
0,494545454545455 0,691578947368422 -0,32 0,292857142857143 0,507142857142857 -1 -1 -1 -1 -1 -1 
0,504545454545455 0,651578947368422 -0,336 0,36984126984127 0,584126984126984 -1 -1 -1 -1 -1 -1 
0,501818181818182 0,662105263157896 -0,472 0,382539682539683 0,596825396825397 -1 -1 -1 -1 -1 -1 
0,53 0,635789473684211 -0,44 0,403174603174603 0,617460317460317 -1 -1 -1 -1 -1 -1 
0,512727272727273 0,494736842105263 -0,32 0,344444444444444 0,558730158730159 -1 -1 1 1 -1 -1 
0,285454545454545 0,64421052631579 -0,456 0,201587301587302 0,415873015873016 -1 -1 -1 1 -1 -1 
0,243636363636364 0,649473684210527 -0,224 0,18968253968254 0,403968253968254 -1 -1 -1 -1 -1 -1 
0,236363636363636 0,710526315789474 -0,44 0,144444444444444 0,358730158730159 -1 -1 -1 -1 -1 -1 
0,273636363636364 0,682105263157894 -0,168 0,176984126984127 0,391269841269841 -1 -1 -1 -1 -1 -1 
0,485454545454545 0,538947368421053 -0,576 0,288888888888889 0,503174603174603 -1 -1 -1 1 -1 -1 
0,453636363636364 0,530526315789473 -0,376 0,294444444444444 0,508730158730159 -0,996 -1 -1 1 -1 -1 
0,454545454545455 0,547368421052632 -0,416 0,332539682539683 0,546825396825397 -0,952 -1 -1 1 -1 -1 
0,421818181818182 0,574736842105263 -0,848 0,308730158730159 0,523015873015873 -0,976 -1 -1 1 -1 -1 
0,447272727272727 0,634736842105263 -0,744 0,314285714285714 0,528571428571429 -1 -1 -1 1 -1 -1 
0,41 0,429473684210526 -0,336 0,28015873015873 0,494444444444444 -1 -1 -1 1 -1 -1 
0,260909090909091 0,567368421052631 -0,128 0,18015873015873 0,394444444444444 -0,996 -1 -1 -1 -1 -1 
0,259090909090909 0,591578947368422 0,144 0,165873015873016 0,38015873015873 -1 -1 -1 1 -1 -1 
0,310909090909091 0,521052631578947 -0,176 0,224603174603175 0,438888888888889 -1 -1 -1 1 -1 -1 
0,356363636363636 0,501052631578948 -0,728 0,226984126984127 0,441269841269841 -1 -1 -1 1 -1 -1 
0,344545454545455 0,491578947368422 -0,632 0,23015873015873 0,444444444444444 -1 -1 -1 1 -1 -1 
0,356363636363636 0,511578947368421 -0,688 0,211111111111111 0,425396825396825 -1 -1 -1 1 -1 -1 
0,243636363636364 0,62 -0,632 0,0396825396825397 0,253968253968254 -1 -1 -1 1 -1 -1 
0,271818181818182 0,712631578947369 -0,36 0,16031746031746 0,374603174603175 -0,952 -1 -1 -1 -1 -1 
0,385454545454545 0,682105263157894 0,048 0,278571428571429 0,492857142857143 -1 -1 -1 1 -1 -1 
0,329090909090909 0,527368421052632 -0,496 0,223015873015873 0,437301587301587 -1 -1 -1 -1 -1 -1 
0,308181818181818 0,615789473684211 -0,44 0,2 0,414285714285714 -0,992 -1 -1 1 -1 -1 
0,209090909090909 0,578947368421053 -0,536 0,0825396825396825 0,296825396825397 -1 -1 -1 1 -1 -1 
0,211818181818182 0,575789473684211 -0,648 0,108730158730159 0,323015873015873 -1 -1 -1 1 -1 -1 
0,221818181818182 0,574736842105263 -0,792 0,105555555555556 0,31984126984127 -0,996 -1 -1 -1 -1 -1 
0,508181818181818 0,678947368421053 -0,416 0,385714285714286 0,6 -1 -1 -1 -1 -1 -1 
0,514545454545455 0,488421052631579 -0,336 0,311111111111111 0,525396825396825 -1 -1 -1 -1 -1 -1 
0,534545454545455 0,451578947368421 -0,592 0,38968253968254 0,603968253968254 -0,992 1 1 1 -1 -1 
0,439090909090909 0,482105263157894 -0,536 0,312698412698413 0,526984126984127 -0,968 -1 -1 1 -1 -1 
0,358181818181818 0,617894736842106 -0,512 0,244444444444444 0,458730158730159 -0,992 -1 -1 1 -1 -1 
0,549090909090909 0,590526315789474 -0,416 0,407142857142857 0,621428571428571 -0,984 -1 1 -1 -1 -1 
0,482727272727273 0,589473684210526 -0,576 0,368253968253968 0,582539682539683 -1 -1 -1 1 -1 -1 
0,410909090909091 0,511578947368421 -0,864 0,271428571428571 0,485714285714286 -1 -1 -1 1 -1 -1 
0,453636363636364 0,511578947368421 -0,848 0,268253968253968 0,482539682539682 -1 -1 -1 1 -1 -1 
0,473636363636364 0,573684210526316 -0,904 0,264285714285714 0,478571428571429 -0,968 -1 -1 1 -1 -1 
