0,824545454545455 0,422105263157895 -0,688 0,632539682539683 0,846825396825397 -0,964 -1 1 -1 -1 -1 
0,748181818181818 0,462105263157895 -0,568 0,591269841269841 0,805555555555556 -0,764 -1 1 -1 -1 1 
0,761818181818182 0,494736842105263 -0,76 0,603968253968254 0,818253968253968 -0,968 -1 1 -1 -1 -1 
0,738181818181818 0,568421052631579 -0,688 0,56984126984127 0,784126984126984 -1 -1 -1 -1 -1 -1 
0,754545454545455 0,578947368421053 -0,456 0,555555555555556 0,76984126984127 -0,952 -1 1 -1 -1 1 
0,697272727272727 0,538947368421053 -0,552 0,476984126984127 0,691269841269841 -1 -1 1 -1 -1 -1 
0,770909090909091 0,506315789473685 -0,552 0,58015873015873 0,794444444444444 -0,92 -1 -1 -1 -1 1 
0,769090909090909 0,548421052631579 -0,768 0,592857142857143 0,807142857142857 -0,968 -1 1 -1 -1 -1 
0,774545454545455 0,614736842105263 -0,944 0,55 0,764285714285714 -1 1 -1 -1 -1 -1 
0,797272727272727 0,621052631578947 -0,808 0,598412698412699 0,812698412698413 -1 -1 -1 -1 -1 -1 
0,774545454545455 0,614736842105263 -0,944 0,55 0,764285714285714 -1 1 -1 -1 -1 -1 
0,797272727272727 0,621052631578947 -0,808 0,598412698412699 0,812698412698413 -1 -1 -1 -1 -1 -1 
0,809090909090909 0,598947368421052 -0,92 0,588888888888889 0,803174603174603 -0,952 -1 -1 -1 -1 1 
0,810909090909091 0,558947368421053 -0,768 0,615873015873016 0,83015873015873 -1 -1 -1 -1 -1 -1 
0,790909090909091 0,538947368421053 -0,912 0,607142857142857 0,821428571428571 -0,968 -1 -1 -1 -1 1 
0,801818181818182 0,52 -0,592 0,596825396825397 0,811111111111111 -1 -1 -1 -1 -1 -1 
0,813636363636364 0,523157894736843 -0,768 0,614285714285714 0,828571428571429 -0,984 -1 -1 -1 -1 1 
0,809090909090909 0,517894736842106 -0,728 0,642857142857143 0,857142857142857 -0,968 -1 -1 -1 -1 1 
0,798181818181818 0,475789473684211 -0,808 0,61984126984127 0,834126984126984 -1 1 -1 -1 -1 -1 
0,816363636363636 0,466315789473684 -0,848 0,635714285714286 0,85 -0,992 -1 1 -1 -1 1 
0,733636363636364 0,598947368421052 -0,728 0,581746031746032 0,796031746031746 -1 -1 -1 -1 -1 -1 
0,724545454545455 0,570526315789474 -0,848 0,578571428571429 0,792857142857143 -1 -1 -1 -1 -1 -1 
0,746363636363636 0,558947368421053 -0,896 0,555555555555556 0,76984126984127 -1 -1 -1 -1 -1 -1 
0,753636363636364 0,601052631578948 -0,712 0,56984126984127 0,784126984126984 -0,984 -1 1 -1 -1 -1 
0,699090909090909 0,676842105263157 -0,36 0,526984126984127 0,741269841269841 -1 -1 -1 -1 -1 -1 
0,702727272727273 0,582105263157894 -0,688 0,508730158730159 0,723015873015873 -1 -1 -1 -1 -1 -1 
0,685454545454546 0,608421052631578 -0,672 0,535714285714286 0,75 -1 -1 -1 -1 -1 -1 
0,745454545454545 0,606315789473684 -0,632 0,588888888888889 0,803174603174603 -1 -1 -1 -1 -1 -1 
0,795454545454545 0,568421052631579 -0,848 0,617460317460317 0,831746031746032 -1 -1 -1 -1 -1 1 
0,794545454545455 0,565263157894737 -0,688 0,618253968253968 0,832539682539683 -0,828 -1 1 -1 -1 1 
0,799090909090909 0,522105263157895 -0,264 0,634126984126984 0,848412698412699 -1 -1 -1 -1 -1 -1 
0,825454545454545 0,515789473684211 -0,4 0,661111111111111 0,875396825396825 -1 -1 -1 -1 -1 1 
0,763636363636364 0,54421052631579 -0,728 0,634126984126984 0,848412698412699 -1 -1 -1 -1 -1 -1 
0,83 0,46 -0,536 0,61984126984127 0,834126984126984 -1 -1 -1 -1 -1 -1 
0,840909090909091 0,392631578947368 -0,424 0,674603174603175 0,888888888888889 -0,936 -1 1 -1 -1 1 
0,704545454545455 0,553684210526316 -0,656 0,571428571428571 0,785714285714286 -1 -1 -1 -1 -1 -1 
0,688181818181818 0,553684210526316 -0,496 0,492857142857143 0,707142857142857 -0,984 -1 1 -1 -1 -1 
0,674545454545455 0,614736842105263 -0,608 0,464285714285714 0,678571428571429 -1 -1 -1 -1 -1 -1 
0,719090909090909 0,632631578947367 -0,752 0,492857142857143 0,707142857142857 -1 -1 -1 -1 -1 -1 
0,751818181818182 0,589473684210526 -0,568 0,546031746031746 0,76031746031746 -1 -1 -1 -1 -1 -1 
0,69 0,43578947368421 -0,608 0,531746031746032 0,746031746031746 -1 -1 -1 -1 -1 -1 
0,679090909090909 0,474736842105263 -0,728 0,555555555555556 0,76984126984127 -1 -1 -1 -1 -1 -1 
0,666363636363636 0,532631578947369 -0,408 0,535714285714286 0,75 -1 -1 -1 -1 -1 -1 
0,662727272727273 0,554736842105264 -0,696 0,488888888888889 0,703174603174603 -1 -1 -1 -1 -1 -1 
0,712727272727273 0,517894736842106 -0,456 0,596031746031746 0,81031746031746 -1 -1 -1 -1 -1 -1 
0,666363636363636 0,532631578947369 -0,408 0,535714285714286 0,75 -1 -1 -1 -1 -1 -1 
0,662727272727273 0,554736842105264 -0,696 0,488888888888889 0,703174603174603 -1 -1 -1 -1 -1 -1 
0,712727272727273 0,517894736842106 -0,456 0,596031746031746 0,81031746031746 -1 -1 -1 -1 -1 -1 
0,686363636363636 0,545263157894736 -0,304 0,542857142857143 0,757142857142857 -0,992 -1 1 -1 -1 -1 
0,721818181818182 0,530526315789473 -0,448 0,492857142857143 0,707142857142857 -1 -1 -1 -1 -1 -1 
0,643636363636364 0,618947368421052 -0,64 0,494444444444444 0,708730158730159 -1 -1 -1 -1 -1 -1 
0,654545454545455 0,601052631578948 -0,36 0,468253968253968 0,682539682539683 -1 -1 -1 -1 -1 -1 
0,752727272727273 0,563157894736842 -0,32 0,555555555555556 0,76984126984127 -1 -1 -1 -1 -1 -1 
0,687272727272727 0,567368421052631 -0,672 0,511111111111111 0,725396825396825 -1 -1 -1 -1 -1 -1 
0,752727272727273 0,550526315789473 -0,64 0,578571428571429 0,792857142857143 -1 -1 -1 -1 -1 -1 
0,72 0,598947368421052 -0,488 0,56984126984127 0,784126984126984 -0,952 -1 -1 -1 -1 -1 
0,650909090909091 0,603157894736842 -0,472 0,532539682539683 0,746825396825397 -1 -1 -1 -1 -1 -1 
0,665454545454546 0,560000000000001 -0,656 0,496031746031746 0,71031746031746 -1 -1 -1 -1 -1 -1 
0,725454545454545 0,489473684210526 -0,384 0,538888888888889 0,753174603174603 -1 -1 -1 -1 -1 -1 
0,667272727272727 0,523157894736843 -0,496 0,525396825396825 0,73968253968254 -1 -1 -1 -1 -1 -1 
0,759090909090909 0,53578947368421 -0,416 0,607142857142857 0,821428571428571 -1 -1 -1 -1 -1 -1 
0,723636363636364 0,524210526315789 -0,576 0,565873015873016 0,78015873015873 -1 -1 1 -1 -1 1 
0,73 0,508421052631578 -0,28 0,565873015873016 0,78015873015873 -0,968 -1 1 -1 -1 -1 
0,66 0,533684210526316 -0,128 0,485714285714286 0,7 -0,972 -1 1 -1 -1 -1 
0,654545454545455 0,562105263157895 -0,4 0,455555555555556 0,66984126984127 -0,964 -1 1 -1 -1 -1 
0,666363636363636 0,616842105263158 -0,32 0,524603174603175 0,738888888888889 -0,988 -1 -1 -1 -1 -1 
0,675454545454545 0,612631578947369 -0,224 0,546031746031746 0,76031746031746 -1 -1 -1 -1 -1 -1 
0,680909090909091 0,507368421052632 -0,592 0,521428571428571 0,735714285714286 -0,996 -1 -1 -1 -1 -1 
0,722727272727273 0,437894736842106 -0,576 0,546031746031746 0,76031746031746 -0,98 -1 1 -1 -1 -1 
0,669090909090909 0,474736842105263 -0,536 0,512698412698413 0,726984126984127 -0,904 -1 -1 -1 -1 -1 
0,673636363636364 0,617894736842106 -0,512 0,48968253968254 0,703968253968254 -1 -1 1 -1 -1 -1 
0,665454545454546 0,611578947368421 -0,36 0,505555555555556 0,71984126984127 -1 -1 1 -1 -1 -1 
0,669090909090909 0,631578947368421 -0,512 0,484126984126984 0,698412698412698 -1 -1 -1 -1 -1 -1 
0,673636363636364 0,645263157894736 -0,36 0,544444444444444 0,758730158730159 -1 -1 -1 -1 -1 -1 
0,678181818181818 0,66 -0,672 0,548412698412698 0,762698412698413 -1 -1 -1 -1 -1 -1 
0,651818181818182 0,541052631578947 -0,2 0,542857142857143 0,757142857142857 -0,892 -1 1 -1 -1 -1 
0,608181818181818 0,570526315789474 -0,728 0,484126984126984 0,698412698412698 -1 -1 -1 -1 -1 -1 
0,702727272727273 0,548421052631579 -0,536 0,551587301587302 0,765873015873016 -0,968 -1 1 -1 -1 -1 
0,59 0,608421052631578 -0,28 0,478571428571429 0,692857142857143 -0,936 -1 -1 -1 -1 -1 
0,609090909090909 0,621052631578947 -0,728 0,446825396825397 0,661111111111111 -1 -1 -1 -1 -1 -1 
0,735454545454545 0,463157894736842 -0,672 0,51984126984127 0,734126984126984 -1 1 -1 -1 -1 -1 
0,710909090909091 0,337894736842106 -0,104 0,521428571428571 0,735714285714286 -0,892 -1 1 -1 -1 -1 
0,639090909090909 0,398947368421052 -0,224 0,501587301587302 0,715873015873016 -0,98 -1 1 -1 -1 -1 
0,648181818181818 0,418947368421052 -0,376 0,482539682539682 0,696825396825397 -0,892 -1 1 -1 -1 -1 
0,649090909090909 0,463157894736842 -0,536 0,511111111111111 0,725396825396825 -0,972 -1 1 -1 -1 -1 
0,649090909090909 0,463157894736842 -0,536 0,511111111111111 0,725396825396825 -0,972 -1 1 -1 -1 -1 
0,701818181818182 0,389473684210526 -0,4 0,542857142857143 0,757142857142857 -0,796 -1 1 -1 -1 -1 
0,716363636363636 0,489473684210526 -0,712 0,51031746031746 0,724603174603175 -0,876 -1 -1 -1 -1 1 
0,726363636363636 0,522105263157895 -0,712 0,537301587301587 0,751587301587302 -0,996 -1 -1 -1 -1 -1 
0,800909090909091 0,507368421052632 -0,592 0,653174603174603 0,867460317460317 -0,964 -1 -1 -1 -1 -1 
0,688181818181818 0,538947368421053 -0,648 0,521428571428571 0,735714285714286 -0,952 -1 1 -1 -1 -1 
0,6 0,605263157894737 -0,632 0,465873015873016 0,68015873015873 -1 -1 -1 -1 -1 -1 
0,606363636363636 0,634736842105263 -0,824 0,451587301587302 0,665873015873016 -1 -1 1 -1 -1 -1 
0,72 0,585263157894737 -0,376 0,544444444444444 0,758730158730159 -0,992 -1 1 -1 -1 -1 
0,67 0,597894736842105 -0,496 0,505555555555556 0,71984126984127 -1 -1 -1 -1 -1 -1 
0,676363636363636 0,562105263157895 -0,32 0,528571428571429 0,742857142857143 -1 -1 -1 -1 -1 -1 
0,688181818181818 0,568421052631579 0,304 0,537301587301587 0,751587301587302 -0,936 -1 1 -1 -1 -1 
0,715454545454545 0,601052631578948 -0,24 0,525396825396825 0,73968253968254 -1 -1 -1 -1 -1 -1 
0,759090909090909 0,542105263157895 -0,488 0,6 0,814285714285714 -1 -1 -1 -1 -1 -1 
0,748181818181818 0,512631578947369 -0,536 0,584126984126984 0,798412698412698 -1 -1 1 -1 -1 -1 
0,655454545454545 0,691578947368422 -0,768 0,482539682539682 0,696825396825397 -1 -1 -1 -1 -1 -1 
0,690909090909091 0,652631578947368 -0,648 0,501587301587302 0,715873015873016 -1 -1 -1 -1 -1 -1 
0,649090909090909 0,65578947368421 -0,848 0,514285714285714 0,728571428571429 -1 -1 -1 -1 -1 -1 
0,661818181818182 0,657894736842105 -0,888 0,482539682539682 0,696825396825397 -1 -1 -1 -1 -1 -1 
0,7 0,607368421052632 -0,92 0,517460317460318 0,731746031746032 -1 -1 -1 -1 -1 -1 
0,792727272727273 0,466315789473684 -0,904 0,574603174603175 0,788888888888889 -0,92 -1 1 -1 -1 -1 
0,771818181818182 0,470526315789474 -0,848 0,603174603174603 0,817460317460317 -0,7 1 1 -1 -1 1 
0,761818181818182 0,489473684210526 -0,744 0,584126984126984 0,798412698412698 -0,952 -1 1 -1 -1 -1 
0,767272727272727 0,432631578947369 -0,376 0,581746031746032 0,796031746031746 -0,796 -1 1 -1 -1 1 
0,719090909090909 0,536842105263158 -0,552 0,573015873015873 0,787301587301587 -1 -1 -1 -1 -1 -1 
0,648181818181818 0,582105263157894 -0,744 0,46984126984127 0,684126984126984 -1 -1 -1 -1 -1 -1 
0,66 0,534736842105263 -0,592 0,488888888888889 0,703174603174603 -1 -1 -1 -1 -1 -1 
0,705454545454545 0,461052631578947 -0,728 0,5 0,714285714285714 -1 -1 -1 -1 -1 -1 
0,711818181818182 0,403157894736842 -0,648 0,538888888888889 0,753174603174603 -0,888 -1 -1 -1 -1 1 
0,727272727272727 0,391578947368422 -0,248 0,553174603174603 0,767460317460318 -0,952 -1 1 -1 -1 -1 
0,703636363636364 0,670526315789474 -0,648 0,537301587301587 0,751587301587302 -1 -1 -1 -1 -1 -1 
0,751818181818182 0,649473684210527 -0,56 0,55 0,764285714285714 -1 -1 -1 -1 -1 -1 
0,740909090909091 0,601052631578948 -0,768 0,585714285714286 0,8 -1 -1 -1 -1 -1 -1 
0,745454545454545 0,593684210526316 -0,768 0,571428571428571 0,785714285714286 -1 -1 -1 -1 -1 -1 
0,683636363636364 0,65578947368421 -0,632 0,541269841269841 0,755555555555556 -1 -1 -1 -1 -1 -1 
0,727272727272727 0,573684210526316 -0,712 0,568253968253968 0,782539682539683 -1 -1 -1 -1 -1 -1 
0,734545454545455 0,594736842105263 -0,728 0,546031746031746 0,76031746031746 -1 -1 -1 -1 -1 -1 
0,725454545454545 0,604210526315789 -0,632 0,546031746031746 0,76031746031746 -1 -1 -1 -1 -1 -1 
0,704545454545455 0,6 -0,576 0,542857142857143 0,757142857142857 -1 -1 -1 -1 -1 -1 
0,684545454545455 0,576842105263157 -0,744 0,546825396825397 0,761111111111111 -1 -1 -1 -1 -1 -1 
0,582727272727273 0,515789473684211 -0,44 0,46031746031746 0,674603174603175 -1 -1 -1 -1 -1 -1 
0,587272727272727 0,477894736842105 -0,784 0,43968253968254 0,653968253968254 -1 -1 -1 -1 -1 -1 
0,623636363636364 0,44421052631579 -0,808 0,468253968253968 0,682539682539683 -1 -1 -1 -1 -1 -1 
0,715454545454545 0,451578947368421 -0,488 0,546031746031746 0,76031746031746 -0,636 -1 1 -1 -1 -1 
0,686363636363636 0,481052631578948 -0,32 0,538888888888889 0,753174603174603 -1 -1 -1 -1 -1 -1 
0,642727272727273 0,542105263157895 -0,728 0,446825396825397 0,661111111111111 -1 -1 -1 -1 -1 -1 
0,674545454545455 0,531578947368421 -0,768 0,492857142857143 0,707142857142857 -1 -1 -1 -1 -1 -1 
0,667272727272727 0,531578947368421 -0,728 0,507142857142857 0,721428571428571 -0,86 -1 1 -1 -1 -1 
0,664545454545454 0,517894736842106 -0,376 0,491269841269841 0,705555555555556 -0,976 -1 1 -1 -1 -1 
0,694545454545455 0,473684210526316 -0,032 0,518253968253968 0,732539682539682 -0,952 -1 1 -1 -1 -1 
0,694545454545455 0,473684210526316 -0,032 0,518253968253968 0,732539682539682 -0,952 -1 1 -1 -1 -1 
0,72 0,516842105263158 -0,688 0,523015873015873 0,737301587301587 -1 -1 -1 -1 -1 -1 
0,758181818181818 0,434736842105263 -0,648 0,601587301587302 0,815873015873016 -0,888 -1 1 -1 -1 -1 
0,74 0,442105263157895 -0,576 0,557142857142857 0,771428571428571 -0,904 -1 1 -1 -1 1 
0,715454545454545 0,426315789473684 -0,88 0,51031746031746 0,724603174603175 -0,936 1 1 -1 -1 -1 
0,798181818181818 0,416842105263158 -0,672 0,621428571428571 0,835714285714286 -0,872 -1 1 -1 -1 1 
0,673636363636364 0,457894736842105 0,352 0,517460317460318 0,731746031746032 -0,896 -1 1 -1 -1 -1 
0,64 0,541052631578947 -0,336 0,512698412698413 0,726984126984127 -1 -1 -1 -1 -1 -1 
0,651818181818182 0,557894736842105 -0,736 0,505555555555556 0,71984126984127 -1 -1 -1 -1 -1 -1 
0,694545454545455 0,527368421052632 -0,712 0,5 0,714285714285714 -1 -1 -1 -1 -1 -1 
0,578181818181818 0,590526315789474 -0,528 0,478571428571429 0,692857142857143 -1 -1 -1 -1 -1 -1 
0,590909090909091 0,638947368421053 -0,488 0,48968253968254 0,703968253968254 -1 -1 -1 -1 -1 -1 
0,628181818181818 0,630526315789475 -0,624 0,48968253968254 0,703968253968254 -1 -1 -1 -1 -1 -1 
0,669090909090909 0,55578947368421 -0,784 0,473015873015873 0,687301587301587 -1 -1 -1 -1 -1 -1 
0,706363636363636 0,510526315789474 -0,64 0,53015873015873 0,744444444444444 -1 -1 -1 -1 -1 -1 
0,782727272727273 0,442105263157895 -0,512 0,56031746031746 0,774603174603175 -0,764 -1 1 -1 -1 1 
0,673636363636364 0,487368421052631 -0,12 0,542857142857143 0,757142857142857 -0,888 -1 1 -1 -1 -1 
0,662727272727273 0,560000000000001 0,04 0,515873015873016 0,73015873015873 -1 -1 -1 -1 -1 -1 
0,604545454545455 0,550526315789473 0,112 0,471428571428571 0,685714285714286 -0,988 -1 1 -1 -1 -1 
0,588181818181818 0,592631578947368 -0,44 0,446031746031746 0,66031746031746 -1 -1 -1 -1 -1 -1 
0,751818181818182 0,471578947368421 -0,72 0,544444444444444 0,758730158730159 -0,992 -1 1 -1 -1 -1 
0,701818181818182 0,502105263157895 -0,584 0,507142857142857 0,721428571428571 -0,856 1 1 -1 -1 -1 
0,661818181818182 0,532631578947369 -0,808 0,487301587301587 0,701587301587302 -1 1 -1 -1 -1 -1 
0,716363636363636 0,463157894736842 -0,624 0,535714285714286 0,75 -0,94 -1 1 -1 -1 -1 
0,681818181818182 0,494736842105263 -0,08 0,526984126984127 0,741269841269841 -0,984 -1 1 -1 -1 -1 
0,654545454545455 0,562105263157895 -0,4 0,455555555555556 0,66984126984127 -0,964 -1 1 -1 -1 -1 
0,682727272727273 0,545263157894736 -0,536 0,505555555555556 0,71984126984127 -1 -1 -1 -1 -1 -1 
0,76 0,486315789473685 -0,416 0,558730158730159 0,773015873015873 -1 1 1 -1 -1 -1 
0,737272727272727 0,469473684210527 -0,376 0,567460317460317 0,781746031746032 -0,94 -1 1 -1 -1 -1 
0,722727272727273 0,498947368421052 -0,608 0,532539682539683 0,746825396825397 -1 -1 1 -1 -1 1 
0,717272727272727 0,407368421052632 -0,376 0,561111111111111 0,775396825396825 -1 -1 1 -1 -1 -1 
0,712727272727273 0,370526315789474 -0,088 0,555555555555556 0,76984126984127 -0,94 -1 1 -1 -1 -1 
0,714545454545454 0,46421052631579 -0,24 0,565873015873016 0,78015873015873 -0,912 -1 -1 -1 -1 -1 
0,739090909090909 0,470526315789474 -0,36 0,592857142857143 0,807142857142857 -1 -1 -1 -1 -1 -1 
0,67 0,558947368421053 -0,328 0,542857142857143 0,757142857142857 -1 -1 -1 -1 -1 -1 
0,692727272727273 0,516842105263158 -0,536 0,521428571428571 0,735714285714286 -0,968 1 1 -1 -1 -1 
0,653636363636364 0,563157894736842 -0,672 0,5 0,714285714285714 -1 -1 1 -1 -1 -1 
0,663636363636364 0,561052631578947 -0,592 0,512698412698413 0,726984126984127 -0,968 -1 1 -1 -1 -1 
0,661818181818182 0,539999999999999 -0,36 0,505555555555556 0,71984126984127 -0,992 -1 1 -1 -1 -1 
0,669090909090909 0,495789473684211 -0,728 0,453174603174603 0,667460317460317 -0,984 1 1 -1 -1 -1 
0,703636363636364 0,551578947368421 -0,608 0,51984126984127 0,734126984126984 -1 -1 -1 -1 -1 -1 
0,720909090909091 0,463157894736842 -0,16 0,561111111111111 0,775396825396825 -0,96 -1 1 -1 -1 1 
0,598181818181818 0,515789473684211 -0,24 0,496825396825397 0,711111111111111 -0,98 -1 1 -1 -1 -1 
0,578181818181818 0,602105263157895 -0,336 0,45 0,664285714285714 -0,996 -1 -1 -1 -1 -1 
0,565454545454545 0,64421052631579 -0,592 0,408730158730159 0,623015873015873 -1 -1 -1 -1 -1 -1 
0,649090909090909 0,536842105263158 -0,4 0,48968253968254 0,703968253968254 -0,936 -1 1 -1 -1 -1 
0,609090909090909 0,583157894736842 -0,416 0,455555555555556 0,66984126984127 -1 -1 -1 -1 -1 -1 
0,601818181818182 0,549473684210527 -0,512 0,484126984126984 0,698412698412698 -1 -1 -1 -1 -1 -1 
0,638181818181818 0,543157894736842 -0,712 0,484126984126984 0,698412698412698 -0,968 -1 1 -1 -1 -1 
0,625454545454545 0,545263157894736 -0,6 0,442857142857143 0,657142857142857 -1 -1 -1 -1 -1 -1 
0,602727272727273 0,503157894736842 -0,536 0,462698412698413 0,676984126984127 -1 -1 -1 -1 -1 -1 
0,628181818181818 0,549473684210527 -0,688 0,43968253968254 0,653968253968254 -1 -1 1 -1 -1 -1 
0,671818181818182 0,524210526315789 -0,128 0,538888888888889 0,753174603174603 -0,996 -1 1 -1 -1 -1 
0,678181818181818 0,495789473684211 -0,184 0,51984126984127 0,734126984126984 -1 -1 -1 -1 -1 -1 
0,627272727272727 0,510526315789474 -0,128 0,514285714285714 0,728571428571429 -1 -1 1 -1 -1 -1 
0,608181818181818 0,52 -0,104 0,496825396825397 0,711111111111111 -1 -1 -1 -1 -1 -1 
0,646363636363636 0,482105263157894 -0,416 0,464285714285714 0,678571428571429 -1 -1 -1 -1 -1 -1 
0,692727272727273 0,44 -0,456 0,496825396825397 0,711111111111111 -0,996 -1 -1 -1 -1 -1 
0,635454545454545 0,501052631578948 -0,488 0,48968253968254 0,703968253968254 -1 -1 1 -1 -1 -1 
0,630909090909091 0,491578947368422 -0,512 0,423015873015873 0,637301587301587 -1 -1 -1 -1 -1 -1 
0,745454545454545 0,593684210526316 -0,768 0,571428571428571 0,785714285714286 -1 -1 -1 -1 -1 -1 
0,683636363636364 0,65578947368421 -0,632 0,541269841269841 0,755555555555556 -1 -1 -1 -1 -1 -1 
0,665454545454546 0,669473684210525 -0,632 0,474603174603175 0,688888888888889 -1 -1 -1 -1 -1 -1 
0,635454545454545 0,657894736842105 -0,648 0,453968253968254 0,668253968253968 -1 -1 -1 -1 -1 -1 
0,692727272727273 0,633684210526316 -0,512 0,573015873015873 0,787301587301587 -1 -1 -1 -1 -1 -1 
