121950 99999  19860816    55.1  8    51.8  7  1014.5  7  9999.9  0    5.7  8    2.4  8    5.8  999.9    64.4    42.3   0.00H 999.9  010010 
121950 99999  19860817    59.8  8    56.2  8  1012.3  8  9999.9  0    4.9  8    3.9  8    7.8  999.9    72.5    51.6   0.04E 999.9  110000 
121950 99999  19860818    58.3  7    50.1  7  1009.4  7  9999.9  0    4.0  7    2.2  7    7.8  999.9    71.2    45.3   0.00D 999.9  100000 
121950 99999  19860819    59.7  8    48.8  8  1009.7  8  9999.9  0   10.9  8    3.4  8    5.8  999.9    69.8    46.9   0.00D 999.9  000000 
121950 99999  19860820    56.7  8    53.9  8  1005.4  8  9999.9  0    7.5  8    3.4  8   15.5  999.9    61.9    49.6   0.00H 999.9  010000 
121950 99999  19860821    53.2  8    51.9  8  1004.8  8  9999.9  0    5.0  8   14.6  8   17.5  999.9    55.6    51.8   0.24E 999.9  010000 
121950 99999  19860822    54.3  8    49.0  8  1009.1  8  9999.9  0   12.4  8    8.0  8   11.7  999.9    60.8    46.4   0.00B 999.9  010000 
121950 99999  19860823    58.0  8    52.9  8  1004.3  8  9999.9  0    5.3  8    5.1  8    5.8  999.9    66.7    51.1   0.00D 999.9  010000 
121950 99999  19860824    56.5  8    50.9  8  1004.1  8  9999.9  0    7.9  8    9.5  8   13.6  999.9    64.8    50.5*  0.02E 999.9  010000 
121950 99999  19860825    52.5  7    44.6  7  1012.0  7  9999.9  0    5.9  7    3.3  7    9.7  999.9    59.5*   41.0   0.01C 999.9  010000 
121950 99999  19860826    52.3  8    46.0  8  1014.2  8  9999.9  0    8.5  8    4.9  8   13.6  999.9    60.4*   40.8   0.00B 999.9  000000 
121950 99999  19860827    58.8  7    52.7  7  1009.3  7  9999.9  0    6.2  7    5.8  7    9.7  999.9    68.0    49.1   0.00B 999.9  000000 
121950 99999  19860828    60.3  8    53.6  8  1013.2  8  9999.9  0    4.8  8    2.9  8    7.8  999.9    69.8    50.7   0.00B 999.9  000000 
121950 99999  19860829    59.9  6    57.8  6  1008.0  6  9999.9  0    4.3  6    7.4  6    9.7  999.9    65.3    55.8*  0.04B 999.9  010000 
121950 99999  19860830    55.4  8    47.6  8  1013.2  8  9999.9  0    6.8  8    8.7  8   11.7  999.9    63.1    50.4   0.00D 999.9  000000 
121950 99999  19860831    53.0  8    48.2  8  1008.8  8  9999.9  0    7.8  8   10.7  8   17.5  999.9    59.9    49.1   0.00D 999.9  000000 
121950 99999  19860901    52.0  8    48.5  8  1011.1  8  9999.9  0    9.3  8   10.0  8   13.6  999.9    58.1    47.7   0.12E 999.9  000000 
121950 99999  19860902    51.6  8    48.6  8  1012.1  8  9999.9  0    4.8  8    9.0  8   11.7  999.9    55.9    49.1   0.00H 999.9  010000 
121950 99999  19860903    52.8  8    46.2  8  1008.9  8  9999.9  0    5.1  8   10.4  8   17.5  999.9    59.9    48.9   0.00H 999.9  010000 
121950 99999  19860904    51.8  8    48.9  8  1005.5  7  9999.9  0    5.1  8    9.7  8   15.5  999.9    53.6*   48.4*  0.16E 999.9  010000 
121950 99999  19860905    52.4  7    48.5  7  1016.4  7  9999.9  0    6.2  7   11.7  7   17.5  999.9    58.8    46.4   0.12F 999.9  010000 
121950 99999  19860906    52.4  8    48.5  8  1014.4  8  9999.9  0    5.3  8    9.0  8   11.7  999.9    55.9    49.1   0.00B 999.9  010000 
121950 99999  19860907    50.9  8    46.6  8  1008.8  8  9999.9  0    7.1  8   10.7  8   17.5  999.9    54.7    45.1*  0.04G 999.9  010000 
121950 99999  19860908    47.2  8    43.2  8  1009.9  8  9999.9  0    7.8  8    9.0  8   13.6  999.9    52.9    41.7   0.00G 999.9  010000 
121950 99999  19860909    45.8  8    38.9  8  1016.7  8  9999.9  0    8.5  8    5.6  7   13.6  999.9    58.5    35.2   0.00D 999.9  000000 
121950 99999  19860910    47.8  8    40.3  8  1021.4  8  9999.9  0    4.2  8    2.4  8    5.8  999.9    60.3    32.5   0.00D 999.9  010000 
121950 99999  19860911    51.2  8    44.2  8  1019.1  8  9999.9  0    5.6  8    4.6  8    7.8  999.9    59.2    46.2   0.00H 999.9  010000 
121950 99999  19860912    49.0  8    43.9  8  1018.3  8  9999.9  0    4.8  8    3.6  8    9.7  999.9    58.3    38.3   0.00D 999.9  000000 
121950 99999  19860913    50.5  7    43.4  7  1017.6  7  9999.9  0    8.0  7    2.5  7    5.8  999.9    58.5    43.5*  0.00D 999.9  000000 
121950 99999  19860914    49.0  8    39.9  8  1017.6  8  9999.9  0    9.3  8    3.4  8    7.8  999.9    59.2    33.6   0.00D 999.9  000000 
121950 99999  19860915    53.9  8    49.3  8  1011.3  8  9999.9  0    4.6  8    4.9  8    7.8  999.9    58.1    50.5*  0.01B 999.9  010000 
121950 99999  19860916    49.5  7    44.8  7  1009.9  7  9999.9  0    9.8  7    6.7  7   11.7  999.9    55.2*   44.6   1.02E 999.9  010000 
121950 99999  19860917    50.3  8    43.3  8  1018.5  8  9999.9  0    7.8  8    4.4  8    9.7  999.9    58.5    40.1   0.00D 999.9  000000 
121950 99999  19860918    47.0  8    44.5  8  1019.5  8  9999.9  0    8.9  8    2.9  8    7.8  999.9    51.1    41.9*  0.00G 999.9  010000 
121950 99999  19860919    44.7  8    38.3  8  1028.3  8  9999.9  0    7.8  8    7.5  8   11.7  999.9    56.5    35.6   0.00G 999.9  010000 
121950 99999  19860920    47.3  8    45.1  8  1021.3  8  9999.9  0    4.8  8   10.2  8   15.5  999.9    51.3*   39.7   0.02G 999.9  010000 
121950 99999  19870816    52.8  7    49.5  7  1007.2  7  9999.9  0    6.2  7    8.9  7   11.7  999.9    55.6    46.9*  0.04E 999.9  010000 
121950 99999  19870817    50.3  8    45.6  7  1013.9  8  9999.9  0    9.3  8    4.9  8   11.7  999.9    61.7    40.1   0.00D 999.9  000000 
121950 99999  19870818    55.7  7    51.9  7  1014.2  7  9999.9  0    8.9  7    2.2  7    5.8  999.9    60.8    46.2   0.00D 999.9  000000 
121950 99999  19870819    57.7  4    52.8  4  1015.3  4  9999.9  0    4.3  4    2.9  4    5.8  999.9    65.3*   49.3   0.00A 999.9  000000 
121950 99999  19870820    62.9  6    56.2  6  1021.3  6  9999.9  0    5.6  6    1.0  6    1.9  999.9    69.8    56.7*  0.00C 999.9  000000 
121950 99999  19870821    60.3  8    55.1  8  1023.7  8  9999.9  0    3.2  8    0.7  8    3.9  999.9    72.7    52.5   0.00D 999.9  100000 
121950 99999  19870822    61.2  8    51.6  7  1020.8  8  9999.9  0    4.6  8    2.9  8    7.8  999.9    73.2    47.1   0.00D 999.9  000000 
121950 99999  19870823    62.3  7    51.6  7  1018.5  7  9999.9  0    7.3  7    6.1  7   13.6  999.9    73.8*   47.3   0.00C 999.9  000000 
121950 99999  19870824    64.9  8    57.2  8  1016.4  8  9999.9  0   10.9  8    3.2  8    9.7  999.9    78.1    47.1   0.00D 999.9  000000 
121950 99999  19870825    65.2  8    55.5  8  1013.6  7  9999.9  0    5.3  8    2.2  8    5.8  999.9    79.9    47.1   0.00D 999.9  000000 
121950 99999  19870826    65.1  7    58.1  7  1011.7  7  9999.9  0    5.1  7    3.9  7    7.8  999.9    78.8    55.2   0.00D 999.9  000000 
121950 99999  19870827    61.9  6    52.0  6  1016.8  5  9999.9  0    4.0  6    2.6  6    7.8  999.9    71.6*   48.2   0.00C 999.9  100000 
121950 99999  19870828    57.9  8    54.6  7  1008.9  8  9999.9  0    3.4  8    5.8  8    9.7  999.9    64.4    49.8   0.28F 999.9  010010 
121950 99999  19870829    54.3  9    47.8  8  1009.7  9  9999.9  0    8.1  9   11.0  9   15.5  999.9    62.2    48.4*  0.12E 999.9  000000 
121950 99999  19870830    53.3  8    46.4  8  1013.3  8  9999.9  0    7.3  8    6.3  8   11.7  999.9    63.5    41.0   0.04E 999.9  010000 
121950 99999  19870831    52.0  8    46.6  8  1011.4  7  9999.9  0    7.1  8    9.2  8   15.5  999.9    60.4    45.5*  0.33F 999.9  010000 
121950 99999  19870901    49.0  8    40.8  8  1019.7  8  9999.9  0   10.1  8    7.0  8   11.7  999.9    62.6    38.5   0.00D 999.9  000000 
121950 99999  19870902    50.3  9    42.0  8  1020.1  9  9999.9  0   11.7  9    1.3  9    3.9  999.9    63.0    33.6   0.00D 999.9  000000 
121950 99999  19870903    55.4  8    48.8  8  1015.5  8  9999.9  0    8.5  8    1.9  8    3.9  999.9    69.8    41.0   0.00D 999.9  000000 
121950 99999  19870904    53.1  8    48.1  8  1019.3  8  9999.9  0    7.9  8    5.0  7    7.8  999.9    60.8    45.3*  0.00D 999.9  000000 
121950 99999  19870905    51.3  8    43.7  8  1022.5  8  9999.9  0    6.5  8    1.9  8    7.8  999.9    64.9    36.0   0.00D 999.9  000000 
121950 99999  19870906    55.2  8    47.5  8  1018.2  8  9999.9  0    8.6  8    3.9  8   13.6  999.9    67.3    40.5   0.01E 999.9  010000 
121950 99999  19870907    60.0  8    54.8  8  1013.5  8  9999.9  0    3.9  8    6.6  8    9.7  999.9    66.2    55.6   0.04F 999.9  010000 
121950 99999  19870908    53.2  8    48.6  8  1011.6  8  9999.9  0    9.3  8    7.8  8   11.7  999.9    62.2    48.4*  0.02E 999.9  010000 
121950 99999  19870909    50.7  8    46.5  8  1015.9  8  9999.9  0    7.8  8    5.8  8   15.5  999.9    58.6    42.8   0.04E 999.9  000000 
121950 99999  19870910    53.9  7    47.6  7  1017.0  7  9999.9  0    5.1  7    5.5  7    9.7  999.9    62.6    42.6   0.01C 999.9  100000 
121950 99999  19870911    54.2  8    51.2  8  1011.3  8  9999.9  0    4.8  8    6.3  8   11.7  999.9    60.1    49.8*  0.16F 999.9  010000 
121950 99999  19870912    53.1  8    49.4  8  1010.5  8  9999.9  0    6.1  8    8.3  8   11.7  999.9    60.8    46.2   0.01E 999.9  010000 
121950 99999  19870913    57.8  8    50.9  7  1007.0  8  9999.9  0    7.9  8   14.8  8   21.4  999.9    64.4    49.3*  0.39E 999.9  010000 
121950 99999  19870914    52.1  8    49.2  8  1010.5  8  9999.9  0    6.5  8    4.6  8    9.7  999.9    58.1    42.6   0.00D 999.9  000000 
121950 99999  19870915    52.4  6    48.7  6  1011.7  6  9999.9  0   11.2  5   10.0  6   15.5  999.9    58.1*   46.4   0.00H 999.9  010000 
121950 99999  19870916    52.1  8    46.3  8  1018.3  8  9999.9  0    9.3  8   14.1  8   17.5  999.9    57.4    33.8   0.08E 999.9  000000 
121950 99999  19870917    46.7  9    40.9  9  1027.0  9  9999.9  0   11.0  9    5.0  9    7.8  999.9    55.6    38.5*  0.00D 999.9  000000 
121950 99999  19870918    46.5  8    40.2  8  1022.8  8  9999.9  0    5.3  8    4.6  8    9.7  999.9    57.2    31.8   0.08E 999.9  010000 
121950 99999  19870919    51.1  8    44.6  8  1015.7  8  9999.9  0    7.1  8   11.2  8   15.5  999.9    56.5    46.9*  0.08E 999.9  010000 
121950 99999  19870920    47.3  7    44.1  7  1011.4  7  9999.9  0    7.1  7    8.3  7    9.7  999.9    52.3    43.9*  0.12E 999.9  010000 
121950 99999  19880816    62.2  7    52.4  7  1014.0  7  9999.9  0    8.0  7    6.7  7    9.7  999.9    69.8    51.6*  0.02E 999.9  000000 
121950 99999  19880817    58.3  8    51.1  8  1013.8  8  9999.9  0   10.9  8    6.3  8   11.7  999.9    64.9    48.0   0.02E 999.9  000000 
121950 99999  19880818    58.7  8    53.5  8  1014.6  8  9999.9  0    5.3  8    5.1  8    5.8  999.9    65.8    55.0   0.12E 999.9  010000 
121950 99999  19880819    58.5  8    51.8  8  1016.2  8  9999.9  0    6.2  8    3.2  8    5.8  999.9    66.2    49.5   0.00D 999.9  000000 
121950 99999  19880820    66.1  7    57.1  7  1009.6  7  9999.9  0    8.9  7    5.5  7    9.7  999.9    79.2    54.1   0.00D 999.9  000000 
121950 99999  19880821    61.9  7    58.3  7  1009.7  7  9999.9  0    5.7  7    4.7  7    7.8  999.9    65.5    55.9   0.00E 999.9  000000 
121950 99999  19880822    62.4  8    58.6  8  1014.4  8  9999.9  0    3.3  8    3.4  8    7.8  999.9    72.7    55.6   0.00D 999.9  110000 
121950 99999  19880823    60.7  8    57.6  8  1011.4  8  9999.9  0    4.8  8    2.2  8    3.9  999.9    67.1    55.2   0.43E 999.9  010000 
121950 99999  19880824    58.6  8    53.1  8  1009.7  8  9999.9  0    8.4  8    3.6  8    7.8  999.9    64.8    54.5   0.31E 999.9  010000 
121950 99999  19880825    58.4  8    52.5  8  1007.4  8  9999.9  0    6.2  8    0.2  8    1.9  999.9    67.1    48.0   0.00D 999.9  000000 
121950 99999  19880826    56.1  8    50.4  8  1006.4  8  9999.9  0    3.9  8    3.9  8    9.7  999.9    66.4    46.6   0.00E 999.9  010000 
121950 99999  19880827    57.0  8    50.9  8  1009.4  8  9999.9  0    5.7  8    8.3  8   13.6  999.9    64.4    49.6   0.00D 999.9  000000 
121950 99999  19880828    59.8  8    51.8  8  1011.0  8  9999.9  0    7.8  8   10.0  8   13.6  999.9    70.9    51.6   0.00C 999.9  000000 
121950 99999  19880829    61.3  8    54.2  8  1008.2  8  9999.9  0    6.8  8    2.4  8    5.8  999.9    73.6    49.6   0.00D 999.9  000000 
121950 99999  19880830    57.6  7    55.6  7  1010.3  7  9999.9  0    3.0  7    9.2  7   19.4  999.9    60.8    52.2*  0.94E 999.9  010000 
121950 99999  19880831    55.6  8    52.6  7  1019.3  8  9999.9  0    6.1  8    5.1  8   11.7  999.9    66.9    47.8   0.09F 999.9  010000 
121950 99999  19880901    58.4  9    52.5  9  1017.0  8  9999.9  0    4.7  8    4.5  9    9.7  999.9    69.4    42.6   0.00D 999.9  000000 
121950 99999  19880902    61.3  7    53.7  7  1007.8  7  9999.9  0    6.2  7    8.0  7   15.5  999.9    72.0    50.9*  0.00D 999.9  000000 
121950 99999  19880903    60.0  8    54.2  7  1001.5  8  9999.9  0    4.3  8    9.7  8   13.6  999.9    65.8    54.1*  0.02E 999.9  010000 
121950 99999  19880904    56.4  8    51.1  8  1013.9  8  9999.9  0    4.8  8    2.7  8    7.8  999.9    64.4    50.9*  0.02E 999.9  000000 
121950 99999  19880905    55.0  7    48.7  7  1020.0  7  9999.9  0    5.7  7    1.4  7    3.9  999.9    65.3    44.4   0.00E 999.9  010000 
121950 99999  19880906    53.2  7    49.0  7  1019.7  7  9999.9  0    6.6  7    4.4  7    9.7  999.9    64.6    42.6   0.04E 999.9  010000 
121950 99999  19880907    57.4  8    52.2  8  1023.3  8  9999.9  0    6.8  8   10.0  8   15.5  999.9    64.8    52.3   0.08E 999.9  010000 
121950 99999  19880908    55.5  8    50.2  8  1023.4  8  9999.9  0    6.2  8    5.8  8   11.7  999.9    64.9    49.6   0.00D 999.9  000000 
121950 99999  19880909    51.8  9    43.1  8  1021.0  8  9999.9  0    8.8  9    2.6  9    9.7  999.9    62.2    41.7   0.00D 999.9  000000 
121950 99999  19880910    54.2  9    46.4  8  1020.2  8  9999.9  0    9.0  9    2.6  9    5.8  999.9    64.8    42.6   0.00D 999.9  000000 
121950 99999  19880911    57.1  8    49.6  8  1015.7  8  9999.9  0    5.8  8    5.8  8   13.6  999.9    69.3    42.6   0.00C 999.9  000000 
121950 99999  19880912    54.4  8    52.4  8  1007.3  8  9999.9  0    3.7  8    7.8  8    9.7  999.9    57.9    49.1*  0.08F 999.9  010000 
121950 99999  19880913    50.3  5    47.4  5  1005.8  5  9999.9  0    5.5  5    2.7  5    5.8  999.9    56.1*   45.1*  0.08C 999.9  000010 
121950 99999  19880914    51.5  8    47.7  8  1011.2  8  9999.9  0    4.4  8    1.2  8    3.9  999.9    59.9    36.1   0.00D 999.9  100000 
121950 99999  19880915    53.0  7    47.0  7  1020.4  7  9999.9  0    4.0  7    0.0  6  999.9  999.9    61.3    40.1   0.00D 999.9  000000 
121950 99999  19880916    51.1  8    46.2  8  1014.0  8  9999.9  0    3.5  8    2.2  8    5.8  999.9    61.2    39.0   0.00D 999.9  010000 
121950 99999  19880917    52.4  9    45.3  9  1012.0  8  9999.9  0    8.0  9    7.1  9   11.7  999.9    58.6    44.6   0.24E 999.9  010000 
121950 99999  19880918    51.7  7    46.8  7  1009.7  7  9999.9  0   10.7  7    8.3  7   13.6  999.9    58.6    42.8*  0.16F 999.9  010000 
121950 99999  19880919    49.9  6    47.9  6  1015.3  6  9999.9  0    6.2  6    9.1  6   13.6  999.9    55.8    42.8*  0.12F 999.9  010000 
121950 99999  19880920    55.6  8    51.9  8  1017.5  8  9999.9  0    7.8  8   10.0  8   15.5  999.9    57.6    51.6   0.00E 999.9  010000 




















































































































































































































































































































































































































































































































































































































































































































































































