121950 99999  19861101    40.8  8    37.7  8  1012.7  8  9999.9  0    3.6  8    6.6  8    7.8  999.9    44.6    38.1*  0.00B 999.9  000000 
121950 99999  19861102    41.6  9    40.3  8  1005.0  9  9999.9  0    3.4  9   10.6  9   15.5  999.9    47.8    36.5   0.08G 999.9  010000 
121950 99999  19861103    35.1  7    31.4  6  1018.4  7  9999.9  0    9.8  7   11.7  7   15.5  999.9    40.1    31.6*  0.00G 999.9  010000 
121950 99999  19861104    33.1  8    29.8  8  1022.7  8  9999.9  0    7.1  8    7.3  8   15.5  999.9    37.2    27.1   0.04G 999.9  010000 
121950 99999  19861105    38.0  8    34.7  8  1014.9  8  9999.9  0    8.4  8    9.7  8   13.6  999.9    42.8    34.2*  0.00G 999.9  010000 
121950 99999  19861106    36.9  9    33.8  8  1001.5  9  9999.9  0    6.2  9   15.5  9   21.4  999.9    44.6    32.4*  0.01G 999.9  010100 
121950 99999  19861107    36.4  8    29.9  8  1011.6  8  9999.9  0    9.3  8   17.2  8   25.3  999.9    40.6    32.0*  0.00G 999.9  011000 
121950 99999  19861108    34.2  8    32.5  8  1015.3  8  9999.9  0    3.5  8    5.3  8   11.7  999.9    39.2*   28.6   0.00G 999.9  100000 
121950 99999  19861109    39.5  8    35.2  8  1014.6  8  9999.9  0    8.6  8   10.9  8   17.5  999.9    44.6    36.3*  0.00G 999.9  010000 
121950 99999  19861110    35.9  5    33.8  5  1024.6  5  9999.9  0    3.1  5    8.2  5   13.6  999.9    41.0*   31.8   0.00G 999.9  100000 
121950 99999  19861111    38.3  5    35.5  5  1022.1  5  9999.9  0    4.1  5   10.2  5   15.6  999.9    43.5*   33.3   0.00G 999.9  100000 
121950 99999  19861112    40.2  8    36.6  8  1019.4  8  9999.9  0    5.0  8   11.9  8   17.5  999.9    46.2    34.7   0.00G 999.9  010000 
121950 99999  19861113    35.9  8    30.2  8  1030.2  8  9999.9  0   11.7  8    4.9  8   11.7  999.9    42.1    29.5*  0.00D 999.9  000000 
121950 99999  19861114    33.8  9    28.5  7  1028.2  9  9999.9  0   11.7  9    8.2  9   11.7  999.9    39.4    30.2*  0.00D 999.9  000000 
121950 99999  19861115    33.1  7    32.7  7  1025.1  7  9999.9  0    1.3  7    3.9  7    3.9  999.9    34.7    30.2   0.00C 999.9  100000 
121950 99999  19861116    35.8  7    35.4  7  1024.9  7  9999.9  0    0.3  7    4.2  7    5.8  999.9    39.6*   30.9   0.16G 999.9  100000 
121950 99999  19861117    40.1  9    39.0  8  1026.0  9  9999.9  0    1.0  9    4.3  9    7.8  999.9    41.0*   37.8   0.00G 999.9  000000 
121950 99999  19861118    41.9  8    40.7  8  1023.3  7  9999.9  0    0.7  8    3.6  8    5.8  999.9    45.3    37.2*  0.00D 999.9  100000 
121950 99999  19861119    41.1  9    40.1  8  1021.0  9  9999.9  0    2.2  9    6.9  9    9.7  999.9    43.2    34.9   0.00H 999.9  110000 
121950 99999  19861120    43.5  8    41.4  8  1015.0  8  9999.9  0    3.4  8    6.8  8    9.7  999.9    46.2    41.9   0.00H 999.9  010000 
121950 99999  19861121    40.0  8    37.7  8  1019.1  8  9999.9  0    3.8  8    7.2  7    9.7  999.9    45.3    30.7*  0.00H 999.9  010000 
121950 99999  19861122    35.2  8    34.1  8  1016.3  8  9999.9  0    1.7  8   10.0  8   15.5  999.9    37.4    30.7   0.00H 999.9  110000 
121950 99999  19861123    40.3  9    37.8  8  1010.4  9  9999.9  0    2.9  9   13.6  9   17.5  999.9    43.2    34.2   0.00H 999.9  010000 
121950 99999  19861124    40.8  8    37.3  8  1016.0  8  9999.9  0    3.4  8   13.4  8   21.4  999.9    42.1    39.2   0.00H 999.9  010000 
121950 99999  19861125    40.9  8    38.8  8  1018.3  8  9999.9  0    2.5  8    9.2  8   11.7  999.9    44.1*   39.0   0.00H 999.9  010000 
121950 99999  19861126    45.3  8    44.2  8  1022.4  8  9999.9  0    2.5  7    7.8  8   11.7  999.9    47.7    42.6   0.00H 999.9  010000 
121950 99999  19861127    40.0  9    38.7  8  1026.8  8  9999.9  0    2.0  9    7.1  9    9.7  999.9    44.2    36.3*  0.00G 999.9  110000 
121950 99999  19861128    37.3  8    35.7  8  1035.6  7  9999.9  0    2.0  8    7.5  8   11.7  999.9    40.1    33.8   0.00D 999.9  000000 
121950 99999  19861129    38.5  8    37.1  8  1029.3  8  9999.9  0    2.5  8   11.4  8   13.6  999.9    40.1    37.9*  0.00G 999.9  010000 
121950 99999  19861130    38.8  9    37.2  8  1026.6  9  9999.9  0    2.5  9    8.6  9   11.7  999.9    41.0    36.5   0.00D 999.9  000000 
121950 99999  19861201    32.7  7    31.0  7  1020.1  7  9999.9  0    2.2  7    6.7  7    9.7  999.9    37.0*   30.7*  0.00D 999.9  000000 
121950 99999  19861202    34.1  9    30.3  8  1012.3  8  9999.9  0    5.6  8   19.4  9   27.2  999.9    40.1    30.2   0.08E 999.9  010000 
121950 99999  19861203    36.3  9    32.3  9  1019.4  9  9999.9  0    4.1  9   11.0  9   15.5  999.9    45.7    29.7   0.00H 999.9  010000 
121950 99999  19861204    44.2  8    41.4  7  1011.6  8  9999.9  0    5.7  8   19.9  8   27.2  999.9    45.9*   42.8*  0.00H 999.9  010000 
121950 99999  19861205    45.9  8    42.9  8  1013.9  8  9999.9  0    3.9  8   14.4  7   23.3  999.9    47.7    43.0*  0.00G 999.9  010000 
121950 99999  19861206    42.1  8    36.4  8  1008.3  8  9999.9  0    7.0  8   15.1  8   19.4  999.9    49.6*   39.0*  0.00G 999.9  010000 
121950 99999  19861207    32.5  7    28.0  7  1028.0  7  9999.9  0   12.4  7    9.2  7   19.4  999.9    38.3*   25.2*  0.02G 999.9  010000 
121950 99999  19861208    24.8  9    19.3  8  1036.0  9  9999.9  0   12.4  9    7.1  9   13.6  999.9    29.3    22.1   0.00G 999.9  000000 
121950 99999  19861209    25.4  9    18.9  7  1028.7  9  9999.9  0    9.7  9    9.1  9   11.7  999.9    30.4    21.9   0.00D 999.9  000000 
121950 99999  19861210    30.7  9    27.5  7  1029.6  9  9999.9  0    4.0  9    8.0  9   11.7  999.9    34.5    25.3   0.00D 999.9  000000 
121950 99999  19871101    30.7  7    23.8  7  1025.5  7  9999.9  0   10.7  7    2.5  7    5.8  999.9    44.1    21.2   0.00D 999.9  000000 
121950 99999  19871102    32.6  8    31.1  8  1022.3  8  9999.9  0    3.9  8    1.9  8    3.9  999.9    37.8    21.2   0.00D 999.9  000000 
121950 99999  19871103    36.0  8    34.0  8  1026.6  8  9999.9  0    2.5  8    3.4  8    5.8  999.9    41.7    30.7   0.00D 999.9  000000 
121950 99999  19871104    36.1  9    31.8  8  1031.5  9  9999.9  0    8.4  9    4.1  9    5.8  999.9    42.1    28.9   0.00D 999.9  000000 
121950 99999  19871105    41.6  8    38.0  8  1027.0  8  9999.9  0    7.8  8   13.1  8   17.5  999.9    45.1    34.3   0.00D 999.9  000000 
121950 99999  19871106    42.9  8    39.3  8  1019.9  8  9999.9  0    5.7  8   10.9  8   15.5  999.9    45.7    40.1   0.00E 999.9  010000 
121950 99999  19871107    39.7  7    35.6  7  1016.9  7  9999.9  0    6.4  7    6.1  7   11.7  999.9    42.6*   36.5*  0.06F 999.9  010000 
121950 99999  19871108    37.9  8    36.2  8  1009.7  8  9999.9  0    3.7  8    5.6  8    9.7  999.9    41.5    31.1*  0.16F 999.9  010000 
121950 99999  19871109    29.6  9    26.1  9  1019.0  9  9999.9  0   11.7  9    2.5  7    3.9  999.9    35.6    24.4*  0.00D 999.9  000000 
121950 99999  19871110    24.6  7    22.0  7  1020.2  7  9999.9  0    9.8  7    1.4  7    5.8  999.9    34.5    18.5   0.00D 999.9  000000 
121950 99999  19871111    22.8  8    21.8  8  1015.9  8  9999.9  0    5.7  8    2.9  8    5.8  999.9    27.5*   17.1   0.00D 999.9  100000 
121950 99999  19871112    33.8  8    33.3  8  1006.3  8  9999.9  0    1.1  8    6.3  8    7.8  999.9    39.6*   25.5   0.00E 999.9  110000 
121950 99999  19871113    41.0  8    38.4  8  1001.2  8  9999.9  0    2.4  8    6.8  8    9.7  999.9    45.5*   36.3*  0.08C 999.9  000000 
121950 99999  19871114    38.4  8    37.5  7  1000.5  8  9999.9  0    1.5  8    6.6  8    9.7  999.9    41.7    31.1   0.28E 999.9  110000 
121950 99999  19871115    40.4  8    37.5  8  1011.4  8  9999.9  0    7.8  8    8.6  7   13.6  999.9    42.8    37.4*  0.04F 999.9  010000 
121950 99999  19871116    37.3  6    35.0  6  1016.3  6  9999.9  0    2.5  6    8.1  6    9.7  999.9    40.6*   34.7   0.00H 999.9  010000 
121950 99999  19871117    41.5  8    40.6  8  1011.8  8  9999.9  0    2.2  8    6.6  8    9.7  999.9    45.0    35.2   0.04F 999.9  110000 
121950 99999  19871118    42.8  8    41.4  7  1015.8  8  9999.9  0    2.5  8    4.4  8    7.8  999.9    44.6    39.7*  0.16F 999.9  010000 
121950 99999  19871119    36.5  8    34.0  8  1018.6  8  9999.9  0    8.5  8    6.6  8    9.7  999.9    40.6    33.6*  0.08E 999.9  000000 
121950 99999  19871120    33.6  8    31.4  8  1003.8  8  9999.9  0    4.5  8    9.0  8   11.7  999.9    35.6    32.9   0.08E 999.9  001000 
121950 99999  19871121    36.6  8    34.7  8  1008.1  8  9999.9  0    3.7  8    6.8  8    7.8  999.9    39.9    32.0   0.16E   0.4  001000 
121950 99999  19871122    36.5  8    35.1  8  1011.6  8  9999.9  0    2.7  8    5.3  8    7.8  999.9    37.8*   35.4*  0.00D 999.9  100000 
121950 99999  19871123    28.5  8    27.1  8  1011.2  7  9999.9  0    2.5  8    5.8  8    9.7  999.9    33.1*   24.6*  0.05F 999.9  001000 
121950 99999  19871124    26.8  8    24.3  8  1016.5  8  9999.9  0    4.8  8    2.7  8    7.8  999.9    28.9    24.1   0.01C   0.4  000000 
121950 99999  19871125    32.2  8    30.7  8  1012.3  8  9999.9  0    2.5  8    7.5  8    9.7  999.9    37.0*   27.1   0.24F   0.4  111000 
121950 99999  19871126    41.2  7    41.1  6  1010.6  7  9999.9  0    0.2  7    4.4  7    7.8  999.9    43.5*   35.6   0.00C 999.9  100000 
121950 99999  19871127    41.6  8    40.5  8  1012.1  8  9999.9  0    2.5  8    8.5  8   13.6  999.9    44.6    37.9*  0.04E 999.9  110000 
121950 99999  19871128    40.0  7    39.1  7  1010.1  7  9999.9  0    2.5  7    9.4  7   13.6  999.9    42.8    37.4   0.55F 999.9  010000 
121950 99999  19871129    38.4  8    36.3  8  1023.1  8  9999.9  0    4.8  8    8.3  8   11.7  999.9    39.6    34.7   0.01D 999.9  000000 
121950 99999  19871130    32.3  8    31.5  8  1030.1  8  9999.9  0    2.1  8    2.4  8    3.9  999.9    37.0*   27.3*  0.00D 999.9  100000 
121950 99999  19871201    32.4  8    30.6  8  1032.2  8  9999.9  0    3.0  8    5.3  8    7.8  999.9    34.3*   25.7   0.00D 999.9  000000 
121950 99999  19871202    32.0  8    29.3  8  1034.2  8  9999.9  0    6.2  8    6.1  8    7.8  999.9    33.1    30.6   0.00D 999.9  000000 
121950 99999  19871203    35.1  8    33.8  8  1033.7  8  9999.9  0    3.9  8    1.2  8    7.8  999.9    36.0    31.5   0.00D 999.9  000000 
121950 99999  19871204    33.6  8    31.5  8  1033.3  8  9999.9  0    3.0  8    4.4  8    9.7  999.9    35.2    31.1*  0.00C 999.9  000000 
121950 99999  19871205    28.3  7    26.3  7  1023.7  7  9999.9  0    3.6  7    5.5  7    7.8  999.9    30.2*   27.3*  0.00D 999.9  000000 
121950 99999  19871206    29.5  8    27.5  7  1013.3  8  9999.9  0    2.6  8    4.4  8    5.8  999.9    31.1    26.1   0.01E 999.9  001000 
121950 99999  19871207    26.1  8    23.5  8  1006.3  8  9999.9  0    5.0  8    5.6  8   13.6  999.9    31.5    14.9*  0.08E 999.9  001000 
121950 99999  19871208    23.3  9    18.9  9  1012.5  8  9999.9  0    6.2  9   13.6  9   17.5  999.9    25.9    12.2   0.02E 999.9  001000 
121950 99999  19871209    28.7  7    25.5  7  1009.4  7  9999.9  0    3.6  7   19.7  7   25.3  999.9    33.3    22.1   0.04F   0.8  001000 
121950 99999  19871210    31.6  8    30.2  8  1000.3  8  9999.9  0    2.5  8   14.8  8   19.4  999.9    32.9    30.2*  0.14F   2.4  001000 
121950 99999  19881101    27.2  8    23.3  8  1013.7  8  9999.9  0    5.0  8    7.5  8   11.7  999.9    32.5*   18.5   0.01E 999.9  001000 
121950 99999  19881102    35.6  8    32.6  8  1002.4  8  9999.9  0    6.5  8   13.1  8   17.5  999.9    39.2    31.1   0.35F 999.9  011000 
121950 99999  19881103    26.9  8    19.3  8  1024.6  8  9999.9  0    9.6  8    6.1  8    9.7  999.9    30.7*   21.6*  0.02E 999.9  001000 
121950 99999  19881104    28.9  8    24.9  8  1034.5  8  9999.9  0    6.2  8    5.6  8    9.7  999.9    34.7    20.3   0.00D 999.9  000000 
121950 99999  19881105    29.0  8    27.1  8  1031.6  8  9999.9  0    2.0  8    3.4  8    7.8  999.9    31.1*   25.3*  0.00D 999.9  100000 
121950 99999  19881106    27.3  8    22.9  8  1017.4  8  9999.9  0    4.5  8   10.4  8   13.6  999.9    33.1*   20.3   0.00D 999.9  000000 
121950 99999  19881107    33.3  7    30.5  7  1013.7  7  9999.9  0    5.5  7    7.2  7    9.7  999.9    36.1*   30.9*  0.08F   0.4  011000 
121950 99999  19881108    31.1  8    26.8  8  1024.4  8  9999.9  0    8.5  8    5.6  8    9.7  999.9    32.7*   29.1*  0.00E 999.9  001000 
121950 99999  19881109    22.2  8    17.0  8  1034.9  8  9999.9  0   10.9  8    5.6  7   11.7  999.9    27.0*   15.1*  0.00E 999.9  000000 
121950 99999  19881110    19.8  8    14.7  8  1035.9  8  9999.9  0    7.4  8    3.6  8    7.8  999.9    26.8    12.0   0.00D 999.9  000000 
121950 99999  19881111    25.1  9    18.6  9  1030.4  9  9999.9  0    5.0  9    6.0  9    7.8  999.9    33.6    17.1   0.00D 999.9  000000 
121950 99999  19881112    31.5  8    30.1  8  1024.7  8  9999.9  0    1.3  8    5.1  8    5.8  999.9    32.9    27.5   0.00E 999.9  110000 
121950 99999  19881113    34.5  8    34.5  8  1014.1  8  9999.9  0    0.2  8    2.2  8    5.8  999.9    36.0    31.8   0.39F 999.9  110000 
121950 99999  19881114    35.6  8    34.6  8  1007.4  8  9999.9  0    2.8  8    6.3  8    9.7  999.9    38.8    31.6   0.04F 999.9  010000 
121950 99999  19881115    35.1  8    32.0  8  1015.1  8  9999.9  0    7.5  8   10.4  8   13.6  999.9    37.0*   32.5*  0.00E 999.9  011000 
121950 99999  19881116    31.3  7    26.7  7  1025.6  7  9999.9  0    7.1  7    4.7  7    9.7  999.9    32.7*   30.2*  0.00C 999.9  000000 
121950 99999  19881117    34.5  8    33.8  8  1019.3  8  9999.9  0    1.7  8    4.9  8    7.8  999.9    38.8*   30.2   0.02F 999.9  110000 
121950 99999  19881118    38.6  8    38.3  8  1008.7  7  9999.9  0    0.7  8    8.0  8   11.7  999.9    40.3*   36.5*  0.02E 999.9  110000 
121950 99999  19881119    30.4  7    27.0  7  1003.7  7  9999.9  0    6.6  7   13.0  7   17.5  999.9    41.5*   24.8*  0.13F 999.9  011000 
121950 99999  19881120    21.7  8    18.6  8  1010.2  8  9999.9  0    6.7  8    2.9  8    5.8  999.9    26.1    14.0   0.00E   1.6  001000 
121950 99999  19881121    18.6  9    18.3  8  1012.9  9  9999.9  0    1.3  9    1.3  9    5.8  999.9    24.4*   14.4*  0.16E   2.4  100000 
121950 99999  19881122    16.9  8    15.3  8  1019.1  8  9999.9  0    3.3  8    3.2  8    9.7  999.9    19.8    14.0   0.00E   2.4  101000 
121950 99999  19881123    25.6  8    23.3  8  1016.6  8  9999.9  0    2.4  8   10.9  8   11.7  999.9    27.9*   13.8   0.16F 999.9  001000 
121950 99999  19881124    29.1  8    27.4  8  1014.0  8  9999.9  0    1.5  8    9.7  8   13.6  999.9    33.1*   24.8   0.00F  42.5  010000 
121950 99999  19881125    35.5  8    34.1  8  1006.0  8  9999.9  0    2.9  8    9.2  8   11.7  999.9    37.0    32.0   0.01F 999.9  010000 
121950 99999  19881126    35.7  8    34.7  8  1007.7  8  9999.9  0    4.5  8    7.0  8   11.7  999.9    38.8    31.6*  0.01F 999.9  011000 
121950 99999  19881127    26.4  8    23.3  8  1012.3  8  9999.9  0    8.9  8    5.3  8    9.7  999.9    30.7    18.0*  0.10F   0.8  001000 
121950 99999  19881128    25.2  8    21.9  8  1014.0  8  9999.9  0    6.5  8    6.6  8   11.7  999.9    31.1*   16.7   0.04E   1.2  001000 
121950 99999  19881129    32.8  7    31.3  7   981.1  7  9999.9  0    3.2  7   12.8  7   15.5  999.9    35.6    30.0   0.24F   3.9  011000 
121950 99999  19881130    19.9  8    13.0  8   999.4  8  9999.9  0    7.8  8   18.7  8   31.1  999.9    28.4*   12.0*  0.04E   5.5  001000 
121950 99999  19881201     8.5  8     3.9  8  1020.3  8  9999.9  0   10.1  8    1.9  8    5.8  999.9    17.6    -1.1*  0.00D   5.5  000000 
121950 99999  19881202     4.0  7     0.9  7  1024.9  7  9999.9  0    6.2  7    2.8  7    5.8  999.9    12.2    -3.6   0.00D   5.5  100000 
121950 99999  19881203     8.1  7     2.7  7  1024.4  7  9999.9  0    9.3  7    7.2  7   11.7  999.9    14.0     0.9   0.00D   5.5  000000 
121950 99999  19881204    16.2  8    11.1  8  1013.5  7  9999.9  0    6.1  8   12.4  8   15.5  999.9    20.8*    6.4   0.00E   5.5  001000 
121950 99999  19881205    28.7  8    27.3  8   990.8  8  9999.9  0    2.8  8   10.2  8   13.6  999.9    34.0    19.4   0.06F   5.9  011000 
121950 99999  19881206    33.7  8    33.0  7   991.4  8  9999.9  0    2.8  8    7.5  8    9.7  999.9    35.2*   32.4   0.10F   3.9  011000 
121950 99999  19881207    30.9  7    29.6  7  1002.1  7  9999.9  0    3.9  7    5.3  7    7.8  999.9    32.9*   29.5*  0.04E   3.1  001000 
121950 99999  19881208    29.0  8    26.9  8  1018.1  8  9999.9  0    4.6  8    3.6  8    9.7  999.9    29.8*   28.2   0.01E   3.5  101000 
121950 99999  19881209    31.6  8    29.7  8  1009.3  8  9999.9  0    6.9  8   12.6  8   15.5  999.9    35.8    25.7   0.09F   4.3  011000 
121950 99999  19881210    24.3  8    20.0  8  1012.6  7  9999.9  0    9.7  8    7.3  8    9.7  999.9    27.5*   20.5*  0.00E   3.1  000000 








































































































































































































































































































































































































































































































































































































































































































































































































































































