121950 99999  19860401    40.4  8    33.9  8  1003.4  8  9999.9  0    8.5  8   12.1  8   21.4  999.9    46.4*   33.1*  0.10C 999.9  010000 
121950 99999  19860402    36.7  8    30.8  8  1012.4  8  9999.9  0    7.3  8   12.9  8   25.3  999.9    41.9    31.5   0.00H 999.9  010000 
121950 99999  19860403    37.1  8    30.6  8  1013.4  8  9999.9  0    6.8  8    7.0  8    9.7  999.9    44.1    32.0   0.00H 999.9  010000 
121950 99999  19860404    35.5  8    34.3  8  1010.9  8  9999.9  0    2.3  8    6.8  8   11.7  999.9    37.4    33.1* 99.99  999.9  010000 
121950 99999  19860405    37.4  8    32.2  8  1021.2  8  9999.9  0    5.9  8    4.6  8    7.8  999.9    44.6    30.2   0.00D 999.9  010000 
121950 99999  19860406    36.9  8    34.9  8  1024.5  8  9999.9  0    2.3  8    5.8  8    7.8  999.9    37.8    36.0* 99.99  999.9  010000 
121950 99999  19860407    36.7  8    33.8  8  1028.0  8  9999.9  0    3.0  8    9.7  8   13.6  999.9    39.2    33.6   0.00D 999.9  000000 
121950 99999  19860408    39.9  7    38.7  7  1021.0  7  9999.9  0    0.9  7    9.2  7    9.7  999.9    44.1    36.7   0.00D 999.9  100000 
121950 99999  19860409    38.3  8    36.8  8  1010.9  8  9999.9  0    1.0  8    8.0  8    9.7  999.9    45.3    36.0*  0.00D 999.9  100000 
121950 99999  19860410    34.6  8    32.4  8  1003.5  8  9999.9  0    3.8  8   14.8  8   17.5  999.9    36.3    33.1   0.04E 999.9  010000 
121950 99999  19860411    24.4  8    21.4  8  1007.4  8  9999.9  0    2.9  8   19.2  8   25.3  999.9    31.3*   22.5*  0.09F   1.6  001000 
121950 99999  19860412    24.5  8    16.7  8  1008.8  8  9999.9  0    7.9  8    9.2  8   13.6  999.9    30.2    21.0  99.99    3.1  001000 
121950 99999  19860413    27.0  8    17.6  8  1010.7  8  9999.9  0   12.4  8    3.9  8    5.8  999.9    34.2    17.6   0.00D   2.8  000000 
121950 99999  19860414    29.7  8    19.0  8  1011.5  8  9999.9  0   11.7  8    4.6  8    9.7  999.9    36.5    17.8   0.00D 999.9  000000 
121950 99999  19860415    34.7  8    23.4  8  1012.6  8  9999.9  0    7.8  8    2.9  8    5.8  999.9    42.3    29.1   0.00D 999.9  000000 
121950 99999  19860416    38.3  8    25.2  8  1016.8  8  9999.9  0   10.9  8    2.7  8    5.8  999.9    50.4    25.2   0.00D 999.9  000000 
121950 99999  19860417    40.1  8    33.1  8  1012.1  8  9999.9  0    5.6  8    7.5  8   13.6  999.9    48.4    32.0   0.00G 999.9  010000 
121950 99999  19860418    49.6  7    39.7  7  1004.9  7  9999.9  0    2.0  7    4.7  7    5.8  999.9    59.9    40.8   0.08C 999.9  100000 
121950 99999  19860419    47.5  8    42.8  8   996.2  8  9999.9  0    2.5  8    6.8  8    9.7  999.9    50.7    44.1*  0.08E 999.9  010000 
121950 99999  19860420    36.8  8    32.6  8   996.4  8  9999.9  0    5.3  8   11.9  8   17.5  999.9    42.3*   33.3*  0.00G 999.9  010000 
121950 99999  19860421    41.7  8    33.8  8  1003.8  8  9999.9  0    6.2  8   15.5  8   25.3  999.9    50.4    32.7   0.00G 999.9  001000 
121950 99999  19860422    49.9  8    35.9  8  1013.0  8  9999.9  0    4.6  8    7.3  8   13.6  999.9    63.3    31.8   0.00D 999.9  000000 
121950 99999  19860423    56.6  8    42.2  8  1014.0  8  9999.9  0    6.2  8    5.1  8    9.7  999.9    69.4    40.8   0.00D 999.9  000000 
121950 99999  19860424    57.6  8    46.5  8  1017.5  8  9999.9  0    5.7  8    3.4  8    5.8  999.9    69.8    40.3   0.00D 999.9  000000 
121950 99999  19860425    62.4  8    44.2  8  1017.4  8  9999.9  0    7.8  8    9.0  8   15.5  999.9    72.7    53.6   0.00D 999.9  000000 
121950 99999  19860426    61.3  7    39.6  7  1016.7  7  9999.9  0    9.8  7    8.0  7   15.5  999.9    72.3    47.1   0.00C 999.9  000000 
121950 99999  19860427    59.9  8    42.2  8  1013.2  8  9999.9  0   10.9  8    5.1  8   11.7  999.9    72.7    42.1   0.00D 999.9  000000 
121950 99999  19860428    61.7  8    40.8  8  1011.5  8  9999.9  0    8.5  8    4.4  8    7.8  999.9    74.7    43.9   0.00D 999.9  000000 
121950 99999  19860429    63.7  8    45.2  8  1012.4  8  9999.9  0    6.2  8    2.2  8    3.9  999.9    75.9    49.8   0.00D 999.9  000000 
121950 99999  19860430    58.4  8    46.3  7  1017.4  8  9999.9  0    6.2  8    6.3  8   11.7  999.9    67.8    49.5   0.00D 999.9  000000 
121950 99999  19860501    48.9  8    37.1  8  1022.5  8  9999.9  0    6.2  8   11.2  8   19.4  999.9    59.2    41.4*  0.00D 999.9  000000 
121950 99999  19860502    49.8  8    34.6  8  1021.5  8  9999.9  0    9.3  8    7.3  8   13.6  999.9    62.6    32.7   0.00D 999.9  000000 
121950 99999  19860503    51.6  6    39.4  6  1020.5  6  9999.9  0    7.2  6    3.2  6    5.8  999.9    66.9    41.0   0.00C 999.9  000000 
121950 99999  19860504    52.2  8    34.9  8  1022.5  8  9999.9  0    9.3  8    4.4  8    9.7  999.9    63.7    41.4   0.00D 999.9  000000 
121950 99999  19860505    54.1  8    35.5  8  1023.5  8  9999.9  0   10.9  8    4.1  8    5.8  999.9    66.2    38.1   0.00D 999.9  000000 
121950 99999  19860506    56.0  8    40.7  8  1023.4  8  9999.9  0    6.2  8    2.7  8    5.8  999.9    67.5    39.9*  0.00D 999.9  000000 
121950 99999  19860507    55.0  8    33.1  8  1023.8  8  9999.9  0    8.5  8    1.9  8    5.8  999.9    69.1    38.3   0.00D 999.9  000000 
121950 99999  19860508    58.4  8    36.3  8  1019.5  8  9999.9  0    9.3  8    8.3  8   19.4  999.9    71.2*   38.7   0.00D 999.9  000000 
121950 99999  19860509    51.9  7    42.3  6  1017.0  7  9999.9  0    6.2  7    5.8  7    7.8  999.9    61.5    43.5   0.02D 999.9  010000 
121950 99999  19860510    51.4  8    44.0  8  1020.9  8  9999.9  0    7.0  8    6.1  8   11.7  999.9    60.1    46.4   0.08E 999.9  010000 
121950 99999  19860511    56.2  8    45.0  8  1016.9  8  9999.9  0   11.7  8    5.1  8   13.6  999.9    66.9    42.1   0.00D 999.9  000000 
121950 99999  19860512    52.1  8    44.7  8  1014.0  8  9999.9  0    5.6  8    7.8  8   15.5  999.9    57.2    47.3*  0.02G 999.9  010000 
121950 99999  19860513    55.8  8    43.5  8  1017.8  7  9999.9  0    8.1  8    4.1  8    5.8  999.9    65.3    41.5*  0.00G 999.9  000000 
121950 99999  19860514    62.3  8    47.6  7  1015.4  8  9999.9  0    6.2  8    7.5  8   13.6  999.9    75.2    47.8   0.00E 999.9  010010 
121950 99999  19860515    60.5  8    55.9  7  1014.7  8  9999.9  0    6.7  8    4.4  8   11.7  999.9    66.7    56.7   0.00E 999.9  010000 
121950 99999  19870401    34.6  8    33.5  8  1022.6  8  9999.9  0    3.2  8    6.8  8    9.7  999.9    36.1    32.5   0.12E 999.9  001000 
121950 99999  19870402    38.7  8    24.9  8  1017.7  8  9999.9  0    9.2  8   12.4  8   15.5  999.9    48.6    33.1   0.00D 999.9  000000 
121950 99999  19870403    37.9  8    24.6  8  1021.4  8  9999.9  0    7.8  8   10.4  8   15.5  999.9    47.1    32.0   0.00D 999.9  000000 
121950 99999  19870404    37.5  8    31.6  8  1023.7  8  9999.9  0    6.1  8    6.8  8    9.7  999.9    45.7    32.5   0.00D 999.9  000000 
121950 99999  19870405    36.6  8    32.9  8  1008.8  8  9999.9  0    3.9  8    9.2  8   15.5  999.9    40.6    33.4   0.04D 999.9  010000 
121950 99999  19870406    37.7  8    36.8  8  1000.3  8  9999.9  0    2.1  8    5.1  8   13.6  999.9    41.4    32.4*  0.02E 999.9  110000 
121950 99999  19870407    35.0  8    29.5  8  1009.5  8  9999.9  0    7.6  8    7.5  8   13.6  999.9    41.0    30.4   0.00D 999.9  000000 
121950 99999  19870408    40.2  8    37.5  8  1006.7  7  9999.9  0    2.4  7    5.8  8    9.7  999.9    55.2    30.9   0.12E 999.9  010000 
121950 99999  19870409    37.6  8    27.3  8  1012.6  8  9999.9  0    9.9  8    4.9  8    5.8  999.9    45.0    32.4*  0.00D 999.9  000000 
121950 99999  19870410    38.5  8    27.3  7  1017.1  8  9999.9  0   12.4  8    7.8  8   13.6  999.9    48.7    29.7   0.00D 999.9  000000 
121950 99999  19870411    40.0  8    28.1  8  1017.3  8  9999.9  0   12.4  8   12.9  8   23.3  999.9    49.3    30.9   0.00D 999.9  000000 
121950 99999  19870412    39.8  8    27.9  8  1018.8  8  9999.9  0    7.0  8   12.5  7   17.5  999.9    50.2    30.6   0.00D 999.9  000000 
121950 99999  19870413    42.2  7    28.6  7  1024.4  7  9999.9  0    7.1  7    5.8  7   11.7  999.9    53.4    29.3   0.00D 999.9  000000 
121950 99999  19870414    38.0  8    33.9  8  1026.7  8  9999.9  0    3.0  8    5.6  8    7.8  999.9    43.7    29.7   0.00D 999.9  000000 
121950 99999  19870415    38.7  8    32.3  8  1026.3  8  9999.9  0    5.8  8    4.9  8    5.8  999.9    44.2    33.8   0.00D 999.9  000000 
121950 99999  19870416    41.5  8    35.6  8  1017.3  7  9999.9  0    7.6  8   12.1  8   19.4  999.9    47.3    37.0*  0.00D 999.9  010000 
121950 99999  19870417    39.3  7    35.1  7  1012.6  7  9999.9  0    8.0  7   15.5  7   17.5  999.9    43.0    35.6   0.00D 999.9  010000 
121950 99999  19870418    36.4  9    27.0  8  1013.5  9  9999.9  0   11.7  9   17.1  9   27.2  999.9    42.4    28.9*  0.00E 999.9  011000 
121950 99999  19870419    33.5  8    21.2  8  1020.5  8  9999.9  0   12.4  8   12.1  8   15.5  999.9    43.5    25.0   0.00D 999.9  000000 
121950 99999  19870420    39.2  8    26.3  8  1012.8  8  9999.9  0   11.7  8    4.6  8    9.7  999.9    52.7    23.9   0.00D 999.9  010000 
121950 99999  19870421    38.9  8    38.0  8  1008.8  8  9999.9  0    1.3  8    5.6  8    7.8  999.9    40.1    37.4*  0.30F 999.9  010000 
121950 99999  19870422    35.6  8    24.7  8  1024.2  7  9999.9  0   11.7  8    9.0  8   13.6  999.9    40.6    28.4   0.00D 999.9  000000 
121950 99999  19870423    41.6  8    36.5  7  1026.9  8  9999.9  0    6.8  8    5.8  8    7.8  999.9    47.5    34.9   0.00D 999.9  000000 
121950 99999  19870424    47.4  6    42.4  6  1019.9  6  9999.9  0    4.0  6    9.1  6   15.5  999.9    56.3    42.1   0.00C 999.9  100000 
121950 99999  19870425    43.6  7    41.8  7  1012.1  7  9999.9  0    2.5  7    5.3  7    9.7  999.9    52.7    38.3   0.04E 999.9  010000 
121950 99999  19870426    37.3  8    34.2  8  1013.2  8  9999.9  0    3.4  8   12.4  8   17.5  999.9    41.4    35.4*  0.04E 999.9  011000 
121950 99999  19870427    39.9  8    32.8  8  1023.2  7  9999.9  0   11.7  8   11.7  8   15.5  999.9    47.5    33.1   0.00B 999.9  010000 
121950 99999  19870428    40.0  8    35.0  8  1028.4  8  9999.9  0    6.8  8    8.5  8   13.6  999.9    50.2    31.1   0.04C 999.9  010000 
121950 99999  19870429    52.9  8    42.6  8  1028.3  8  9999.9  0    6.2  8    8.5  8   15.5  999.9    67.8    37.4   0.00D 999.9  000000 
121950 99999  19870430    57.7  8    47.3  8  1024.2  7  9999.9  0    5.3  8    4.1  8   11.7  999.9    73.4    38.5   0.00C 999.9  000000 
121950 99999  19870501    58.6  9    45.3  8  1017.9  9  9999.9  0    6.9  9    5.6  9   15.5  999.9    75.6    41.7   0.00D 999.9  000000 
121950 99999  19870502    62.0  8    45.2  8  1013.1  8  9999.9  0    6.2  8    6.6  8   11.7  999.9    73.9    45.3   0.00D 999.9  000000 
121950 99999  19870503    59.6  8    47.1  8  1012.9  8  9999.9  0    6.2  8    7.8  8   13.6  999.9    70.5    46.8   0.00D 999.9  000000 
121950 99999  19870504    60.7  9    49.4  8  1016.2  9  9999.9  0    6.2  9    8.8  9   17.5  999.9    70.2    45.7   0.00D 999.9  000000 
121950 99999  19870505    59.5  9    44.8  8  1017.2  9  9999.9  0    9.0  9    5.0  9    7.8  999.9    69.1    44.4   0.00D 999.9  000000 
121950 99999  19870506    45.3  8    42.2  8  1014.9  8  9999.9  0    5.6  8    6.1  8    7.8  999.9    48.0    42.6*  0.00H 999.9  010000 
121950 99999  19870507    42.6  6    36.4  6  1012.4  6  9999.9  0    5.0  6    9.4  6   17.5  999.9    50.2*   38.1*  0.00B 999.9  000000 
121950 99999  19870508    39.4  8    34.8  8  1010.1  8  9999.9  0    4.3  8   14.1  8   17.5  999.9    43.9    35.4   0.01E 999.9  010000 
121950 99999  19870509    46.2  8    33.2  8  1008.5  8  9999.9  0   10.9  8   13.6  8   15.5  999.9    55.8    36.0   0.02C 999.9  000000 
121950 99999  19870510    54.4  8    41.8  8  1004.3  8  9999.9  0    6.2  8   10.0  8   17.5  999.9    70.7    40.5   0.00E 999.9  010000 
121950 99999  19870511    47.5  8    40.1  7  1004.2  8  9999.9  0    9.3  8   11.9  8   17.5  999.9    54.3    40.6   0.12E 999.9  010000 
121950 99999  19870512    50.8  8    37.8  8  1005.4  8  9999.9  0    6.2  8    7.3  8   13.6  999.9    62.2    33.8   0.00D 999.9  000000 
121950 99999  19870513    58.2  8    50.4  8  1002.7  8  9999.9  0    5.3  8   10.2  8   13.6  999.9    72.5    53.2*  0.31E 999.9  010010 
121950 99999  19870514    48.7  8    47.1  8  1006.2  8  9999.9  0    2.5  8    6.6  8   11.7  999.9    54.7    43.0*  0.39F 999.9  010000 
121950 99999  19870515    46.1  7    40.0  7  1012.5  7  9999.9  0    4.1  7    8.3  7   13.6  999.9    56.3    35.6   0.55E 999.9  010000 
121950 99999  19880401    43.4  9    38.5  8  1014.9  8  9999.9  0    5.4  9    9.9  9   13.6  999.9    46.4    40.1*  0.00E 999.9  010000 
121950 99999  19880402    41.5  8    40.3  8  1012.7  8  9999.9  0    4.3  8    6.3  8   11.7  999.9    43.5*   39.2   0.18F 999.9  010000 
121950 99999  19880403    40.8  8    38.6  8  1020.6  8  9999.9  0    2.5  8    3.4  8    5.8  999.9    42.8    39.0   0.00E 999.9  010000 
121950 99999  19880404    41.3  9    39.6  8  1026.0  9  9999.9  0    3.6  9    1.1  9    3.9  999.9    48.6    36.1*  0.00E 999.9  100000 
121950 99999  19880405    41.7  8    36.3  8  1026.8  8  9999.9  0    3.1  8    1.9  8    3.9  999.9    51.8    33.4   0.00E 999.9  100000 
121950 99999  19880406    42.3  8    34.6  8  1026.6  8  9999.9  0    5.7  8    2.9  8    7.8  999.9    53.2    31.5   0.00D 999.9  000000 
121950 99999  19880407    45.5  7    35.8  7  1023.5  7  9999.9  0    5.1  7    2.8  7    5.8  999.9    59.0    30.4   0.00D 999.9  000000 
121950 99999  19880408    48.2  8    41.3  8  1006.1  8  9999.9  0    3.9  8    3.6  8    5.8  999.9    59.0    34.5   0.00D 999.9  000000 
121950 99999  19880409    37.5  8    28.6  8  1004.4  8  9999.9  0    7.6  8   14.8  8   25.3  999.9    41.9*   32.7*  0.00E 999.9  011000 
121950 99999  19880410    34.3  8    27.5  8  1011.4  8  9999.9  0    7.3  8   10.2  8   13.6  999.9    40.5    28.8   0.00E 999.9  011000 
121950 99999  19880411    35.8  4    29.7  4  1008.1  4  9999.9  0    7.5  4   18.5  4   23.3  999.9    45.9    32.9*  0.00E 999.9  011000 
121950 99999  19880412    38.9  8    33.6  8  1015.1  8  9999.9  0    7.0  8    7.8  8   11.7  999.9    45.7    32.4   0.00D 999.9  000000 
121950 99999  19880413    42.0  9    36.1  8  1009.7  9  9999.9  0    5.7  9    7.3  9   23.3  999.9    54.9    31.8*  0.01E 999.9  000000 
121950 99999  19880414    33.4  8    22.1  8  1020.7  8  9999.9  0   11.7  8   13.4  8   19.4  999.9    40.1    26.6   0.00F 999.9  001000 
121950 99999  19880415    36.0  8    24.9  8  1025.1  8  9999.9  0   12.4  8    3.2  8    5.8  999.9    47.3    23.9   0.00D 999.9  000000 
121950 99999  19880416    40.3  7    25.0  7  1023.1  7  9999.9  0    9.8  7    4.2  7    9.7  999.9    54.5    26.1   0.00C 999.9  000000 
121950 99999  19880417    47.6  8    32.2  8  1018.5  8  9999.9  0    8.5  8    8.3  8   13.6  999.9    59.9    30.7   0.00D 999.9  000000 
121950 99999  19880418    45.6  6    41.0  5  1014.9  6  9999.9  0    5.6  6    7.4  6   13.6  999.9    67.1    38.3*  0.00C 999.9  000000 
121950 99999  19880419    51.0  8    45.6  8  1015.8  7  9999.9  0    4.3  8    3.6  8    5.8  999.9    56.8    44.6   0.00D 999.9  100000 
121950 99999  19880420    55.5  8    45.7  8  1013.7  8  9999.9  0    5.3  8    2.9  8    7.8  999.9    67.8    45.3   0.00D 999.9  000000 
121950 99999  19880421    51.5  7    43.2  7  1011.9  7  9999.9  0    5.7  7    7.8  7   11.7  999.9    58.5    41.0*  0.00E 999.9  010000 
121950 99999  19880422    42.8  8    38.1  8  1009.0  8  9999.9  0    5.3  8    9.5  8   15.5  999.9    53.8*   34.7   0.00C 999.9  000000 
121950 99999  19880423    31.4  6    27.4  6  1007.6  6  9999.9  0    4.3  6   14.9  6   21.4  999.9    36.7    27.9*  0.37F 999.9  011000 
121950 99999  19880424    29.5  6    23.4  6  1008.6  6  9999.9  0    8.3  6   19.7  6   25.3  999.9    35.1    26.2   0.02F 999.9  011000 
121950 99999  19880425    33.2  7    23.6  7  1012.9  7  9999.9  0    6.2  7   14.2  7   21.4  999.9    38.8    25.7   0.04F   0.8  001000 
121950 99999  19880426    32.1  8    25.8  8  1018.9  8  9999.9  0    9.3  8   13.1  8   21.4  999.9    38.5    25.0   0.00E 999.9  011000 
121950 99999  19880427    33.4  8    27.0  8  1025.8  8  9999.9  0    9.3  8    5.3  8    7.8  999.9    36.7    29.3   0.00F 999.9  011000 
121950 99999  19880428    36.7  8    24.9  8  1028.2  8  9999.9  0    6.8  8    2.2  8    5.8  999.9    45.7    30.2*  0.00D 999.9  000000 
121950 99999  19880429    44.9  9    29.4  8  1022.4  9  9999.9  0   11.0  9    3.0  9    7.8  999.9    57.0    26.6   0.00D 999.9  000000 
121950 99999  19880430    50.0  8    35.8  8  1018.5  8  9999.9  0    7.0  8    5.6  8   11.7  999.9    62.1    31.6   0.00D 999.9  000000 
121950 99999  19880501    55.4  8    40.0  8  1013.5  8  9999.9  0    6.2  8    6.3  8   11.7  999.9    70.5    35.6   0.00D 999.9  000000 
121950 99999  19880502    60.5  8    46.6  8  1012.1  8  9999.9  0    4.8  8    4.6  8    9.7  999.9    71.6    45.7   0.00E 999.9  000000 
121950 99999  19880503    61.6  8    46.5  8  1007.8  8  9999.9  0    4.8  8    4.6  8    7.8  999.9    74.1    47.5*  0.00D 999.9  000000 
121950 99999  19880504    55.3  8    49.6  8  1008.0  8  9999.9  0    4.3  8    8.0  8   15.5  999.9    62.1    48.0*  0.04E 999.9  010000 
121950 99999  19880505    53.3  9    47.4  8  1012.6  9  9999.9  0    5.4  9    3.7  9    5.8  999.9    63.0    46.6*  0.04F 999.9  010000 
121950 99999  19880506    49.8  8    45.4  8  1017.9  8  9999.9  0    5.3  8   10.0  8   15.5  999.9    55.8    44.4   0.16F 999.9  010000 
121950 99999  19880507    49.8  8    42.0  8  1025.8  8  9999.9  0    9.2  8    9.5  8   11.7  999.9    59.0    43.2*  0.00E 999.9  010000 
121950 99999  19880508    51.3  8    36.5  8  1029.1  8  9999.9  0   10.9  8   10.2  8   13.6  999.9    61.2    41.0   0.00D 999.9  000000 
121950 99999  19880509    48.4  8    35.1  8  1025.9  8  9999.9  0   12.4  8    9.0  8   15.5  999.9    57.2    39.2   0.00D 999.9  000000 
121950 99999  19880510    42.8  8    37.0  8  1021.3  8  9999.9  0    8.5  8    9.2  8   13.6  999.9    45.1    37.4   0.00D 999.9  010000 
121950 99999  19880511    56.8  8    44.3  8  1021.0  8  9999.9  0   10.1  8    6.3  8    9.7  999.9    67.1    43.2   0.00E 999.9  000000 
121950 99999  19880512    57.1  8    42.2  8  1023.1  8  9999.9  0   11.7  8    5.3  8    9.7  999.9    67.1    42.6   0.00D 999.9  000000 
121950 99999  19880513    59.1  8    41.4  8  1021.1  8  9999.9  0   10.9  8    4.1  8    7.8  999.9    68.4    43.5   0.00D 999.9  000000 
121950 99999  19880514    59.3  8    39.1  8  1020.7  8  9999.9  0   10.9  8    7.0  8   17.5  999.9    70.7    45.3   0.00D 999.9  000000 
121950 99999  19880515    60.2  8    41.2  8  1019.4  8  9999.9  0   10.9  8    3.4  8    7.8  999.9    72.3    45.3   0.00D 999.9  000000 

















































































































































































































































































































































































































































































































































































































































































































































































































































































































































































