121950 99999  19860616    64.8  9    55.5  9  1023.6  9  9999.9  0    9.7  9    3.9  8    5.8  999.9    72.1    54.0   0.00D 999.9  000000 
121950 99999  19860617    65.4  8    53.6  8  1020.8  8  9999.9  0   11.7  8    3.4  8    5.8  999.9    75.9    48.2   0.00D 999.9  000000 
121950 99999  19860618    68.1  8    52.4  8  1019.1  8  9999.9  0   10.1  8    1.5  8    3.9  999.9    81.5    50.7   0.00D 999.9  000000 
121950 99999  19860619    70.0  8    58.8  8  1017.7  8  9999.9  0    7.7  8    3.9  8    7.8  999.9    82.8    55.0   0.01E 999.9  000010 
121950 99999  19860620    64.1  8    54.9  8  1015.8  8  9999.9  0    7.0  8    5.6  8    9.7  999.9    78.6    55.2   0.00D 999.9  000000 
121950 99999  19860621    57.2  8    52.9  8  1011.9  8  9999.9  0    7.0  8    8.0  8   15.5  999.9    63.5    51.6   0.00E 999.9  010000 
121950 99999  19860622    52.7  8    46.4  8  1010.8  8  9999.9  0    6.2  8   10.4  8   17.5  999.9    64.4    47.1   0.24E 999.9  010000 
121950 99999  19860623    51.6  8    46.2  8  1012.6  8  9999.9  0    7.8  8    7.5  8    9.7  999.9    61.0    43.9   0.12E 999.9  010000 
121950 99999  19860624    52.9  8    45.3  8  1015.7  7  9999.9  0    9.9  8    8.0  8   11.7  999.9    58.1*   45.9   0.00D 999.9  010000 
121950 99999  19860625    55.3  8    44.4  8  1019.1  8  9999.9  0    9.3  8    7.8  8   11.7  999.9    63.5    45.3   0.00D 999.9  000000 
121950 99999  19860626    62.7  7    45.6  7  1017.2  7  9999.9  0   11.5  7   11.4  7   15.5  999.9    74.5    48.2   0.00C 999.9  000000 
121950 99999  19860627    64.6  8    52.3  8  1018.7  8  9999.9  0   11.7  8    3.4  8    5.8  999.9    74.3    53.1   0.00D 999.9  000000 
121950 99999  19860628    66.1  8    53.2  8  1014.9  8  9999.9  0   12.4  8    5.1  8    7.8  999.9    76.1    53.6   0.00C 999.9  000000 
121950 99999  19860629    62.6  8    51.1  8  1011.6  8  9999.9  0   12.4  8    8.3  8   13.6  999.9    72.1    54.5   0.00D 999.9  000000 
121950 99999  19860630    63.1  8    50.4  8  1015.2  8  9999.9  0   12.4  8    7.0  8   11.7  999.9    74.3    52.3   0.00D 999.9  000000 
121950 99999  19860701    62.6  7    53.1  7  1018.5  7  9999.9  0   11.5  7    7.5  7   13.6  999.9    74.5    50.2   0.04D 999.9  000010 
121950 99999  19860702    67.4  8    53.6  8  1018.1  8  9999.9  0   11.7  8    6.1  8   11.7  999.9    81.5    50.7   0.00D 999.9  000000 
121950 99999  19860703    67.8  8    53.3  8  1016.4  8  9999.9  0   10.1  8    6.8  8   17.5  999.9    83.3    52.0   0.00D 999.9  000000 
121950 99999  19860704    69.3  8    52.2  8  1016.4  7  9999.9  0    5.3  8    5.8  8   13.6  999.9    86.0    48.9   0.00E 999.9  010010 
121950 99999  19860705    68.0  8    61.4  8  1015.3  8  9999.9  0    4.3  8    2.7  8    5.8  999.9    77.4    60.4   0.00B 999.9  000010 
121950 99999  19860706    74.6  8    58.3  8  1006.8  8  9999.9  0    4.8  8    6.1  8   13.6  999.9    84.2    58.6   0.00D 999.9  000010 
121950 99999  19860707    62.9  7    58.8  7  1003.9  7  9999.9  0    3.0  7    6.4  7   11.7  999.9    68.5*   58.5*  0.04C 999.9  010000 
121950 99999  19860708    56.7  8    53.6  8  1009.0  8  9999.9  0    7.3  8    5.3  8    7.8  999.9    61.0    52.9*  0.00H 999.9  010000 
121950 99999  19860709    54.3  8    48.1  8  1009.5  8  9999.9  0   10.1  8    6.8  8   15.5  999.9    62.8*   46.4   0.12E 999.9  010000 
121950 99999  19860710    52.6  8    42.5  8  1008.8  8  9999.9  0   10.9  8    7.3  8   13.6  999.9    61.7    41.7   0.00C 999.9  000000 
121950 99999  19860711    52.2  8    46.6  7  1006.3  8  9999.9  0   10.1  8    9.5  8   13.6  999.9    62.6    44.1   0.16C 999.9  010000 
121950 99999  19860712    55.8  8    47.0  8  1004.8  8  9999.9  0   11.7  8   14.6  8   23.3  999.9    61.7*   44.6   0.00D 999.9  010000 
121950 99999  19860713    54.6  8    47.8  8  1007.8  8  9999.9  0    8.5  8   13.1  8   17.5  999.9    60.8    50.2*  0.08E 999.9  010000 
121950 99999  19860714    53.2  8    50.6  8  1012.5  8  9999.9  0    4.7  8    8.0  8   13.6  999.9    55.9    48.2  99.99  999.9  010000 
121950 99999  19860715    58.4  8    52.2  8  1018.6  7  9999.9  0   11.7  8    5.8  8    7.8  999.9    65.5    52.3*  0.00D 999.9  000000 
121950 99999  19860716    62.1  8    53.3  8  1021.9  8  9999.9  0    7.3  8    7.3  8   11.7  999.9    73.2    46.8   0.00D 999.9  000000 
121950 99999  19860717    63.3  8    58.4  8  1018.6  8  9999.9  0    6.2  8    3.9  8    5.8  999.9    69.8    56.1*  0.00D 999.9  000000 
121950 99999  19860718    65.1  8    49.2  8  1016.2  8  9999.9  0    9.9  8    3.4  8    5.8  999.9    76.3    49.1   0.00D 999.9  000000 
121950 99999  19860719    61.9  8    56.9  8  1017.4  8  9999.9  0   10.9  8    5.8  8    9.7  999.9    69.4    52.9   0.00D 999.9  000000 
121950 99999  19860720    58.6  8    51.7  8  1020.0  8  9999.9  0   10.9  8    6.8  8    9.7  999.9    67.6    53.8   0.00C 999.9  000000 
121950 99999  19860721    54.4  8    50.8  8  1017.6  8  9999.9  0    6.1  8    4.1  8    5.8  999.9    61.0    48.9  99.99  999.9  010000 
121950 99999  19860722    60.2  8    47.4  8  1015.8  8  9999.9  0    9.6  8    2.2  8    3.9  999.9    71.2    44.8   0.00D 999.9  000000 
121950 99999  19860723    67.7  7    46.7  7  1013.0  7  9999.9  0   10.7  7    4.7  7    7.8  999.9    76.1    49.8   0.00D 999.9  000000 
121950 99999  19860724    64.7  8    56.9  8  1006.5  8  9999.9  0    6.5  8    8.3  8   15.5  999.9    79.3    57.4*  0.35E 999.9  010010 
121950 99999  19860725    54.3  9    52.1  9  1005.5  9  9999.9  0    5.8  9    8.0  9    9.7  999.9    59.4    49.5   0.55F 999.9  010000 
121950 99999  19860726    58.1  8    51.5  8  1010.4  8  9999.9  0    5.1  8    3.2  8    3.9  999.9    66.2    48.4   0.00C 999.9  000000 
121950 99999  19860727    62.2  7    56.1  7  1016.4  7  9999.9  0    6.2  7    5.0  7    9.7  999.9    72.0    55.9   0.04E 999.9  000010 
121950 99999  19860728    64.8  8    54.4  8  1021.9  7  9999.9  0    7.7  8    1.7  8    3.9  999.9    75.9    50.0   0.00D 999.9  000000 
121950 99999  19860729    67.4  7    57.8  7  1019.5  7  9999.9  0   10.7  7    3.3  7    5.8  999.9    78.8    55.8   0.00C 999.9  000000 
121950 99999  19860730    67.8  8    58.4  8  1014.7  8  9999.9  0    4.8  8    3.6  8    7.8  999.9    81.5    54.1   0.00D 999.9  000010 
121950 99999  19860731    64.4  8    55.4  8  1016.1  8  9999.9  0    7.9  8    3.2  8    5.8  999.9    72.7    57.4   0.04C 999.9  000000 
121950 99999  19860801    69.1  8    57.1  8  1017.0  8  9999.9  0    7.0  8    2.9  8    9.7  999.9    83.8    52.0   0.00D 999.9  000000 
121950 99999  19860802    63.8  8    54.6  8  1022.5  8  9999.9  0    7.3  8    3.2  8    7.8  999.9    74.1    56.7   0.12E 999.9  010000 
121950 99999  19860803    64.9  8    48.4  8  1024.7  8  9999.9  0   10.1  8    1.9  8    3.9  999.9    78.8    47.1   0.00D 999.9  000000 
121950 99999  19860804    69.4  7    55.9  7  1020.8  7  9999.9  0    8.9  7    4.4  7    9.7  999.9    84.2    53.6   0.00C 999.9  000000 
121950 99999  19860805    73.4  8    62.2  8  1015.7  8  9999.9  0    5.7  8    5.6  8    9.7  999.9    88.2    60.8   0.00D 999.9  000010 
121950 99999  19860806    62.6  8    50.9  8  1022.6  8  9999.9  0   12.4  8    8.5  8   15.5  999.9    72.3    53.8*  0.00D 999.9  000000 
121950 99999  19860807    60.7  8    43.2  8  1021.2  8  9999.9  0   12.4  8    1.7  8    3.9  999.9    74.3    41.7   0.00D 999.9  000000 
121950 99999  19860808    65.9  8    57.7  8  1014.8  8  9999.9  0   10.9  8    3.6  8    5.8  999.9    78.1    50.7   0.00D 999.9  100010 
121950 99999  19860809    63.9  7    53.7  7  1016.7  7  9999.9  0    8.0  7    4.4  7    5.8  999.9    71.4    52.5*  0.00D 999.9  000000 
121950 99999  19860810    61.7  8    49.8  8  1019.8  8  9999.9  0   10.1  8    4.9  8    9.7  999.9    72.7    51.4   0.00D 999.9  000000 
121950 99999  19860811    61.6  8    50.7  7  1018.7  8  9999.9  0    6.8  8    3.2  8    5.8  999.9    72.5    47.1   0.00D 999.9  000000 
121950 99999  19860812    62.2  9    48.0  8  1016.5  9  9999.9  0   10.4  9    3.5  9    7.8  999.9    72.0    46.8   0.00C 999.9  000000 
121950 99999  19860813    62.2  8    50.4  8  1012.1  8  9999.9  0   10.1  8    5.8  8    9.7  999.9    70.5    55.6*  0.00D 999.9  000000 
121950 99999  19860814    58.0  8    49.0  8  1015.7  8  9999.9  0   12.4  8    7.0  8   13.6  999.9    67.3    45.5   0.00C 999.9  000000 
121950 99999  19860815    57.8  7    44.1  7  1017.4  7  9999.9  0   10.7  7    6.4  7   11.7  999.9    69.8    45.5*  0.00C 999.9  000000 
121950 99999  19870616    58.6  8    55.9  8   997.8  8  9999.9  0    5.3  8    9.7  8   11.7  999.9    68.4    50.2*  0.39F 999.9  010010 
121950 99999  19870617    53.1  8    47.5  7  1010.2  8  9999.9  0    9.3  8    9.7  8   13.6  999.9    57.7    49.5*  0.08E 999.9  010000 
121950 99999  19870618    53.0  8    42.9  8  1009.7  8  9999.9  0    8.5  8    2.9  8    5.8  999.9    62.4    38.3   0.00D 999.9  000000 
121950 99999  19870619    51.6  8    44.7  8  1009.9  8  9999.9  0    6.8  8    7.8  8   13.6  999.9    59.0*   45.3   0.00D 999.9  000000 
121950 99999  19870620    55.8  8    46.7  8  1013.8  8  9999.9  0    7.3  8    1.9  8    5.8  999.9    66.6    41.9   0.00D 999.9  000000 
121950 99999  19870621    60.9  8    49.0  8  1015.4  8  9999.9  0    9.3  8    2.4  8    5.8  999.9    72.0    45.1*  0.00D 999.9  000000 
121950 99999  19870622    61.9  8    51.6  8  1017.3  8  9999.9  0    7.0  8    2.9  8    7.8  999.9    71.6    50.7   0.00D 999.9  000000 
121950 99999  19870623    61.0  8    52.8  8  1017.3  8  9999.9  0    3.9  8    4.4  8    7.8  999.9    70.7    49.8   0.00D 999.9  000010 
121950 99999  19870624    58.8  9    53.8  8  1013.0  9  9999.9  0    3.7  9    5.0  9    9.7  999.9    65.5    50.7*  0.98F 999.9  010010 
121950 99999  19870625    51.8  7    49.7  7  1013.5  7  9999.9  0    3.5  7    3.6  7    9.7  999.9    55.2    45.9   0.37F 999.9  010000 
121950 99999  19870626    56.7  8    50.4  8  1017.2  8  9999.9  0    9.3  8    4.6  8    9.7  999.9    65.7    41.7   0.00D 999.9  000000 
121950 99999  19870627    58.3  8    55.0  8  1016.3  8  9999.9  0    4.8  8    3.6  8    5.8  999.9    62.6    51.1*  0.20E 999.9  010000 
121950 99999  19870628    54.9  8    50.2  8  1019.4  8  9999.9  0    6.7  8    8.7  8   13.6  999.9    61.5    46.6*  0.25F 999.9  010000 
121950 99999  19870629    58.6  8    51.4  8  1023.7  8  9999.9  0   10.4  8    5.3  8    9.7  999.9    68.9    44.2   0.00D 999.9  010000 
121950 99999  19870630    67.6  7    61.1  7  1020.7  7  9999.9  0    7.3  7    3.1  7    5.8  999.9    75.9    58.1   0.04E 999.9  010000 
121950 99999  19870701    72.4  8    66.7  8  1014.8  8  9999.9  0    3.7  8    5.8  8    9.7  999.9    84.2    65.5   0.04E 999.9  010010 
121950 99999  19870702    61.5  8    52.6  8  1020.9  8  9999.9  0    8.0  8    6.6  8    7.8  999.9    69.1    51.3*  0.00C 999.9  000000 
121950 99999  19870703    57.9  8    50.6  8  1024.4  8  9999.9  0   12.4  8    4.6  8    5.8  999.9    67.3    45.7   0.00D 999.9  000000 
121950 99999  19870704    58.1  8    51.4  8  1021.9  8  9999.9  0   11.7  8    3.6  8    9.7  999.9    65.3    48.0   0.00D 999.9  000000 
121950 99999  19870705    60.5  8    50.2  8  1023.2  8  9999.9  0   11.7  8    6.6  8   11.7  999.9    68.0    52.9*  0.00D 999.9  000000 
121950 99999  19870706    59.8  8    49.6  8  1025.2  8  9999.9  0   10.9  8    2.4  8    5.8  999.9    70.9    44.2   0.00D 999.9  000000 
121950 99999  19870707    66.1  9    54.6  8  1019.6  9  9999.9  0   11.0  9    2.4  9    5.8  999.9    76.5    46.4   0.00D 999.9  000000 
121950 99999  19870708    68.9  8    57.5  8  1012.0  8  9999.9  0   12.4  8    4.4  8    9.7  999.9    79.9    52.5   0.00D 999.9  000000 
121950 99999  19870709    60.8  7    55.9  7  1009.7  7  9999.9  0    5.9  7    5.8  7    7.8  999.9    68.5    55.9*  0.71F 999.9  010000 
121950 99999  19870710    53.4  9    48.8  9  1013.2  9  9999.9  0    7.9  9   10.8  9   21.4  999.9    60.1    50.0   0.16E 999.9  010000 
121950 99999  19870711    53.2  8    48.3  8  1014.7  8  9999.9  0   10.1  8    8.0  8   13.6  999.9    59.0    48.0   0.02C 999.9  000000 
121950 99999  19870712    58.1  8    56.1  8  1011.0  8  9999.9  0    3.6  8    4.6  8    7.8  999.9    64.4    47.1   0.05F 999.9  110000 
121950 99999  19870713    55.9  9    52.7  9  1011.8  9  9999.9  0    6.4  9    9.7  9   15.5  999.9    63.1    50.0*  0.16E 999.9  010000 
121950 99999  19870714    55.6  8    52.7  8  1017.7  8  9999.9  0    6.5  8    7.3  8   11.7  999.9    60.3*   48.9   0.35F 999.9  010000 
121950 99999  19870715    58.0  8    50.7  8  1021.9  8  9999.9  0   10.1  8    2.2  8    5.8  999.9    66.4    47.8   0.00D 999.9  000000 
121950 99999  19870716    60.6  8    51.3  8  1019.1  8  9999.9  0   11.7  8    1.2  8    3.9  999.9    70.7    46.2   0.00D 999.9  000000 
121950 99999  19870717    61.7  8    51.9  8  1014.0  8  9999.9  0   10.9  8    4.9  8    7.8  999.9    70.9    48.9   0.00D 999.9  000000 
121950 99999  19870718    62.9  8    53.8  8  1012.5  8  9999.9  0   12.4  8    7.0  8    9.7  999.9    71.6    53.2   0.00D 999.9  000000 
121950 99999  19870719    61.8  7    49.4  7  1016.2  7  9999.9  0   10.7  7    4.4  7    7.8  999.9    72.5    48.4*  0.00D 999.9  000000 
121950 99999  19870720    60.3  8    55.6  8  1012.7  8  9999.9  0    9.3  8    5.1  8    7.8  999.9    67.5    54.1   0.12E 999.9  010010 
121950 99999  19870721    63.4  8    59.5  8  1013.9  8  9999.9  0    4.3  8    2.4  8    9.7  999.9    71.1    54.9   0.00D 999.9  000000 
121950 99999  19870722    68.2  7    63.4  7  1015.7  7  9999.9  0    2.8  7    1.7  7    5.8  999.9    75.4*   54.5   0.00H 999.9  010000 
121950 99999  19870723    66.2  8    63.6  8  1016.7  8  9999.9  0    3.0  8    2.4  8    7.8  999.9    74.3    60.3*  0.16E 999.9  000010 
121950 99999  19870724    63.3  8    58.6  8  1012.9  8  9999.9  0    3.3  8    2.9  8    5.8  999.9    73.8    51.8   0.08E 999.9  110010 
121950 99999  19870725    62.0  7    57.1  7  1008.2  7  9999.9  0    3.0  7    4.7  7    7.8  999.9    68.7    54.9   0.01E 999.9  000000 
121950 99999  19870726    56.5  8    50.1  8  1009.0  8  9999.9  0    8.5  8    3.4  8    7.8  999.9    65.1    49.8   0.00D 999.9  000000 
121950 99999  19870727    53.1  8    46.6  8  1006.1  8  9999.9  0    7.8  8    9.2  8   13.6  999.9    59.0    43.5   0.00D 999.9  000000 
121950 99999  19870728    55.2  8    50.6  8  1005.2  8  9999.9  0    7.3  8    7.5  8   11.7  999.9    63.5    48.9   0.00E 999.9  000000 
121950 99999  19870729    56.2  7    51.4  7  1012.8  7  9999.9  0    8.9  7    4.2  7    9.7  999.9    64.0    47.5   0.01E 999.9  000000 
121950 99999  19870730    58.8  8    49.2  8  1013.5  8  9999.9  0   11.7  8    2.4  8    5.8  999.9    67.3    47.5   0.00D 999.9  000000 
121950 99999  19870731    57.3  8    54.1  8  1009.1  8  9999.9  0    5.1  8    4.9  8    7.8  999.9    64.0    52.3*  0.55E 999.9  010000 
121950 99999  19870801    58.1  8    54.7  8  1006.6  8  9999.9  0    5.1  8    8.0  8    9.7  999.9    64.0    50.7   0.08E 999.9  010000 
121950 99999  19870802    56.4  6    49.8  6  1005.4  6  9999.9  0    9.7  6    5.2  6    9.7  999.9    64.4    50.9*  0.02E 999.9  010000 
121950 99999  19870803    53.7  6    49.6  6  1008.0  6  9999.9  0    8.7  6    3.9  6   11.7  999.9    61.5    46.0   0.00F 999.9  010000 
121950 99999  19870804    50.8  8    47.7  8  1007.6  8  9999.9  0    7.6  8    4.6  8    9.7  999.9    63.0    40.8   0.24F 999.9  010010 
121950 99999  19870805    53.5  9    48.3  8  1007.9  9  9999.9  0    6.9  9    6.5  9   11.7  999.9    62.6    47.5   0.00E 999.9  000000 
121950 99999  19870806    54.7  8    48.6  7  1006.5  8  9999.9  0    9.3  8    4.9  8    9.7  999.9    62.2    48.7*  0.00C 999.9  000000 
121950 99999  19870807    54.4  7    47.1  7  1009.7  7  9999.9  0   12.4  7   10.0  7   17.5  999.9    61.5    48.4*  0.00E 999.9  000000 
121950 99999  19870808    56.6  8    45.8  8  1013.3  8  9999.9  0    9.3  8    5.8  8   11.7  999.9    68.0    43.0   0.00D 999.9  000000 
121950 99999  19870809    57.9  8    50.4  8  1014.7  8  9999.9  0    5.3  8    5.1  8   11.7  999.9    65.5    46.2   0.00D 999.9  000000 
121950 99999  19870810    55.7  6    54.0  6  1008.8  6  9999.9  0    5.8  6    2.6  6    5.8  999.9    59.7    52.5*  0.24E 999.9  010000 
121950 99999  19870811    53.1  8    50.8  8  1008.2  8  9999.9  0    5.9  8   13.4  8   17.5  999.9    57.4    50.7*  0.20F 999.9  010000 
121950 99999  19870812    52.3  8    51.4  8  1008.5  8  9999.9  0    2.5  8   13.4  8   15.5  999.9    54.0    50.0   0.43F 999.9  010000 
121950 99999  19870813    56.2  8    53.0  8  1013.6  8  9999.9  0    6.4  8    5.1  8    7.8  999.9    66.2    49.1*  0.12D 999.9  000010 
121950 99999  19870814    55.0  5    51.2  5  1013.9  5  9999.9  0    3.5  5    2.7  5    5.8  999.9    64.4*   47.1   0.00C 999.9  100000 
121950 99999  19870815    56.2  8    54.4  8  1004.2  8  9999.9  0    4.2  8    6.6  8    9.7  999.9    59.0    53.8*  0.29F 999.9  010000 
121950 99999  19880616    56.5  7    50.4  7  1009.1  7  9999.9  0   12.0  7    8.6  7   13.6  999.9    66.2    47.1   0.00H 999.9  010000 
121950 99999  19880617    59.8  8    50.0  7  1005.8  8  9999.9  0   10.9  8    8.0  8    9.7  999.9    65.5    53.2   0.00E 999.9  000000 
121950 99999  19880618    58.6  8    49.3  8  1007.4  8  9999.9  0   12.4  8    7.0  8    9.7  999.9    68.0    49.8   0.00D 999.9  000000 
121950 99999  19880619    57.3  8    50.3  8  1010.5  8  9999.9  0   10.4  8    6.6  8   11.7  999.9    68.0    49.8   0.00F 999.9  010000 
121950 99999  19880620    58.6  8    50.4  8  1009.2  8  9999.9  0   10.9  8   10.0  8   11.7  999.9    69.8    48.9   0.00D 999.9  000000 
121950 99999  19880621    55.1  7    53.9  7  1004.2  7  9999.9  0    2.9  7    9.2  7   11.7  999.9    57.2    51.6   0.43F 999.9  010000 
121950 99999  19880622    58.4  8    57.4  8  1005.7  8  9999.9  0    4.1  8    7.0  8   11.7  999.9    61.3    55.0   0.04E 999.9  100000 
121950 99999  19880623    58.0  8    57.1  8  1011.0  8  9999.9  0    3.0  8    6.1  8    7.8  999.9    60.8    55.6   0.24F 999.9  010000 
121950 99999  19880624    59.0  8    57.4  8  1013.0  8  9999.9  0    4.3  8    3.6  8    7.8  999.9    63.0    55.6   0.02E 999.9  000000 
121950 99999  19880625    64.0  8    57.7  8  1014.1  8  9999.9  0    4.8  8    1.5  8    3.9  999.9    72.7    54.1   0.00D 999.9  000000 
121950 99999  19880626    63.9  7    60.0  7  1013.6  7  9999.9  0    5.7  7    2.5  7    5.8  999.9    73.4    58.3*  0.08E 999.9  000010 
121950 99999  19880627    65.3  8    57.3  7  1015.5  8  9999.9  0    5.1  8    1.7  8    3.9  999.9    76.3    49.3   0.00C 999.9  100000 
121950 99999  19880628    68.4  8    60.6  8  1013.0  8  9999.9  0    6.2  8    1.7  8    3.9  999.9    77.5    55.6   0.00D 999.9  000000 
121950 99999  19880629    68.1  8    63.5  8  1010.3  8  9999.9  0    5.3  8    3.2  8    5.8  999.9    74.5    61.9   0.04E 999.9  000000 
121950 99999  19880630    70.0  8    62.9  8  1013.4  8  9999.9  0    7.8  8    1.2  8    3.9  999.9    79.0    57.7   0.00D 999.9  000000 
121950 99999  19880701    70.5  8    64.6  8  1011.7  8  9999.9  0    4.8  8    1.5  8    3.9  999.9    82.8    58.6   0.79E 999.9  000010 
121950 99999  19880702    70.3  8    64.7  8  1002.4  8  9999.9  0    3.9  8    6.6  8   17.5  999.9    81.0    63.1   0.71E 999.9  010010 
121950 99999  19880703    64.7  8    60.4  8  1006.4  8  9999.9  0    7.1  8    3.4  8    7.8  999.9    71.1    59.4*  0.16E 999.9  010000 
121950 99999  19880704    64.3  7    59.1  7  1009.5  7  9999.9  0    4.0  7    1.7  7    5.8  999.9    76.8*   53.8   0.47E 999.9  010010 
121950 99999  19880705    68.2  6    59.0  6  1013.3  6  9999.9  0    6.7  6    3.6  6    9.7  999.9    76.1    59.4*  0.00C 999.9  100000 
121950 99999  19880706    66.4  8    62.5  8  1013.0  8  9999.9  0    8.1  8    4.1  8    9.7  999.9    78.1    58.1   0.20F 999.9  000010 
121950 99999  19880707    64.7  8    58.4  8  1017.0  8  9999.9  0    7.3  8    6.6  8   11.7  999.9    73.4    54.7   0.00D 999.9  000000 
121950 99999  19880708    62.5  8    57.7  8  1016.3  8  9999.9  0    6.8  8    5.3  8    9.7  999.9    69.8    58.5   0.06F 999.9  010000 
121950 99999  19880709    61.4  7    54.6  7  1014.8  7  9999.9  0    8.3  7    1.9  7    3.9  999.9    68.4*   51.1   0.00C 999.9  000000 
121950 99999  19880710    58.1  8    55.9  8  1017.5  8  9999.9  0    6.1  8    5.6  8   11.7  999.9    64.4    50.9   0.16E 999.9  110000 
121950 99999  19880711    61.9  8    52.4  8  1020.7  8  9999.9  0   12.4  8    1.9  8    3.9  999.9    72.5    49.8   0.00D 999.9  000000 
121950 99999  19880712    65.3  8    56.0  8  1016.8  8  9999.9  0   12.4  8    2.9  8    7.8  999.9    75.9    51.1   0.00D 999.9  000000 
121950 99999  19880713    66.4  8    58.1  8  1014.8  8  9999.9  0    5.7  8    4.4  8    5.8  999.9    75.2    57.4   0.00D 999.9  000000 
121950 99999  19880714    69.9  8    61.2  8  1011.3  8  9999.9  0    7.8  8    1.5  8    3.9  999.9    81.0    53.2   0.00D 999.9  000000 
121950 99999  19880715    63.7  8    56.3  8  1012.4  8  9999.9  0   10.9  8    6.3  8    9.7  999.9    71.2    56.7*  0.00D 999.9  000000 
121950 99999  19880716    62.7  8    55.1  8  1012.5  8  9999.9  0    8.5  8    1.7  8    3.9  999.9    70.7    51.1   0.00D 999.9  000000 
121950 99999  19880717    58.8  8    56.7  8  1012.1  8  9999.9  0    4.8  8    5.1  8    7.8  999.9    60.6    56.8*  1.18F 999.9  010000 
121950 99999  19880718    60.3  8    55.2  8  1011.7  8  9999.9  0    4.3  8    3.6  8    7.8  999.9    68.7    54.7   0.24E 999.9  010010 
121950 99999  19880719    61.5  9    54.1  8  1011.7  9  9999.9  0    5.0  9    1.9  9    3.9  999.9    70.7    52.5   0.47E 999.9  000010 
121950 99999  19880720    63.5  8    57.5  8  1015.2  8  9999.9  0    5.0  8    2.2  8    5.8  999.9    74.7    50.4   0.00D 999.9  100010 
121950 99999  19880721    66.8  8    58.4  8  1015.9  8  9999.9  0    5.3  8    3.6  8    5.8  999.9    74.8    60.1   0.00D 999.9  000000 
121950 99999  19880722    66.2  8    59.0  8  1015.7  8  9999.9  0    5.7  8    0.7  8    3.9  999.9    73.8    55.0   0.00D 999.9  000000 
121950 99999  19880723    68.4  8    63.1  8  1014.0  8  9999.9  0    6.8  8    4.9  8    7.8  999.9    77.0    59.7   0.00D 999.9  000000 
121950 99999  19880724    69.1  8    62.5  7  1016.9  8  9999.9  0    5.6  8    0.0  8  999.9  999.9    82.0    60.8   0.00D 999.9  000000 
121950 99999  19880725    66.7  9    62.6  8  1017.7  9  9999.9  0    6.2  9    7.3  9   15.5  999.9    74.7*   57.7*  0.00D 999.9  000000 
121950 99999  19880726    64.5  7    50.7  7  1022.3  7  9999.9  0   10.1  7    2.5  7    5.8  999.9    75.6*   50.5*  0.00C 999.9  000000 
121950 99999  19880727    67.5  8    57.4  8  1018.0  8  9999.9  0   11.7  8    4.4  8    9.7  999.9    80.1    52.5   0.00D 999.9  000000 
121950 99999  19880728    58.4  8    55.1  7  1012.5  8  9999.9  0    8.4  8    9.5  8   17.5  999.9    61.2    54.9*  0.31F 999.9  010010 
121950 99999  19880729    60.7  6    52.6  6  1013.8  6  9999.9  0    8.3  6    5.2  6    7.8  999.9    72.0    49.3*  0.00E 999.9  010000 
121950 99999  19880730    60.2  8    53.8  8  1014.5  8  9999.9  0    6.8  8    3.9  8    9.7  999.9    68.5    51.1*  0.13F 999.9  010000 
121950 99999  19880731    61.8  7    53.7  7  1021.6  7  9999.9  0   10.7  7    4.4  7    7.8  999.9    68.7    44.8   0.00D 999.9  000000 
121950 99999  19880801    63.1  8    54.8  8  1019.8  8  9999.9  0   11.7  8    3.9  8    9.7  999.9    71.6    56.8   0.00D 999.9  000000 
121950 99999  19880802    58.8  7    54.8  7  1012.8  7  9999.9  0    5.7  7    3.1  7    7.8  999.9    64.8    47.1   0.39E 999.9  010010 
121950 99999  19880803    57.6  9    49.8  8  1009.5  9  9999.9  0    5.8  9    5.4  9    7.8  999.9    63.3    48.2   0.04E 999.9  010000 
121950 99999  19880804    55.2  7    51.3  7  1011.6  7  9999.9  0    5.1  7    7.2  7   13.6  999.9    64.8    49.6   0.30F 999.9  010000 
121950 99999  19880805    56.8  8    51.8  8  1012.0  8  9999.9  0    6.2  7    7.0  8   13.6  999.9    64.8    48.6   0.01E 999.9  010000 
121950 99999  19880806    59.8 10    49.7  9  1012.1  9  9999.9  0    9.3 10   11.5 10   21.4  999.9    68.4    49.6   0.01E 999.9  010000 
121950 99999  19880807    61.0  8    55.0  8  1013.0  8  9999.9  0    6.2  8    9.5  8   11.7  999.9    67.6    54.5*  0.00E 999.9  000000 
121950 99999  19880808    58.6  8    53.8  8  1015.6  8  9999.9  0   10.9  8    5.6  8    7.8  999.9    69.8    50.4   0.04E 999.9  010000 
121950 99999  19880809    61.7  8    55.5  8  1014.5  8  9999.9  0    9.3  8    6.6  8   11.7  999.9    73.8    52.7   0.01E 999.9  000000 
121950 99999  19880810    60.7  8    50.2  8  1012.8  8  9999.9  0   10.1  8    3.4  8    7.8  999.9    72.5    46.4   0.00D 999.9  000000 
121950 99999  19880811    63.9  8    55.8  8  1012.0  8  9999.9  0    7.5  8    4.1  8    5.8  999.9    76.1    47.1   0.00D 999.9  000000 
121950 99999  19880812    65.0  9    58.7  9  1012.1  9  9999.9  0    4.7  9    5.4  9   11.7  999.9    74.3*   58.6   0.00D 999.9  100000 
121950 99999  19880813    63.0  8    58.0  8  1012.0  8  9999.9  0    5.7  8    4.4  8    9.7  999.9    75.2    52.5   0.00C 999.9  000010 
121950 99999  19880814    60.3  8    51.0  8  1016.1  8  9999.9  0   10.1  8    8.0  8   13.6  999.9    69.8    51.1   0.00D 999.9  000000 
121950 99999  19880815    64.0  8    54.6  8  1014.1  8  9999.9  0    8.5  8    2.7  8    7.8  999.9    78.8    45.7   0.00D 999.9  000000 

































































































































































































































































































































































































































































































































































































































































































































































































































































































































































































































































































































































































































































































































