0,528181818181818 0,414736842105263 -0,552 0,375396825396825 0,58968253968254 -1 -1 -1 -1 -1 -1 
0,435454545454545 0,438947368421053 -0,496 0,287301587301587 0,501587301587302 -1 -1 -1 1 -1 -1 
0,445454545454545 0,433684210526316 -0,576 0,271428571428571 0,485714285714286 -1 -1 -1 1 -1 -1 
0,480909090909091 0,463157894736842 -0,768 0,374603174603175 0,588888888888889 -1 -1 -1 1 -1 -1 
0,440909090909091 0,48 -0,576 0,311111111111111 0,525396825396825 -0,996 -1 -1 1 -1 -1 
0,482727272727273 0,671578947368421 -0,36 0,346825396825397 0,561111111111111 -1 -1 -1 1 -1 -1 
0,49 0,674736842105262 -0,184 0,367460317460317 0,581746031746032 -1 -1 -1 1 -1 -1 
0,389090909090909 0,692631578947368 0,264 0,276984126984127 0,491269841269841 -1 -1 -1 -1 -1 -1 
0,315454545454545 0,74 -0,128 0,234126984126984 0,448412698412698 -1 -1 -1 -1 -1 -1 
0,287272727272727 0,751578947368422 -0,416 0,207142857142857 0,421428571428571 -1 -1 -1 -1 -1 -1 
0,536363636363636 0,613684210526315 -0,64 0,396825396825397 0,611111111111111 -1 -1 1 1 -1 -1 
0,442727272727273 0,548421052631579 -0,768 0,361111111111111 0,575396825396825 -1 -1 -1 -1 -1 -1 
0,491818181818182 0,557894736842105 -0,592 0,355555555555556 0,56984126984127 -1 -1 -1 1 -1 -1 
0,524545454545455 0,442105263157895 -0,272 0,391269841269841 0,605555555555556 -1 1 -1 1 -1 -1 
0,553636363636364 0,367368421052631 0,168 0,401587301587302 0,615873015873016 -0,904 -1 1 1 -1 -1 
0,434545454545455 0,44 -0,376 0,296031746031746 0,51031746031746 -0,904 -1 -1 1 -1 -1 
0,355454545454545 0,621052631578947 -0,648 0,231746031746032 0,446031746031746 -1 -1 -1 1 -1 -1 
0,363636363636364 0,654736842105264 -0,728 0,246031746031746 0,46031746031746 -1 -1 -1 1 -1 -1 
0,352727272727273 0,526315789473684 -0,584 0,248412698412698 0,462698412698413 -1 -1 -1 1 -1 -1 
0,325454545454545 0,441052631578947 -0,36 0,215873015873016 0,43015873015873 -1 -1 -1 1 -1 -1 
0,616363636363636 0,347368421052632 -0,272 0,458730158730159 0,673015873015873 -0,94 -1 1 -1 -1 -1 
0,620909090909091 0,345263157894736 -0,16 0,455555555555556 0,66984126984127 -0,936 -1 1 -1 -1 -1 
0,644545454545455 0,270526315789474 0,4 0,485714285714286 0,7 -0,716 -1 1 -1 -1 1 
0,552727272727273 0,391578947368422 0,352 0,424603174603175 0,638888888888889 -0,828 -1 1 1 -1 -1 
0,501818181818182 0,574736842105263 -0,0559999999999999 0,378571428571429 0,592857142857143 -0,988 -1 1 1 1 -1 
0,414545454545455 0,515789473684211 -0,144 0,288888888888889 0,503174603174603 -0,972 -1 -1 1 -1 -1 
0,393636363636364 0,488421052631579 0,368 0,184126984126984 0,398412698412698 -0,948 -1 -1 1 -1 -1 
0,2 0,79578947368421 -0,48 0,0817460317460317 0,296031746031746 -1 -1 -1 -1 -1 -1 
0,365454545454545 0,727368421052631 -0,384 0,0746031746031746 0,288888888888889 -1 -1 -1 1 -1 -1 
0,515454545454546 0,650526315789473 -0,168 0,337301587301587 0,551587301587302 -1 1 -1 -1 -1 -1 
0,448181818181818 0,781052631578948 -0,608 0,294444444444444 0,508730158730159 -1 -1 1 1 -1 -1 
0,594545454545455 0,598947368421052 -0,256 0,41984126984127 0,634126984126984 -0,968 -1 1 -1 -1 -1 
0,581818181818182 0,587368421052631 -0,176 0,434126984126984 0,648412698412698 -0,968 -1 1 -1 -1 -1 
0,553636363636364 0,657894736842105 -0,504 0,41984126984127 0,634126984126984 -0,988 -1 1 -1 -1 -1 
0,552727272727273 0,632631578947367 -0,192 0,414285714285714 0,628571428571429 -1 -1 -1 -1 -1 -1 
0,549090909090909 0,346315789473684 -0,16 0,417460317460317 0,631746031746032 -0,984 -1 1 1 -1 -1 
0,519090909090909 0,477894736842105 -0,448 0,385714285714286 0,6 -1 -1 -1 1 -1 -1 
0,591818181818182 0,528421052631579 -0,32 0,408730158730159 0,623015873015873 -0,968 -1 1 -1 -1 -1 
0,578181818181818 0,597894736842105 -0,472 0,428571428571429 0,642857142857143 -1 1 -1 -1 -1 -1 
0,56 0,632631578947367 -0,4 0,424603174603175 0,638888888888889 -1 1 1 -1 -1 -1 
0,556363636363636 0,75578947368421 -0,552 0,414285714285714 0,628571428571429 -1 1 1 -1 -1 -1 
0,513636363636364 0,826315789473684 -0,608 0,388888888888889 0,603174603174603 -1 -1 -1 -1 -1 -1 
0,509090909090909 0,76 -0,36 0,384126984126984 0,598412698412699 -1 -1 -1 -1 -1 -1 
0,510909090909091 0,630526315789475 -0,472 0,41031746031746 0,624603174603175 -1 -1 -1 1 -1 -1 
0,512727272727273 0,541052631578947 -0,368 0,4 0,614285714285714 -1 -1 -1 1 -1 -1 
0,444545454545455 0,383157894736842 -0,512 0,253968253968254 0,468253968253968 -0,984 -1 -1 1 -1 -1 
0,468181818181818 0,529473684210526 -0,224 0,265873015873016 0,48015873015873 -0,992 -1 -1 1 -1 -1 
0,549090909090909 0,590526315789474 -0,416 0,407142857142857 0,621428571428571 -0,984 -1 1 -1 -1 -1 
0,482727272727273 0,589473684210526 -0,576 0,368253968253968 0,582539682539683 -1 -1 -1 1 -1 -1 
0,410909090909091 0,511578947368421 -0,864 0,271428571428571 0,485714285714286 -1 -1 -1 1 -1 -1 
0,51 0,321052631578947 -0,28 0,388888888888889 0,603174603174603 -1 -1 -1 -1 -1 -1 
0,518181818181818 0,368421052631579 -0,712 0,36984126984127 0,584126984126984 -0,968 1 1 1 -1 -1 
0,528181818181818 0,363157894736842 -0,36 0,351587301587302 0,565873015873016 -0,936 -1 -1 1 -1 -1 
0,527272727272727 0,413684210526315 -0,496 0,38968253968254 0,603968253968254 -1 -1 -1 -1 -1 -1 
0,534545454545455 0,371578947368421 -0,24 0,375396825396825 0,58968253968254 -1 -1 1 -1 -1 -1 
0,426363636363636 0,521052631578947 -0,712 0,303174603174603 0,517460317460318 -1 -1 -1 1 -1 -1 
0,359090909090909 0,65578947368421 -0,88 0,25 0,464285714285714 -1 -1 -1 1 -1 -1 
0,373636363636364 0,618947368421052 -0,672 0,226984126984127 0,441269841269841 -1 -1 -1 1 -1 -1 
0,436363636363636 0,591578947368422 -0,44 0,312698412698413 0,526984126984127 -1 -1 -1 -1 -1 -1 
0,415454545454545 0,625263157894738 -0,496 0,284126984126984 0,498412698412698 -1 -1 -1 -1 -1 -1 
0,593636363636364 0,253684210526316 -0,512 0,461111111111111 0,675396825396825 -1 -1 1 -1 -1 -1 
0,568181818181818 0,225263157894737 -0,576 0,418253968253968 0,632539682539683 -1 -1 1 -1 -1 -1 
0,522727272727273 0,3 -0,2 0,403174603174603 0,617460317460317 -0,988 -1 -1 1 -1 -1 
0,474545454545455 0,553684210526316 -0,272 0,341269841269841 0,555555555555556 -0,968 -1 -1 1 -1 -1 
0,371818181818182 0,762105263157896 -0,688 0,205555555555556 0,41984126984127 -1 -1 -1 1 -1 -1 
0,360909090909091 0,723157894736843 -0,024 0,242857142857143 0,457142857142857 -1 -1 -1 1 -1 -1 
0,372727272727273 0,753684210526315 -0,224 0,261111111111111 0,475396825396825 -1 -1 -1 -1 -1 -1 
0,353636363636364 0,670526315789474 -0,376 0,238888888888889 0,453174603174603 -1 -1 -1 -1 -1 -1 
0,422727272727273 0,512631578947369 -0,0640000000000001 0,296031746031746 0,51031746031746 -1 -1 -1 1 -1 -1 
0,560909090909091 0,302105263157895 -0,00800000000000001 0,362698412698413 0,576984126984127 -0,92 -1 1 -1 -1 -1 
0,488181818181818 0,398947368421052 -0,032 0,355555555555556 0,56984126984127 -1 -1 -1 1 -1 -1 
0,489090909090909 0,45578947368421 -0,744 0,351587301587302 0,565873015873016 -0,992 -1 -1 1 -1 -1 
0,578181818181818 0,446315789473684 -0,688 0,392857142857143 0,607142857142857 -0,964 1 1 1 -1 -1 
0,585454545454546 0,542105263157895 -0,24 0,457142857142857 0,671428571428571 -0,984 -1 -1 -1 -1 -1 
0,59 0,517894736842106 -0,44 0,41984126984127 0,634126984126984 -1 -1 -1 -1 -1 -1 
0,55 0,589473684210526 -0,2 0,41984126984127 0,634126984126984 -0,984 -1 -1 -1 -1 -1 
0,559090909090909 0,64 -0,664 0,396825396825397 0,611111111111111 -0,996 1 1 -1 -1 -1 
0,511818181818182 0,44421052631579 0 0,365873015873016 0,58015873015873 -0,996 -1 -1 1 -1 -1 
0,562727272727273 0,376842105263157 -0,088 0,412698412698413 0,626984126984127 -0,952 -1 1 1 -1 -1 
0,560909090909091 0,266315789473684 -0,024 0,41984126984127 0,634126984126984 -0,876 -1 1 1 -1 -1 
0,508181818181818 0,573684210526316 -0,168 0,382539682539683 0,596825396825397 -0,992 -1 -1 1 -1 -1 
0,505454545454545 0,598947368421052 -0,0479999999999999 0,376984126984127 0,591269841269841 -1 -1 -1 -1 -1 -1 
0,566363636363636 0,471578947368421 0,144 0,437301587301587 0,651587301587301 -0,96 -1 1 1 -1 -1 
0,505454545454545 0,612631578947369 -0,0640000000000001 0,408730158730159 0,623015873015873 -1 -1 -1 1 -1 -1 
0,523636363636364 0,536842105263158 -0,32 0,382539682539683 0,596825396825397 -0,936 -1 1 1 -1 -1 
0,545454545454545 0,64 -0,512 0,423015873015873 0,637301587301587 -1 -1 -1 -1 -1 -1 
0,516363636363636 0,667368421052633 -0,648 0,38015873015873 0,594444444444444 -1 -1 -1 -1 -1 -1 
0,5 0,673684210526316 -0,624 0,364285714285714 0,578571428571429 -1 -1 -1 -1 -1 -1 
0,484545454545455 0,64 -0,728 0,334126984126984 0,548412698412698 -1 -1 -1 1 -1 -1 
0,544545454545455 0,606315789473684 -0,888 0,398412698412698 0,612698412698413 -0,936 1 -1 1 -1 -1 
0,534545454545455 0,451578947368421 -0,592 0,38968253968254 0,603968253968254 -0,992 1 1 1 -1 -1 
0,439090909090909 0,482105263157894 -0,536 0,312698412698413 0,526984126984127 -0,968 -1 -1 1 -1 -1 
0,358181818181818 0,617894736842106 -0,512 0,244444444444444 0,458730158730159 -0,992 -1 -1 1 -1 -1 
0,395454545454545 0,651578947368422 -0,592 0,187301587301587 0,401587301587302 -1 -1 -1 1 -1 -1 
0,486363636363636 0,521052631578947 -0,6 0,357142857142857 0,571428571428571 -0,968 -1 -1 1 -1 -1 
