0,539090909090909 0,433684210526316 -0,536 0,364285714285714 0,578571428571429 -1 1 1 -1 -1 -1 1 -1 1 -1 0,527272727272727 0,431578947368421 -0,264 0,407142857142857 0,621428571428571 -1 -1 -1 1 -1 -1 0,475454545454545 0,477894736842105 -0,632 0,325396825396825 0,53968253968254 -0,996 1 -1 1 -1 -1 0,568181818181818 0,456842105263158 -0,984 0,405555555555556 0,61984126984127 -0,944 1 1 -1 -1 -1 0,528181818181818 0,414736842105263 -0,552 0,375396825396825 0,58968253968254 -1 -1 -1 -1 -1 -1 
0,473636363636364 0,473684210526316 -0,464 0,357142857142857 0,571428571428571 -1 -1 -1 -1 -1 -1 1 -1 -1 1 0,467272727272727 0,441052631578947 -0,416 0,388888888888889 0,603174603174603 -0,996 -1 -1 1 -1 -1 0,519090909090909 0,438947368421053 -0,28 0,36984126984127 0,584126984126984 -1 1 -1 1 -1 -1 0,5 0,509473684210526 -0,904 0,292857142857143 0,507142857142857 -0,904 1 1 1 -1 -1 0,435454545454545 0,438947368421053 -0,496 0,287301587301587 0,501587301587302 -1 -1 -1 1 -1 -1 
0,452727272727273 0,445263157894736 -0,496 0,353968253968254 0,568253968253968 -1 -1 -1 -1 -1 -1 -1 1 -1 1 0,493636363636364 0,411578947368421 -0,288 0,41031746031746 0,624603174603175 -1 -1 -1 -1 -1 -1 0,401818181818182 0,467368421052631 0,032 0,28968253968254 0,503968253968254 -0,86 -1 -1 1 -1 -1 0,455454545454545 0,498947368421052 -1 0,278571428571429 0,492857142857143 -1 1 -1 -1 -1 -1 0,445454545454545 0,433684210526316 -0,576 0,271428571428571 0,485714285714286 -1 -1 -1 1 -1 -1 
0,490909090909091 0,475789473684211 -0,848 0,353968253968254 0,568253968253968 -1 -1 -1 1 -1 -1 1 -1 -1 1 0,525454545454545 0,487368421052631 -0,656 0,38968253968254 0,603968253968254 -1 -1 -1 1 -1 -1 0,396363636363636 0,498947368421052 -0,592 0,261111111111111 0,475396825396825 -1 1 -1 -1 -1 -1 0,467272727272727 0,473684210526316 -1 0,303968253968254 0,518253968253968 -1 1 -1 -1 -1 -1 0,480909090909091 0,463157894736842 -0,768 0,374603174603175 0,588888888888889 -1 -1 -1 1 -1 -1 
0,487272727272727 0,485263157894737 -0,4 0,358730158730159 0,573015873015873 -1 -1 -1 1 -1 -1 -1 1 1 -1 0,512727272727273 0,533684210526316 -0,736 0,338888888888889 0,553174603174603 -1 -1 -1 1 -1 -1 0,439090909090909 0,446315789473684 -0,464 0,284126984126984 0,498412698412698 -0,968 1 -1 1 -1 -1 0,492727272727273 0,502105263157895 -0,984 0,337301587301587 0,551587301587302 -1 1 -1 -1 -1 -1 0,440909090909091 0,48 -0,576 0,311111111111111 0,525396825396825 -0,996 -1 -1 1 -1 -1 
0,510909090909091 0,610526315789474 -0,0640000000000001 0,36984126984127 0,584126984126984 -1 -1 -1 -1 -1 -1 -1 1 -1 1 0,522727272727273 0,532631578947369 0,04 0,408730158730159 0,623015873015873 -1 -1 -1 -1 -1 -1 0,465454545454545 0,723157894736843 -0,28 0,33015873015873 0,544444444444444 -1 -1 -1 1 -1 -1 0,522727272727273 0,556842105263158 -0,944 0,33968253968254 0,553968253968254 -1 -1 -1 -1 -1 -1 0,482727272727273 0,671578947368421 -0,36 0,346825396825397 0,561111111111111 -1 -1 -1 1 -1 -1 
0,520909090909091 0,606315789473684 -0,0479999999999999 0,394444444444444 0,608730158730159 -1 -1 -1 1 -1 -1 -1 1 1 -1 0,541818181818182 0,543157894736842 -0,04 0,424603174603175 0,638888888888889 -1 -1 -1 -1 -1 -1 0,41 0,777894736842106 0,104 0,291269841269841 0,505555555555556 -1 -1 -1 -1 -1 -1 0,530909090909091 0,560000000000001 -0,944 0,371428571428571 0,585714285714286 -1 1 -1 -1 -1 -1 0,49 0,674736842105262 -0,184 0,367460317460317 0,581746031746032 -1 -1 -1 1 -1 -1 
0,479090909090909 0,604210526315789 0,128 0,324603174603175 0,538888888888889 -1 -1 -1 1 -1 -1 1 -1 1 -1 0,532727272727273 0,488421052631579 -0,184 0,425396825396825 0,63968253968254 -1 -1 -1 -1 -1 -1 0,279090909090909 0,825263157894738 -0,128 0,187301587301587 0,401587301587302 -1 -1 -1 -1 -1 -1 0,565454545454545 0,523157894736843 -0,864 0,417460317460317 0,631746031746032 -1 -1 -1 -1 -1 -1 0,389090909090909 0,692631578947368 0,264 0,276984126984127 0,491269841269841 -1 -1 -1 -1 -1 -1 
0,369090909090909 0,636842105263158 0,48 0,284126984126984 0,498412698412698 -1 -1 -1 -1 -1 -1 -1 1 1 -1 0,490909090909091 0,525263157894737 0,0640000000000001 0,375396825396825 0,58968253968254 -1 -1 1 1 -1 -1 0,252727272727273 0,792631578947368 -0,552 0,15 0,364285714285714 -1 -1 -1 -1 -1 -1 0,56 0,52 -0,728 0,408730158730159 0,623015873015873 -0,748 -1 1 1 -1 -1 0,315454545454545 0,74 -0,128 0,234126984126984 0,448412698412698 -1 -1 -1 -1 -1 -1 
0,336363636363636 0,691578947368422 -0,376 0,246031746031746 0,46031746031746 -1 -1 -1 -1 -1 -1 1 -1 1 -1 0,412727272727273 0,623157894736843 -0,16 0,337301587301587 0,551587301587302 -1 -1 -1 -1 -1 -1 0,23 0,762105263157896 -0,592 0,153968253968254 0,368253968253968 -1 -1 -1 1 -1 -1 0,477272727272727 0,602105263157895 -0,768 0,334126984126984 0,548412698412698 -0,92 -1 -1 1 -1 -1 0,287272727272727 0,751578947368422 -0,416 0,207142857142857 0,421428571428571 -1 -1 -1 -1 -1 -1 
0,490909090909091 0,603157894736842 -0,792 0,362698412698413 0,576984126984127 -1 -1 -1 1 -1 -1 -1 1 1 -1 0,540909090909091 0,577894736842105 -0,584 0,41031746031746 0,624603174603175 -1 -1 1 -1 -1 -1 0,452727272727273 0,648421052631578 -0,496 0,368253968253968 0,582539682539683 -1 -1 -1 1 -1 -1 0,485454545454545 0,62 -0,984 0,348412698412698 0,562698412698413 -0,968 -1 -1 1 -1 -1 0,536363636363636 0,613684210526315 -0,64 0,396825396825397 0,611111111111111 -1 -1 1 1 -1 -1 
0,475454545454545 0,550526315789473 -0,712 0,324603174603175 0,538888888888889 -1 -1 -1 -1 -1 -1 -1 1 1 -1 0,546363636363636 0,532631578947369 -0,712 0,371428571428571 0,585714285714286 -1 -1 1 -1 -1 -1 0,473636363636364 0,550526315789473 -0,416 0,373015873015873 0,587301587301587 -1 -1 -1 1 -1 -1 0,499090909090909 0,592631578947368 -1 0,342857142857143 0,557142857142857 -1 1 -1 -1 -1 -1 0,442727272727273 0,548421052631579 -0,768 0,361111111111111 0,575396825396825 -1 -1 -1 -1 -1 -1 
0,531818181818182 0,566315789473684 -0,76 0,31984126984127 0,534126984126984 -1 -1 -1 1 -1 -1 -1 1 1 -1 0,555454545454545 0,556842105263158 -0,8 0,417460317460317 0,631746031746032 -1 -1 -1 -1 -1 -1 0,362727272727273 0,615789473684211 -0,264 0,238888888888889 0,453174603174603 -0,988 -1 -1 1 -1 -1 0,501818181818182 0,589473684210526 -1 0,371428571428571 0,585714285714286 -0,904 -1 -1 1 -1 -1 0,491818181818182 0,557894736842105 -0,592 0,355555555555556 0,56984126984127 -1 -1 -1 1 -1 -1 
0,533636363636364 0,472631578947368 -0,552 0,391269841269841 0,605555555555556 -1 1 -1 1 -1 -1 -1 1 1 -1 0,568181818181818 0,430526315789473 0,112 0,448412698412698 0,662698412698413 -0,996 -1 1 -1 -1 -1 0,32 0,572631578947368 -0,144 0,238888888888889 0,453174603174603 -0,968 -1 -1 1 -1 -1 0,488181818181818 0,513684210526315 -1 0,33968253968254 0,553968253968254 -0,976 1 -1 1 -1 -1 0,524545454545455 0,442105263157895 -0,272 0,391269841269841 0,605555555555556 -1 1 -1 1 -1 -1 
0,536363636363636 0,46 -0,2 0,392857142857143 0,607142857142857 -1 -1 -1 1 -1 -1 -1 1 1 -1 0,581818181818182 0,481052631578948 0,176 0,446825396825397 0,661111111111111 -1 -1 1 1 -1 -1 0,382727272727273 0,468421052631579 0,0880000000000001 0,251587301587302 0,465873015873016 -0,988 -1 -1 1 -1 -1 0,517272727272727 0,538947368421053 -0,984 0,373015873015873 0,587301587301587 -1 1 -1 -1 -1 -1 0,553636363636364 0,367368421052631 0,168 0,401587301587302 0,615873015873016 -0,904 -1 1 1 -1 -1 
0,445454545454545 0,441052631578947 -0,376 0,321428571428571 0,535714285714286 -0,992 -1 -1 1 -1 -1 1 -1 1 -1 0,472727272727273 0,484210526315789 0,032 0,367460317460317 0,581746031746032 -1 -1 -1 1 -1 -1 0,399090909090909 0,5 -0,32 0,23968253968254 0,453968253968254 -0,992 -1 -1 1 -1 -1 0,397272727272727 0,494736842105263 -1 0,253174603174603 0,467460317460317 -1 -1 -1 -1 -1 -1 0,434545454545455 0,44 -0,376 0,296031746031746 0,51031746031746 -0,904 -1 -1 1 -1 -1 
0,451818181818182 0,577894736842105 -0,648 0,31984126984127 0,534126984126984 -1 -1 -1 1 -1 -1 -1 1 1 -1 0,468181818181818 0,629473684210526 -0,456 0,357142857142857 0,571428571428571 38,996 -1 -1 1 -1 -1 0,363636363636364 0,565263157894737 -0,168 0,26984126984127 0,484126984126984 -1 -1 -1 1 -1 -1 0,371818181818182 0,610526315789474 -1 0,232539682539683 0,446825396825397 -1 1 -1 -1 -1 -1 0,355454545454545 0,621052631578947 -0,648 0,231746031746032 0,446031746031746 -1 -1 -1 1 -1 -1 
0,384545454545455 0,662105263157896 -0,688 0,26984126984127 0,484126984126984 -1 1 -1 1 -1 -1 -1 1 1 -1 0,433636363636364 0,654736842105264 -0,688 0,292857142857143 0,507142857142857 -0,992 -1 -1 1 -1 -1 0,294545454545455 0,64421052631579 -0,44 0,194444444444444 0,408730158730159 -0,996 -1 -1 1 -1 -1 0,342727272727273 0,653684210526315 -0,92 0,21031746031746 0,424603174603175 -1 1 -1 -1 -1 -1 0,363636363636364 0,654736842105264 -0,728 0,246031746031746 0,46031746031746 -1 -1 -1 1 -1 -1 
0,323636363636364 0,537894736842106 -0,536 0,205555555555556 0,41984126984127 -1 -1 -1 1 -1 -1 -1 1 1 -1 0,44 0,465263157894737 -0,64 0,246825396825397 0,461111111111111 -1 -1 -1 1 -1 -1 0,232727272727273 0,581052631578948 -0,864 0,107142857142857 0,321428571428571 -1 1 -1 1 -1 -1 0,315454545454545 0,543157894736842 -1 0,174603174603175 0,388888888888889 -1 1 -1 -1 -1 -1 0,352727272727273 0,526315789473684 -0,584 0,248412698412698 0,462698412698413 -1 -1 -1 1 -1 -1 
0,365454545454545 0,447368421052632 -0,552 0,174603174603175 0,388888888888889 -1 -1 1 1 -1 -1 -1 1 1 -1 0,556363636363636 0,429473684210526 -0,128 0,373015873015873 0,587301587301587 -1 -1 1 1 -1 -1 0,214545454545455 0,524210526315789 -0,824 0,101587301587302 0,315873015873016 -1 -1 -1 1 -1 -1 0,38 0,503157894736842 -0,968 0,241269841269841 0,455555555555556 -0,992 -1 -1 1 -1 -1 0,325454545454545 0,441052631578947 -0,36 0,215873015873016 0,43015873015873 -1 -1 -1 1 -1 -1 
0,628181818181818 0,407368421052632 -0,344 0,473015873015873 0,687301587301587 -0,952 -1 1 -1 -1 -1 -1 1 1 -1 0,633636363636364 0,427368421052632 0,00800000000000001 0,512698412698413 0,726984126984127 -0,952 -1 1 -1 -1 -1 0,628181818181818 0,350526315789473 -0,32 0,468253968253968 0,682539682539683 -0,904 1 1 -1 -1 -1 0,605454545454545 0,462105263157895 -0,448 0,464285714285714 0,678571428571429 -0,984 1 1 -1 -1 -1 0,616363636363636 0,347368421052632 -0,272 0,458730158730159 0,673015873015873 -0,94 -1 1 -1 -1 -1 
0,625454545454545 0,437894736842106 -0,2 0,468253968253968 0,682539682539683 -0,956 -1 1 -1 -1 -1 -1 -1 -1 -1 0,651818181818182 0,434736842105263 0,264 0,511111111111111 0,725396825396825 -0,984 -1 1 -1 -1 -1 0,586363636363636 0,381052631578948 -0,32 0,451587301587302 0,665873015873016 -0,976 -1 1 -1 -1 -1 0,577272727272727 0,516842105263158 -0,608 0,43968253968254 0,653968253968254 -1 -1 -1 -1 -1 -1 0,620909090909091 0,345263157894736 -0,16 0,455555555555556 0,66984126984127 -0,936 -1 1 -1 -1 -1 
0,659090909090909 0,375789473684211 0,0560000000000001 0,494444444444444 0,708730158730159 -0,812 -1 1 -1 -1 1 -1 1 1 -1 0,678181818181818 0,416842105263158 0,272 0,561111111111111 0,775396825396825 -0,9 -1 1 -1 -1 -1 0,617272727272727 0,262105263157895 -0,104 0,462698412698413 0,676984126984127 -0,912 -1 1 -1 -1 -1 0,640909090909091 0,472631578947368 -0,032 0,525396825396825 0,73968253968254 -0,976 -1 -1 -1 -1 -1 0,644545454545455 0,270526315789474 0,4 0,485714285714286 0,7 -0,716 -1 1 -1 -1 1 
0,560909090909091 0,452631578947368 0,04 0,431746031746032 0,646031746031746 -0,988 -1 1 -1 -1 -1 -1 1 -1 1 0,610909090909091 0,508421052631578 -0,312 0,453174603174603 0,667460317460317 -0,94 -1 1 -1 -1 -1 0,548181818181818 0,287368421052631 0,0720000000000001 0,417460317460317 0,631746031746032 -0,94 -1 1 1 -1 -1 0,616363636363636 0,489473684210526 -0,312 0,515873015873016 0,73015873015873 -1 -1 -1 -1 -1 -1 0,552727272727273 0,391578947368422 0,352 0,424603174603175 0,638888888888889 -0,828 -1 1 1 -1 -1 
0,512727272727273 0,608421052631578 -0,232 0,394444444444444 0,608730158730159 -1 -1 1 1 -1 -1 1 -1 1 -1 0,521818181818182 0,661052631578947 -0,776 0,394444444444444 0,608730158730159 -1 -1 -1 -1 -1 -1 0,494545454545455 0,449473684210527 0,264 0,376984126984127 0,591269841269841 -0,984 -1 -1 1 -1 -1 0,491818181818182 0,614736842105263 -0,736 0,423015873015873 0,637301587301587 -1 -1 -1 -1 -1 -1 0,501818181818182 0,574736842105263 -0,0559999999999999 0,378571428571429 0,592857142857143 -0,988 -1 1 1 1 -1 
0,419090909090909 0,606315789473684 -0,08 0,284126984126984 0,498412698412698 -0,988 -1 -1 1 -1 -1 -1 1 1 -1 0,496363636363636 0,661052631578947 0,208 0,317460317460317 0,531746031746032 -0,98 -1 -1 1 -1 -1 0,361818181818182 0,517894736842106 -0,424 0,248412698412698 0,462698412698413 -0,984 -1 -1 1 -1 -1 0,372727272727273 0,676842105263157 -0,608 0,312698412698413 0,526984126984127 -0,988 -1 -1 -1 -1 -1 0,414545454545455 0,515789473684211 -0,144 0,288888888888889 0,503174603174603 -0,972 -1 -1 1 -1 -1 
0,457272727272727 0,5 0,272 0,228571428571429 0,442857142857143 -0,944 -1 -1 1 -1 -1 -1 1 1 -1 0,505454545454545 0,627368421052631 0,296 0,375396825396825 0,58968253968254 -0,992 -1 1 1 1 -1 0,354545454545455 0,488421052631579 0,128 0,246031746031746 0,46031746031746 -0,936 -1 -1 1 -1 -1 0,455454545454545 0,561052631578947 0,104 0,318253968253968 0,532539682539683 -1 -1 1 1 -1 -1 0,393636363636364 0,488421052631579 0,368 0,184126984126984 0,398412698412698 -0,948 -1 -1 1 -1 -1 
0,233636363636364 0,772631578947369 -0,488 0,0801587301587302 0,294444444444444 -0,988 -1 -1 1 -1 -1 1 -1 -1 1 0,348181818181818 0,806315789473683 -0,72 0,201587301587302 0,415873015873016 -0,976 -1 -1 1 -1 -1 0,235454545454545 0,737894736842104 -0,424 0,0968253968253968 0,311111111111111 -0,984 -1 -1 1 -1 -1 0,306363636363636 0,707368421052632 -0,456 0,265873015873016 0,48015873015873 -1 -1 -1 -1 -1 -1 0,2 0,79578947368421 -0,48 0,0817460317460317 0,296031746031746 -1 -1 -1 -1 -1 -1 
0,273636363636364 0,782105263157894 -0,584 0,105555555555556 0,31984126984127 -0,976 -1 1 1 -1 -1 1 -1 -1 1 0,314545454545455 0,796842105263158 -0,912 0,182539682539683 0,396825396825397 -1 -1 -1 -1 -1 -1 0,291818181818182 0,692631578947368 -0,472 0,0642857142857143 0,278571428571429 -0,988 -1 -1 1 -1 -1 0,326363636363636 0,763157894736842 -0,776 0,221428571428571 0,435714285714286 -1 -1 -1 -1 -1 -1 0,365454545454545 0,727368421052631 -0,384 0,0746031746031746 0,288888888888889 -1 -1 -1 1 -1 -1 
0,393636363636364 0,70421052631579 -0,368 0,23015873015873 0,444444444444444 -0,992 -1 1 1 -1 -1 1 -1 -1 1 0,392727272727273 0,751578947368422 -0,408 0,231746031746032 0,446031746031746 -1 -1 -1 -1 -1 -1 0,476363636363636 0,601052631578948 -0,576 0,288888888888889 0,503174603174603 -0,996 -1 1 1 -1 -1 0,371818181818182 0,736842105263158 -0,872 0,273015873015873 0,487301587301587 -1 -1 -1 1 -1 -1 0,515454545454546 0,650526315789473 -0,168 0,337301587301587 0,551587301587302 -1 1 -1 -1 -1 -1 
0,529090909090909 0,794736842105263 -0,76 0,411111111111111 0,625396825396825 -1 -1 -1 -1 -1 -1 1 -1 -1 1 0,551818181818182 0,765263157894737 -0,728 0,362698412698413 0,576984126984127 -1 -1 -1 -1 -1 -1 0,444545454545455 0,8 -0,648 0,31031746031746 0,524603174603175 -1 -1 -1 -1 -1 -1 0,546363636363636 0,773684210526316 -0,544 0,435714285714286 0,65 -1 -1 -1 -1 -1 -1 0,448181818181818 0,781052631578948 -0,608 0,294444444444444 0,508730158730159 -1 -1 1 1 -1 -1 
0,550909090909091 0,675789473684211 -0,552 0,415873015873016 0,63015873015873 -1 -1 -1 -1 -1 -1 1 -1 -1 1 0,604545454545455 0,653684210526315 -0,64 0,438888888888889 0,653174603174603 -1 -1 -1 -1 -1 -1 0,502727272727273 0,65578947368421 -0,032 0,303968253968254 0,518253968253968 -0,98 -1 -1 1 -1 -1 0,568181818181818 0,738947368421053 -0,64 0,403968253968254 0,618253968253968 -1 1 -1 -1 -1 -1 0,594545454545455 0,598947368421052 -0,256 0,41984126984127 0,634126984126984 -0,968 -1 1 -1 -1 -1 
0,58 0,611578947368421 -0,44 0,467460317460317 0,681746031746032 -1 -1 -1 -1 -1 -1 1 -1 -1 1 0,606363636363636 0,657894736842105 -0,472 0,46984126984127 0,684126984126984 -0,992 -1 1 -1 -1 -1 0,578181818181818 0,514736842105263 -0,128 0,446031746031746 0,66031746031746 -0,924 -1 1 -1 -1 -1 0,581818181818182 0,637894736842104 -0,736 0,431746031746032 0,646031746031746 -0,988 1 1 -1 -1 -1 0,581818181818182 0,587368421052631 -0,176 0,434126984126984 0,648412698412698 -0,968 -1 1 -1 -1 -1 
0,562727272727273 0,674736842105262 -0,592 0,43015873015873 0,644444444444444 -1 -1 1 1 -1 -1 1 -1 1 -1 0,587272727272727 0,71157894736842 -0,368 0,451587301587302 0,665873015873016 -1 -1 -1 -1 -1 -1 0,522727272727273 0,607368421052632 -0,472 0,407142857142857 0,621428571428571 -1 -1 -1 1 -1 -1 0,539090909090909 0,667368421052633 -0,56 0,435714285714286 0,65 -1 -1 -1 -1 -1 -1 0,553636363636364 0,657894736842105 -0,504 0,41984126984127 0,634126984126984 -0,988 -1 1 -1 -1 -1 
0,549090909090909 0,678947368421053 -0,432 0,408730158730159 0,623015873015873 -0,988 1 1 -1 -1 -1 1 -1 1 -1 0,555454545454545 0,702105263157895 -0,328 0,41984126984127 0,634126984126984 -1 -1 -1 -1 -1 -1 0,53 0,583157894736842 -0,224 0,387301587301587 0,601587301587302 -1 -1 -1 -1 -1 -1 0,526363636363636 0,708421052631579 -0,752 0,41031746031746 0,624603174603175 -1 -1 -1 -1 -1 -1 0,552727272727273 0,632631578947367 -0,192 0,414285714285714 0,628571428571429 -1 -1 -1 -1 -1 -1 
0,552727272727273 0,413684210526315 -0,032 0,426984126984127 0,641269841269841 -0,992 -1 1 1 -1 -1 1 -1 1 -1 0,578181818181818 0,483157894736842 0,032 0,438888888888889 0,653174603174603 -0,96 -1 1 1 1 -1 0,551818181818182 0,328421052631579 -0,512 0,415873015873016 0,63015873015873 -0,92 -1 -1 1 -1 -1 0,514545454545455 0,46421052631579 -0,184 0,435714285714286 0,65 -0,992 -1 -1 -1 -1 -1 0,549090909090909 0,346315789473684 -0,16 0,417460317460317 0,631746031746032 -0,984 -1 1 1 -1 -1 
0,540909090909091 0,515789473684211 -0,44 0,417460317460317 0,631746031746032 -0,992 -1 1 1 -1 -1 -1 -1 -1 -1 0,624545454545455 0,524210526315789 -0,0640000000000001 0,451587301587302 0,665873015873016 -0,976 -1 1 -1 -1 -1 0,522727272727273 0,450526315789473 -0,536 0,373015873015873 0,587301587301587 -0,996 -1 -1 1 -1 -1 0,511818181818182 0,551578947368421 -0,776 0,403968253968254 0,618253968253968 -1 -1 -1 -1 -1 -1 0,519090909090909 0,477894736842105 -0,448 0,385714285714286 0,6 -1 -1 -1 1 -1 -1 
0,614545454545455 0,578947368421053 -0,608 0,432539682539683 0,646825396825397 -0,968 1 1 -1 -1 -1 -1 1 -1 -1 0,609090909090909 0,571578947368421 -0,592 0,43015873015873 0,644444444444444 -1 -1 -1 -1 -1 -1 0,499090909090909 0,563157894736842 -0,28 0,348412698412698 0,562698412698413 -0,992 -1 1 -1 -1 -1 0,564545454545455 0,618947368421052 -0,808 0,414285714285714 0,628571428571429 -1 1 -1 -1 -1 -1 0,591818181818182 0,528421052631579 -0,32 0,408730158730159 0,623015873015873 -0,968 -1 1 -1 -1 -1 
0,563636363636364 0,616842105263158 -0,576 0,41984126984127 0,634126984126984 -1 1 -1 -1 -1 -1 1 -1 -1 1 0,534545454545455 0,572631578947368 -0,792 0,376984126984127 0,591269841269841 -1 1 -1 -1 -1 -1 0,571818181818182 0,632631578947367 -0,28 0,417460317460317 0,631746031746032 -1 1 -1 -1 -1 -1 0,582727272727273 0,629473684210526 -0,848 0,438888888888889 0,653174603174603 -1 1 -1 -1 -1 -1 0,578181818181818 0,597894736842105 -0,472 0,428571428571429 0,642857142857143 -1 1 -1 -1 -1 -1 
0,559090909090909 0,652631578947368 -0,536 0,417460317460317 0,631746031746032 -1 1 -1 -1 -1 -1 1 -1 -1 1 0,52 0,633684210526316 -1 0,355555555555556 0,56984126984127 -1 1 -1 -1 -1 -1 0,55 0,668421052631579 -0,456 0,387301587301587 0,601587301587302 -1 -1 -1 -1 -1 -1 0,564545454545455 0,668421052631579 -0,824 0,412698412698413 0,626984126984127 -1 1 -1 -1 -1 -1 0,56 0,632631578947367 -0,4 0,424603174603175 0,638888888888889 -1 1 1 -1 -1 -1 
0,550909090909091 0,76 -0,672 0,407142857142857 0,621428571428571 -1 1 1 -1 -1 -1 1 -1 1 -1 0,56 0,769473684210525 -0,672 0,41984126984127 0,634126984126984 -1 1 -1 -1 -1 -1 0,501818181818182 0,690526315789473 0,0880000000000001 0,378571428571429 0,592857142857143 -1 -1 1 -1 1 -1 0,515454545454546 0,742105263157895 -0,744 0,362698412698413 0,576984126984127 -1 -1 -1 -1 -1 -1 0,556363636363636 0,75578947368421 -0,552 0,414285714285714 0,628571428571429 -1 1 1 -1 -1 -1 
0,513636363636364 0,825263157894738 -0,712 0,375396825396825 0,58968253968254 -1 1 -1 -1 -1 -1 1 -1 1 -1 0,548181818181818 0,796842105263158 -0,264 0,411111111111111 0,625396825396825 -1 1 1 -1 -1 -1 0,345454545454545 0,833684210526316 -0,448 0,287301587301587 0,501587301587302 -1 -1 -1 -1 -1 -1 0,519090909090909 0,76 -0,536 0,407142857142857 0,621428571428571 -1 -1 -1 -1 -1 -1 0,513636363636364 0,826315789473684 -0,608 0,388888888888889 0,603174603174603 -1 -1 -1 -1 -1 -1 
0,464545454545455 0,802105263157895 -0,648 0,331746031746032 0,546031746031746 -1 -1 -1 -1 -1 -1 1 -1 1 -1 0,547272727272727 0,775789473684211 -0,688 0,392857142857143 0,607142857142857 -1 1 -1 -1 -1 -1 0,404545454545455 0,730526315789475 0,048 0,303174603174603 0,517460317460318 -1 -1 -1 -1 -1 -1 0,478181818181818 0,812631578947369 -0,712 0,38015873015873 0,594444444444444 -1 -1 -1 -1 -1 -1 0,509090909090909 0,76 -0,36 0,384126984126984 0,598412698412699 -1 -1 -1 -1 -1 -1 
0,533636363636364 0,732631578947367 -0,4 0,403174603174603 0,617460317460317 -1 -1 1 1 -1 -1 1 -1 1 -1 0,524545454545455 0,774736842105262 -0,712 0,378571428571429 0,592857142857143 -1 -1 1 1 -1 -1 0,518181818181818 0,666315789473684 -0,552 0,415873015873016 0,63015873015873 -1 -1 -1 1 -1 -1 0,489090909090909 0,769473684210525 -0,752 0,31984126984127 0,534126984126984 -1 1 -1 -1 -1 -1 0,510909090909091 0,630526315789475 -0,472 0,41031746031746 0,624603174603175 -1 -1 -1 1 -1 -1 
0,539090909090909 0,756842105263159 -0,44 0,417460317460317 0,631746031746032 -1 -1 1 1 -1 -1 1 -1 1 -1 0,558181818181818 0,782105263157894 -0,808 0,415873015873016 0,63015873015873 -1 1 -1 1 -1 -1 0,425454545454545 0,774736842105262 -0,36 0,296825396825397 0,511111111111111 -0,996 -1 -1 -1 -1 -1 0,514545454545455 0,730526315789475 -0,512 0,38015873015873 0,594444444444444 -1 1 -1 -1 -1 -1 0,512727272727273 0,541052631578947 -0,368 0,4 0,614285714285714 -1 -1 -1 1 -1 -1 
0,467272727272727 0,418947368421052 -0,28 0,328571428571429 0,542857142857143 -1 -1 -1 1 -1 -1 1 -1 -1 1 0,429090909090909 0,489473684210526 -0,128 0,353174603174603 0,567460317460317 -0,992 -1 -1 1 -1 -1 0,529090909090909 0,424210526315789 -0,2 0,388888888888889 0,603174603174603 -1 -1 -1 1 -1 -1 0,450909090909091 0,403157894736842 -0,088 0,364285714285714 0,578571428571429 -0,992 1 -1 -1 -1 -1 0,444545454545455 0,383157894736842 -0,512 0,253968253968254 0,468253968253968 -0,984 -1 -1 1 -1 -1 
0,446363636363636 0,486315789473685 0,032 0,28968253968254 0,503968253968254 -0,952 -1 -1 1 -1 -1 1 -1 -1 1 0,431818181818182 0,578947368421053 -0,304 0,278571428571429 0,492857142857143 -1 -1 -1 1 -1 -1 0,549090909090909 0,527368421052632 -0,104 0,408730158730159 0,623015873015873 -0,936 -1 -1 1 -1 -1 0,402727272727273 0,434736842105263 0,44 0,355555555555556 0,56984126984127 -1 -1 -1 1 -1 -1 0,468181818181818 0,529473684210526 -0,224 0,265873015873016 0,48015873015873 -0,992 -1 -1 1 -1 -1 
0,561818181818182 0,524210526315789 -0,456 0,358730158730159 0,573015873015873 -0,952 -1 -1 1 -1 -1 1 -1 -1 1 0,546363636363636 0,577894736842105 -0,168 0,391269841269841 0,605555555555556 -0,932 -1 -1 1 -1 -1 0,474545454545455 0,633684210526316 0,192 0,38015873015873 0,594444444444444 -0,984 -1 -1 1 -1 -1 0,475454545454545 0,511578947368421 -0,744 0,351587301587302 0,565873015873016 -0,968 -1 -1 1 -1 -1 0,549090909090909 0,590526315789474 -0,416 0,407142857142857 0,621428571428571 -0,984 -1 1 -1 -1 -1 
0,529090909090909 0,561052631578947 -0,672 0,385714285714286 0,6 -0,996 1 -1 1 -1 -1 -1 1 -1 1 0,552727272727273 0,585263157894737 -0,44 0,396031746031746 0,61031746031746 -0,936 -1 -1 1 -1 -1 0,403636363636364 0,610526315789474 0,048 0,3 0,514285714285714 -0,992 -1 -1 1 -1 -1 0,481818181818182 0,561052631578947 -0,848 0,318253968253968 0,532539682539683 -1 1 -1 1 -1 -1 0,482727272727273 0,589473684210526 -0,576 0,368253968253968 0,582539682539683 -1 -1 -1 1 -1 -1 
0,492727272727273 0,5 -0,648 0,353174603174603 0,567460317460317 -0,984 -1 -1 1 -1 -1 1 -1 -1 1 0,500909090909091 0,52 -0,28 0,38015873015873 0,594444444444444 -0,98 -1 -1 1 -1 -1 0,430909090909091 0,514736842105263 -0,456 0,298412698412698 0,512698412698413 -0,984 -1 -1 1 -1 -1 0,503636363636364 0,511578947368421 -0,608 0,357142857142857 0,571428571428571 -1 1 -1 -1 -1 -1 0,410909090909091 0,511578947368421 -0,864 0,271428571428571 0,485714285714286 -1 -1 -1 1 -1 -1 
0,542727272727273 0,363157894736842 -0,744 0,384126984126984 0,598412698412699 -0,936 -1 -1 1 -1 -1 1 -1 -1 1 0,57 0,34421052631579 -0,536 0,432539682539683 0,646825396825397 -0,904 -1 1 1 -1 -1 0,482727272727273 0,308421052631578 0,144 0,378571428571429 0,592857142857143 -0,876 -1 -1 -1 -1 -1 0,633636363636364 0,368421052631579 -0,28 0,511111111111111 0,725396825396825 -0,992 1 -1 -1 -1 -1 0,51 0,321052631578947 -0,28 0,388888888888889 0,603174603174603 -1 -1 -1 -1 -1 -1 
0,516363636363636 0,394736842105263 -0,2 0,346031746031746 0,56031746031746 -0,984 -1 -1 1 -1 -1 -1 1 -1 1 0,548181818181818 0,403157894736842 -0,00800000000000001 0,41984126984127 0,634126984126984 -0,904 -1 1 1 -1 -1 0,483636363636364 0,387368421052631 -0,224 0,353174603174603 0,567460317460317 -1 -1 -1 1 -1 -1 0,532727272727273 0,443157894736842 0,128 0,446031746031746 0,66031746031746 -0,984 -1 1 -1 -1 -1 0,518181818181818 0,368421052631579 -0,712 0,36984126984127 0,584126984126984 -0,968 1 1 1 -1 -1 
0,523636363636364 0,424210526315789 -0,184 0,387301587301587 0,601587301587302 -0,968 -1 1 1 -1 -1 -1 1 1 -1 0,568181818181818 0,388421052631579 0,0880000000000001 0,43968253968254 0,653968253968254 -0,984 -1 1 1 1 -1 0,505454545454545 0,412631578947369 -0,088 0,362698412698413 0,576984126984127 -0,968 -1 -1 1 -1 -1 0,521818181818182 0,498947368421052 -0,288 0,411111111111111 0,625396825396825 -1 -1 -1 -1 -1 -1 0,528181818181818 0,363157894736842 -0,36 0,351587301587302 0,565873015873016 -0,936 -1 -1 1 -1 -1 
0,531818181818182 0,416842105263158 -0,448 0,394444444444444 0,608730158730159 -0,992 -1 1 -1 -1 -1 -1 1 1 -1 0,56 0,341052631578947 -0,488 0,435714285714286 0,65 -1 -1 -1 -1 -1 -1 0,526363636363636 0,456842105263158 -0,36 0,353174603174603 0,567460317460317 -0,952 -1 1 1 -1 -1 0,561818181818182 0,437894736842106 -0,648 0,391269841269841 0,605555555555556 -0,992 1 1 -1 -1 -1 0,527272727272727 0,413684210526315 -0,496 0,38968253968254 0,603968253968254 -1 -1 -1 -1 -1 -1 
0,552727272727273 0,32 -0,224 0,441269841269841 0,655555555555556 -0,984 -1 1 -1 -1 -1 1 -1 1 -1 0,57 0,268421052631579 -0,416 0,434126984126984 0,648412698412698 -0,86 -1 1 1 -1 -1 0,521818181818182 0,493684210526316 -0,264 0,35 0,564285714285714 -0,992 -1 -1 -1 -1 -1 0,569090909090909 0,315789473684211 -0,376 0,432539682539683 0,646825396825397 -0,952 -1 1 -1 -1 -1 0,534545454545455 0,371578947368421 -0,24 0,375396825396825 0,58968253968254 -1 -1 1 -1 -1 -1 
0,519090909090909 0,504210526315789 -0,632 0,405555555555556 0,61984126984127 -1 -1 1 1 -1 -1 1 -1 1 -1 0,522727272727273 0,483157894736842 -0,4 0,38968253968254 0,603968253968254 -1 -1 -1 -1 -1 -1 0,455454545454545 0,486315789473685 -0,44 0,288888888888889 0,503174603174603 -0,92 1 -1 1 -1 -1 0,532727272727273 0,48 -0,784 0,434126984126984 0,648412698412698 -0,984 -1 1 -1 -1 -1 0,426363636363636 0,521052631578947 -0,712 0,303174603174603 0,517460317460318 -1 -1 -1 1 -1 -1 
0,497272727272727 0,6 -0,32 0,388888888888889 0,603174603174603 -1 -1 -1 -1 -1 -1 -1 -1 -1 -1 0,513636363636364 0,525263157894737 -0,264 0,411111111111111 0,625396825396825 -1 -1 -1 -1 -1 -1 0,318181818181818 0,65578947368421 -0,512 0,16031746031746 0,374603174603175 -1 -1 -1 1 -1 -1 0,553636363636364 0,54421052631579 -0,824 0,43015873015873 0,644444444444444 -1 -1 -1 -1 -1 -1 0,359090909090909 0,65578947368421 -0,88 0,25 0,464285714285714 -1 -1 -1 1 -1 -1 
0,532727272727273 0,569473684210527 -0,304 0,392857142857143 0,607142857142857 -1 -1 -1 -1 -1 -1 -1 1 1 -1 0,550909090909091 0,515789473684211 -0,672 0,403968253968254 0,618253968253968 -1 1 1 -1 -1 -1 0,224545454545455 0,684210526315789 -0,904 0,0682539682539682 0,282539682539683 -1 -1 -1 -1 -1 -1 0,586363636363636 0,558947368421053 -0,864 0,442857142857143 0,657142857142857 -1 -1 -1 -1 -1 -1 0,373636363636364 0,618947368421052 -0,672 0,226984126984127 0,441269841269841 -1 -1 -1 1 -1 -1 
0,558181818181818 0,541052631578947 -0,632 0,41031746031746 0,624603174603175 -1 1 -1 -1 -1 -1 1 -1 1 -1 0,578181818181818 0,538947368421053 -0,864 0,43015873015873 0,644444444444444 -1 -1 1 -1 -1 -1 0,251818181818182 0,651578947368422 -0,712 0,108730158730159 0,323015873015873 -1 -1 -1 -1 -1 -1 0,598181818181818 0,503157894736842 -0,688 0,473015873015873 0,687301587301587 -0,992 -1 1 -1 -1 -1 0,436363636363636 0,591578947368422 -0,44 0,312698412698413 0,526984126984127 -1 -1 -1 -1 -1 -1 
0,555454545454545 0,58421052631579 -0,576 0,414285714285714 0,628571428571429 -1 1 1 1 -1 -1 -1 1 -1 -1 0,570909090909091 0,56421052631579 -0,648 0,432539682539683 0,646825396825397 -0,936 1 1 -1 -1 -1 0,221818181818182 0,684210526315789 -1 0,0714285714285714 0,285714285714286 -1 -1 -1 -1 -1 -1 0,602727272727273 0,529473684210526 -0,728 0,5 0,714285714285714 -1 -1 -1 -1 -1 -1 0,415454545454545 0,625263157894738 -0,496 0,284126984126984 0,498412698412698 -1 -1 -1 -1 -1 -1 
0,59 0,313684210526315 -0,456 0,432539682539683 0,646825396825397 -0,936 -1 1 -1 -1 -1 1 -1 -1 1 0,57 0,298947368421052 0,0880000000000001 0,471428571428571 0,685714285714286 -0,992 -1 1 -1 -1 -1 0,6 0,288421052631579 -0,512 0,446031746031746 0,66031746031746 -0,984 -1 1 -1 -1 -1 0,57 0,353684210526316 -0,36 0,46031746031746 0,674603174603175 -1 -1 1 -1 -1 -1 0,593636363636364 0,253684210526316 -0,512 0,461111111111111 0,675396825396825 -1 -1 1 -1 -1 -1 
0,551818181818182 0,295789473684211 -0,336 0,426984126984127 0,641269841269841 -0,968 -1 1 1 -1 -1 1 -1 1 -1 0,551818181818182 0,291578947368422 -0,00800000000000001 0,444444444444444 0,658730158730159 -0,976 -1 1 -1 -1 -1 0,568181818181818 0,248421052631579 -0,6 0,428571428571429 0,642857142857143 -0,996 1 1 1 -1 -1 0,552727272727273 0,351578947368421 -0,536 0,411111111111111 0,625396825396825 -1 1 -1 -1 -1 -1 0,568181818181818 0,225263157894737 -0,576 0,418253968253968 0,632539682539683 -1 -1 1 -1 -1 -1 
0,510909090909091 0,370526315789474 -0,4 0,388888888888889 0,603174603174603 -1 -1 -1 1 -1 -1 1 -1 -1 1 0,531818181818182 0,371578947368421 -0,16 0,41984126984127 0,634126984126984 -0,968 -1 1 1 -1 -1 0,521818181818182 0,302105263157895 -0,256 0,405555555555556 0,61984126984127 -0,992 -1 -1 1 -1 -1 0,480909090909091 0,407368421052632 -0,456 0,398412698412698 0,612698412698413 -1 1 -1 -1 -1 -1 0,522727272727273 0,3 -0,2 0,403174603174603 0,617460317460317 -0,988 -1 -1 1 -1 -1 
0,49 0,552631578947368 -0,304 0,355555555555556 0,56984126984127 -0,984 -1 -1 1 -1 -1 -1 1 1 -1 0,512727272727273 0,615789473684211 -0,32 0,376984126984127 0,591269841269841 -0,984 -1 -1 1 -1 -1 0,473636363636364 0,463157894736842 -0,2 0,35 0,564285714285714 -0,968 -1 -1 1 -1 -1 0,464545454545455 0,562105263157895 -0,808 0,371428571428571 0,585714285714286 -1 -1 -1 -1 -1 -1 0,474545454545455 0,553684210526316 -0,272 0,341269841269841 0,555555555555556 -0,968 -1 -1 1 -1 -1 
0,436363636363636 0,728421052631579 -0,536 0,324603174603175 0,538888888888889 -1 -1 -1 1 -1 -1 -1 1 1 -1 0,436363636363636 0,735789473684211 -0,592 0,31984126984127 0,534126984126984 -0,996 -1 -1 1 -1 -1 0,367272727272727 0,726315789473684 -0,464 0,262698412698413 0,476984126984127 -1 -1 -1 -1 -1 -1 0,407272727272727 0,66 -0,088 0,353968253968254 0,568253968253968 -1 -1 -1 -1 -1 -1 0,371818181818182 0,762105263157896 -0,688 0,205555555555556 0,41984126984127 -1 -1 -1 1 -1 -1 
0,38 0,697894736842105 -0,144 0,262698412698413 0,476984126984127 -1 -1 -1 -1 -1 -1 -1 1 -1 1 0,467272727272727 0,58 -0,128 0,348412698412698 0,562698412698413 -1 -1 -1 1 -1 -1 0,368181818181818 0,821052631578947 -0,608 0,23968253968254 0,453968253968254 -1 -1 -1 -1 -1 -1 0,393636363636364 0,670526315789474 -0,744 0,276984126984127 0,491269841269841 -1 -1 -1 -1 -1 -1 0,360909090909091 0,723157894736843 -0,024 0,242857142857143 0,457142857142857 -1 -1 -1 1 -1 -1 
0,368181818181818 0,736842105263158 -0,168 0,257142857142857 0,471428571428571 -1 -1 -1 -1 -1 -1 1 -1 -1 1 0,497272727272727 0,614736842105263 -0,00800000000000001 0,374603174603175 0,588888888888889 -1 -1 -1 -1 -1 -1 0,306363636363636 0,849473684210527 -0,608 0,196825396825397 0,411111111111111 -1 -1 -1 -1 -1 -1 0,416363636363636 0,723157894736843 -0,824 0,335714285714286 0,55 -1 -1 -1 1 -1 -1 0,372727272727273 0,753684210526315 -0,224 0,261111111111111 0,475396825396825 -1 -1 -1 -1 -1 -1 
0,402727272727273 0,665263157894737 -0,36 0,276984126984127 0,491269841269841 -1 -1 -1 -1 -1 -1 1 -1 -1 1 0,51 0,595789473684211 -0,536 0,401587301587302 0,615873015873016 -0,98 -1 -1 1 -1 -1 0,269090909090909 0,775789473684211 -0,808 0,13015873015873 0,344444444444444 -1 -1 -1 -1 -1 -1 0,438181818181818 0,682105263157894 -0,864 0,338888888888889 0,553174603174603 -1 -1 -1 1 -1 -1 0,353636363636364 0,670526315789474 -0,376 0,238888888888889 0,453174603174603 -1 -1 -1 -1 -1 -1 
0,490909090909091 0,538947368421053 -0,24 0,326984126984127 0,541269841269841 -1 -1 -1 1 -1 -1 1 -1 -1 1 0,543636363636364 0,432631578947369 0,32 0,396031746031746 0,61031746031746 -1 -1 1 -1 -1 -1 0,289090909090909 0,666315789473684 -0,32 0,164285714285714 0,378571428571429 -1 -1 -1 -1 -1 -1 0,484545454545455 0,6 -0,688 0,361111111111111 0,575396825396825 -1 1 -1 -1 -1 -1 0,422727272727273 0,512631578947369 -0,0640000000000001 0,296031746031746 0,51031746031746 -1 -1 -1 1 -1 -1 
0,573636363636364 0,378947368421053 -0,24 0,424603174603175 0,638888888888889 -0,952 -1 1 -1 -1 -1 1 -1 -1 1 0,603636363636364 0,327368421052632 0,208 0,473015873015873 0,687301587301587 -0,952 -1 1 -1 -1 -1 0,355454545454545 0,482105263157894 0,52 0,196825396825397 0,411111111111111 -0,952 -1 -1 -1 -1 -1 0,525454545454545 0,481052631578948 -0,736 0,374603174603175 0,588888888888889 -0,992 1 -1 1 -1 -1 0,560909090909091 0,302105263157895 -0,00800000000000001 0,362698412698413 0,576984126984127 -0,92 -1 1 -1 -1 -1 
0,46 0,475789473684211 -0,416 0,323015873015873 0,537301587301587 -1 -1 -1 1 -1 -1 1 -1 -1 1 0,501818181818182 0,477894736842105 -0,496 0,38968253968254 0,603968253968254 -1 -1 -1 -1 -1 -1 0,436363636363636 0,362105263157894 -0,104 0,315873015873016 0,53015873015873 -1 -1 -1 1 -1 -1 0,449090909090909 0,504210526315789 -0,552 0,392857142857143 0,607142857142857 -1 -1 -1 -1 -1 -1 0,488181818181818 0,398947368421052 -0,032 0,355555555555556 0,56984126984127 -1 -1 -1 1 -1 -1 
0,52 0,487368421052631 -0,472 0,31031746031746 0,524603174603175 -0,968 -1 -1 1 -1 -1 1 -1 -1 1 0,586363636363636 0,449473684210527 -0,304 0,432539682539683 0,646825396825397 -0,992 -1 1 -1 -1 -1 0,467272727272727 0,474736842105263 -0,304 0,38015873015873 0,594444444444444 -1 -1 -1 1 -1 -1 0,502727272727273 0,543157894736842 -0,592 0,417460317460317 0,631746031746032 -1 -1 -1 -1 -1 -1 0,489090909090909 0,45578947368421 -0,744 0,351587301587302 0,565873015873016 -0,992 -1 -1 1 -1 -1 
0,584545454545454 0,510526315789474 -0,464 0,435714285714286 0,65 -0,996 -1 1 -1 -1 -1 1 -1 -1 1 0,613636363636364 0,481052631578948 -0,104 0,48968253968254 0,703968253968254 -0,992 -1 1 -1 -1 -1 0,500909090909091 0,496842105263158 -0,456 0,318253968253968 0,532539682539683 -0,988 1 1 1 -1 -1 0,556363636363636 0,562105263157895 -0,712 0,415873015873016 0,63015873015873 -1 -1 -1 -1 -1 -1 0,578181818181818 0,446315789473684 -0,688 0,392857142857143 0,607142857142857 -0,964 1 1 1 -1 -1 
0,590909090909091 0,598947368421052 -0,552 0,432539682539683 0,646825396825397 -1 -1 -1 -1 -1 -1 1 -1 -1 1 0,600909090909091 0,547368421052632 -0,32 0,455555555555556 0,66984126984127 -1 -1 -1 -1 -1 -1 0,59 0,537894736842106 -0,144 0,425396825396825 0,63968253968254 -0,984 -1 -1 -1 -1 -1 0,602727272727273 0,618947368421052 -0,688 0,467460317460317 0,681746031746032 -1 -1 -1 -1 -1 -1 0,585454545454546 0,542105263157895 -0,24 0,457142857142857 0,671428571428571 -0,984 -1 -1 -1 -1 -1 
0,592727272727273 0,537894736842106 -0,36 0,438888888888889 0,653174603174603 -1 -1 -1 -1 -1 -1 1 -1 -1 1 0,629090909090909 0,484210526315789 -0,4 0,503174603174603 0,717460317460317 -1 -1 1 -1 -1 -1 0,56 0,608421052631578 -0,488 0,412698412698413 0,626984126984127 -1 1 -1 -1 -1 -1 0,605454545454545 0,549473684210527 -0,648 0,461111111111111 0,675396825396825 -1 1 -1 -1 -1 -1 0,59 0,517894736842106 -0,44 0,41984126984127 0,634126984126984 -1 -1 -1 -1 -1 -1 
0,556363636363636 0,64421052631579 -0,4 0,405555555555556 0,61984126984127 -0,984 1 1 -1 -1 -1 1 -1 -1 1 0,514545454545455 0,645263157894736 -0,824 0,351587301587302 0,565873015873016 -1 -1 -1 -1 -1 -1 0,552727272727273 0,53578947368421 0,208 0,364285714285714 0,578571428571429 -0,996 -1 1 1 -1 -1 0,502727272727273 0,694736842105263 -0,848 0,362698412698413 0,576984126984127 -1 1 -1 -1 -1 -1 0,55 0,589473684210526 -0,2 0,41984126984127 0,634126984126984 -0,984 -1 -1 -1 -1 -1 
0,503636363636364 0,662105263157896 -0,744 0,367460317460317 0,581746031746032 -1 -1 -1 -1 -1 -1 1 -1 1 -1 0,487272727272727 0,649473684210527 -0,872 0,342857142857143 0,557142857142857 -1 1 -1 -1 -1 -1 0,468181818181818 0,647368421052632 -0,576 0,33015873015873 0,544444444444444 -1 -1 -1 -1 -1 -1 0,502727272727273 0,683157894736843 -0,784 0,353968253968254 0,568253968253968 -1 1 -1 -1 -1 -1 0,559090909090909 0,64 -0,664 0,396825396825397 0,611111111111111 -0,996 1 1 -1 -1 -1 
0,515454545454546 0,48 -0,248 0,368253968253968 0,582539682539683 -0,968 -1 -1 1 -1 -1 1 -1 -1 1 0,56 0,44421052631579 -0,024 0,317460317460317 0,531746031746032 -0,936 1 1 -1 -1 -1 0,49 0,558947368421053 -0,176 0,368253968253968 0,582539682539683 -1 -1 1 -1 -1 -1 0,492727272727273 0,560000000000001 -0,632 0,342857142857143 0,557142857142857 -0,952 1 -1 1 -1 -1 0,511818181818182 0,44421052631579 0 0,365873015873016 0,58015873015873 -0,996 -1 -1 1 -1 -1 
0,557272727272727 0,454736842105264 -0,28 0,401587301587302 0,615873015873016 -0,984 -1 1 -1 -1 -1 1 -1 -1 1 0,591818181818182 0,445263157894736 -0,088 0,46031746031746 0,674603174603175 -0,996 -1 1 -1 -1 -1 0,532727272727273 0,442105263157895 -0,168 0,391269841269841 0,605555555555556 -1 -1 -1 1 -1 -1 0,48 0,515789473684211 -0,824 0,338888888888889 0,553174603174603 -1 1 -1 -1 -1 -1 0,562727272727273 0,376842105263157 -0,088 0,412698412698413 0,626984126984127 -0,952 -1 1 1 -1 -1 
0,545454545454545 0,342105263157895 -0,16 0,417460317460317 0,631746031746032 -0,904 -1 1 1 -1 -1 1 -1 -1 1 0,606363636363636 0,326315789473684 0,2 0,461111111111111 0,675396825396825 -0,936 -1 1 -1 -1 -1 0,515454545454546 0,371578947368421 0,152 0,408730158730159 0,623015873015873 -0,984 -1 -1 1 -1 -1 0,54 0,416842105263158 -0,32 0,334126984126984 0,548412698412698 -0,992 1 -1 1 -1 -1 0,560909090909091 0,266315789473684 -0,024 0,41984126984127 0,634126984126984 -0,876 -1 1 1 -1 -1 
0,53 0,604210526315789 -0,48 0,392857142857143 0,607142857142857 -0,968 -1 1 1 -1 -1 -1 1 -1 1 0,562727272727273 0,616842105263158 -0,424 0,403174603174603 0,617460317460317 -0,984 -1 1 -1 -1 -1 0,488181818181818 0,463157894736842 0,656 0,358730158730159 0,573015873015873 -0,968 -1 1 1 -1 -1 0,543636363636364 0,570526315789474 -0,456 0,424603174603175 0,638888888888889 -1 1 1 -1 -1 -1 0,508181818181818 0,573684210526316 -0,168 0,382539682539683 0,596825396825397 -0,992 -1 -1 1 -1 -1 
0,485454545454545 0,670526315789474 -0,592 0,364285714285714 0,578571428571429 -1 -1 -1 -1 -1 -1 -1 1 -1 1 0,507272727272727 0,676842105263157 -0,792 0,371428571428571 0,585714285714286 -1 -1 -1 -1 -1 -1 0,431818181818182 0,54421052631579 0,48 0,338888888888889 0,553174603174603 -0,996 -1 -1 -1 -1 -1 0,458181818181818 0,682105263157894 -0,688 0,375396825396825 0,58968253968254 -1 -1 -1 -1 -1 -1 0,505454545454545 0,598947368421052 -0,0479999999999999 0,376984126984127 0,591269841269841 -1 -1 -1 -1 -1 -1 
0,541818181818182 0,552631578947368 0,24 0,388888888888889 0,603174603174603 -0,992 -1 1 1 -1 -1 -1 1 1 -1 0,566363636363636 0,632631578947367 0,168 0,387301587301587 0,601587301587302 -1 -1 1 -1 -1 -1 0,506363636363636 0,363157894736842 0,48 0,418253968253968 0,632539682539683 -1 -1 -1 1 -1 -1 0,526363636363636 0,617894736842106 -0,808 0,358730158730159 0,573015873015873 -1 1 -1 -1 -1 -1 0,566363636363636 0,471578947368421 0,144 0,437301587301587 0,651587301587301 -0,96 -1 1 1 -1 -1 
0,514545454545455 0,649473684210527 -0,0479999999999999 0,405555555555556 0,61984126984127 -1 -1 -1 -1 -1 -1 -1 1 -1 1 0,545454545454545 0,713684210526315 -0,304 0,428571428571429 0,642857142857143 -1 -1 -1 -1 -1 -1 0,418181818181818 0,505263157894737 0,344 0,33968253968254 0,553968253968254 -0,996 -1 -1 1 -1 -1 0,503636363636364 0,673684210526316 -0,728 0,375396825396825 0,58968253968254 -1 1 -1 -1 -1 -1 0,505454545454545 0,612631578947369 -0,0640000000000001 0,408730158730159 0,623015873015873 -1 -1 -1 1 -1 -1 
0,529090909090909 0,602105263157895 -0,224 0,38968253968254 0,603968253968254 -0,992 -1 1 1 -1 -1 -1 1 1 -1 0,585454545454546 0,635789473684211 -0,024 0,425396825396825 0,63968253968254 -1 -1 1 -1 -1 -1 0,392727272727273 0,550526315789473 -0,44 0,281746031746032 0,496031746031746 -0,996 -1 -1 1 -1 -1 0,491818181818182 0,652631578947368 -0,808 0,31984126984127 0,534126984126984 -0,996 1 -1 1 -1 -1 0,523636363636364 0,536842105263158 -0,32 0,382539682539683 0,596825396825397 -0,936 -1 1 1 -1 -1 
0,514545454545455 0,656842105263159 -0,768 0,394444444444444 0,608730158730159 -1 -1 -1 -1 -1 -1 -1 -1 -1 -1 0,503636363636364 0,615789473684211 -0,264 0,391269841269841 0,605555555555556 -1 -1 -1 -1 -1 -1 0,526363636363636 0,612631578947369 -0,496 0,394444444444444 0,608730158730159 -0,996 -1 -1 -1 -1 -1 0,547272727272727 0,676842105263157 -1 0,394444444444444 0,608730158730159 -1 1 -1 -1 -1 -1 0,545454545454545 0,64 -0,512 0,423015873015873 0,637301587301587 -1 -1 -1 -1 -1 -1 
0,5 0,661052631578947 -0,608 0,381746031746032 0,596031746031746 -1 -1 -1 -1 -1 -1 -1 1 1 -1 0,507272727272727 0,613684210526315 -0,344 0,379365079365079 0,593650793650794 -1 -1 -1 -1 -1 -1 0,520909090909091 0,702105263157895 -0,864 0,418253968253968 0,632539682539683 -1 -1 -1 -1 -1 -1 0,498181818181818 0,698947368421054 -1 0,36984126984127 0,584126984126984 -1 1 -1 -1 -1 -1 0,516363636363636 0,667368421052633 -0,648 0,38015873015873 0,594444444444444 -1 -1 -1 -1 -1 -1 
0,5 0,664210526315788 -0,456 0,38015873015873 0,594444444444444 -1 -1 -1 -1 -1 -1 -1 1 -1 1 0,510909090909091 0,612631578947369 -0,432 0,365873015873016 0,58015873015873 -1 -1 -1 -1 -1 -1 0,486363636363636 0,733684210526316 -0,536 0,373015873015873 0,587301587301587 -1 -1 -1 -1 -1 -1 0,48 0,718947368421052 -1 0,357142857142857 0,571428571428571 -1 1 -1 -1 -1 -1 0,5 0,673684210526316 -0,624 0,364285714285714 0,578571428571429 -1 -1 -1 -1 -1 -1 
0,5 0,64421052631579 -0,512 0,388888888888889 0,603174603174603 -1 -1 -1 -1 -1 -1 -1 1 1 -1 0,54 0,631578947368421 -0,712 0,375396825396825 0,58968253968254 -1 -1 -1 -1 -1 -1 0,468181818181818 0,684210526315789 -0,416 0,344444444444444 0,558730158730159 -1 -1 -1 -1 -1 -1 0,507272727272727 0,718947368421052 -1 0,355555555555556 0,56984126984127 -1 1 -1 -1 -1 -1 0,484545454545455 0,64 -0,728 0,334126984126984 0,548412698412698 -1 -1 -1 1 -1 -1 
0,544545454545455 0,614736842105263 -0,56 0,418253968253968 0,632539682539683 -1 -1 1 -1 -1 -1 -1 1 1 -1 0,57 0,613684210526315 -0,48 0,414285714285714 0,628571428571429 -0,968 -1 1 -1 -1 -1 0,493636363636364 0,605263157894737 -0,456 0,36984126984127 0,584126984126984 -0,996 -1 -1 1 -1 -1 0,545454545454545 0,677894736842106 -1 0,41031746031746 0,624603174603175 -1 1 1 -1 -1 -1 0,544545454545455 0,606315789473684 -0,888 0,398412698412698 0,612698412698413 -0,936 1 -1 1 -1 -1 
0,540909090909091 0,467368421052631 -0,552 0,385714285714286 0,6 -0,968 -1 -1 1 -1 -1 -1 1 1 -1 0,569090909090909 0,517894736842106 -0,104 0,43968253968254 0,653968253968254 -0,96 -1 1 1 -1 -1 0,518181818181818 0,433684210526316 -0,592 0,385714285714286 0,6 -0,968 -1 -1 1 -1 -1 0,533636363636364 0,504210526315789 -0,88 0,394444444444444 0,608730158730159 -1 -1 -1 1 -1 -1 0,534545454545455 0,451578947368421 -0,592 0,38968253968254 0,603968253968254 -0,992 1 1 1 -1 -1 
0,514545454545455 0,457894736842105 -0,496 0,344444444444444 0,558730158730159 -0,984 -1 -1 1 -1 -1 -1 -1 -1 -1 0,577272727272727 0,475789473684211 -0,272 0,435714285714286 0,65 -0,936 -1 1 1 -1 -1 0,458181818181818 0,437894736842106 -0,4 0,314285714285714 0,528571428571429 -1 -1 -1 1 -1 -1 0,551818181818182 0,474736842105263 -0,88 0,407142857142857 0,621428571428571 -0,992 -1 1 1 -1 -1 0,439090909090909 0,482105263157894 -0,536 0,312698412698413 0,526984126984127 -0,968 -1 -1 1 -1 -1 
0,41 0,587368421052631 -0,336 0,315873015873016 0,53015873015873 -0,992 -1 -1 1 -1 -1 1 -1 -1 1 0,477272727272727 0,632631578947367 -0,536 0,378571428571429 0,592857142857143 -0,996 -1 -1 1 -1 -1 0,326363636363636 0,567368421052631 -0,376 0,218253968253968 0,432539682539683 -0,968 -1 -1 1 -1 -1 0,491818181818182 0,54421052631579 -0,6 0,351587301587302 0,565873015873016 -0,988 -1 1 1 -1 -1 0,358181818181818 0,617894736842106 -0,512 0,244444444444444 0,458730158730159 -0,992 -1 -1 1 -1 -1 
0,37 0,681052631578948 -0,672 0,21984126984127 0,434126984126984 -1 -1 -1 1 -1 -1 -1 1 1 -1 0,484545454545455 0,684210526315789 -0,48 0,353968253968254 0,568253968253968 -1 -1 1 -1 -1 -1 0,268181818181818 0,658947368421052 -0,672 0,151587301587302 0,365873015873016 -1 -1 -1 -1 -1 -1 0,384545454545455 0,687368421052631 -0,728 0,325396825396825 0,53968253968254 -1 -1 -1 -1 -1 -1 0,395454545454545 0,651578947368422 -0,592 0,187301587301587 0,401587301587302 -1 -1 -1 1 -1 -1 
0,517272727272727 0,532631578947369 -0,32 0,303174603174603 0,517460317460318 -0,92 -1 1 1 -1 -1 1 -1 -1 1 0,585454545454546 0,594736842105263 0,0640000000000001 0,462698412698413 0,676984126984127 -0,996 -1 1 -1 -1 -1 0,312727272727273 0,596842105263158 -0,688 0,165873015873016 0,38015873015873 -1 -1 -1 -1 -1 -1 0,497272727272727 0,596842105263158 -0,736 0,325396825396825 0,53968253968254 -0,996 -1 -1 1 -1 -1 0,486363636363636 0,521052631578947 -0,6 0,357142857142857 0,571428571428571 -0,968 -1 -1 1 -1 -1 
