3,02153333333332
3,45064799999999
1,94256533333336
2,36533600000002
1,11605600000002
1,12695466666667
3,36004266666666
2,95077333333336
1,41276
2,13386133333331
5,51212266666666
5,65445599999999
3,52352266666666
2,01218666666664
0,772016000000021
0,536149333333343
0,533546666666678
0,921669333333343
1,68376266666666
1,17250133333331
-0,89304
-1,85521333333336
-0,373157333333336
2,36192
1,24635200000001
-0,870592000000007
-1,49051466666667
-1,75745066666666
-1,99819733333334
-1,59657333333332
-1,55102666666668
-1,46660266666666
-0,362909333333343
0,523786666666679
0,213255999999986
-0,784541333333314
-1,26229333333332
-1,43081599999999
-2,18201066666666
-1,55688266666666
-1,30670133333331
-1,67579200000001
-1,59445866666665
-0,77705866666665
-1,41682666666664
-0,820490666666657
-0,554205333333329
0,466853333333357
0,127042666666664
2,15029066666666
3,61347733333334
3,34865600000002
3,26423200000001
2,54052799999999
2,61746933333334
2,64772533333333
2,30352266666666
1,64309600000002
0,934032000000007
0,0437573333333357
0,626104000000014
0,621712000000007
1,03732533333333
0,37445866666665
-0,608210666666693
0,47466133333335
0,678807999999993
0,744362666666664
0,728584000000014
1,46546399999998
2,35443733333334
1,97770133333335
1,09523466666664
0,863109333333343
0,775594666666671
1,43716
0,923784000000014
1,79453866666669
1,63577599999999
1,31516
0,229847999999993
0,966727999999993
1,26993866666669
-0,0788933333333215
-0,293613333333322
0,15241866666665
-0,658312000000007
-1,63968
-1,45066133333335
-2,00307733333334
-2,19193333333332
-1,10743466666667
0,643671999999972
0,956805333333329
0,522485333333328
0,817237333333336
1,07766666666664
0,0369253333333286
-0,0823093333333428
0,191133333333321
0,173727999999993
0,358029333333343
0,20496
-0,479053333333321
-1,43976266666666
-1,18762933333331
1,01471466666667
2,70791200000001
5,11700533333333
5,3924
4,01705333333336
2,51401333333332
3,97508533333333
5,57003200000001
5,07698933333334
3,55768266666666
2,51889333333332
0,393327999999993
-0,101504000000014
1,15005333333336
1,85082133333335
1,33289066666666
2,23666666666664
3,70961333333332
1,04171733333334
0,339485333333329
1,66147733333334
5,19378400000001
0,619272000000007
0,022773333333357
1,23301333333332
1,40544
-0,0590480000000284
-2,99453066666669
-3,89033599999999
-2,33963466666667
-3,62697866666665
-2,08701333333336
-2,0152773333333
-1,99852266666666
-1,99022666666668
-2,4156
-2,22837066666666
-1,26993866666665
-0,865549333333343
0,576165333333329
1,62861866666669
1,73305066666666
2,10929866666669
1,85179733333334
3,19802666666664
3,16549333333332
3,06675466666667
2,99550666666668
2,16184
0,542168000000028
-0,843426666666679
-1,40804266666666
-0,905077333333336
0,700442666666664
2,99989866666665
2,69359733333334
2,09205599999999
0,379664000000014
-0,995845333333329
-0,770552000000007
0,764370666666657
1,13264799999999
1,64049333333336
2,14654933333334
2,01918133333335
1,66652
2,04585866666665
1,90173599999999
2,42828799999999
1,79941866666665
-1,19478666666664
-1,85326133333331
-0,72468
0,319477333333336
1,20015466666667
1,90970666666668
2,09205599999999
2,22902133333335
2,58038133333331
2,16021333333332
0,509472000000007
-1,39356533333333
-2,02259733333334
-2,02698933333334
-2,35134666666664
-2,40632799999999
-2,44797066666666
-1,93166666666668
-1,64260799999999
-0,765346666666679
0,160389333333343
1,85212266666666
3,20160533333333
2,06928266666666
2,09693599999999
3,28196266666666
1,72264
0,889786666666678
1,71954933333334
3,27887199999997
2,80421066666666
2,42877599999999
1,26733599999999
0,591944000000014
1,17591733333334
1,28522933333334
0,98689866666665
-0,196826666666679
-0,904426666666678
-0,487024000000014
-0,390562666666664
-0,369253333333322
0,98445866666665
0,689055999999986
-0,695237333333336
0,792186666666678
2,14898933333334
0,752984000000014
-0,848144000000014
0,876447999999993
1,16192799999999
-0,21829866666665
-1,65171733333334
-1,08628799999999
-0,38552
0,915
2,87838666666664
2,34646666666668
2,72824533333333
1,88546933333331
0,801133333333321
1,43114133333335
0,287269333333343
-0,111914666666671
-0,438386666666678
0,715245333333329
2,50962133333335
3,18387466666667
3,51604
4,09871200000001
5,27739466666667
5,11668
6,78645333333332
6,40434933333334
4,67292533333333
1,42984
0,525575999999986
2,04146666666664
3,84023466666667
2,26236799999999
-0,689869333333343
2,07009599999999
2,66724533333333
1,53459733333334
-0,74533866666665
-1,62764266666666
-3,03601066666666
-3,55410399999998
-1,94175199999997
-0,730373333333357
-2,63959200000001
-1,66521866666665
-0,937285333333329
0,576815999999986
2,00047466666664
1,68099733333334
1,59576
1,22764533333333
1,05717066666666
0,369253333333322
-0,838872000000007
-2,09823733333334
-3,16679466666664
-3,28716799999999
-1,89669333333336
-1,33777066666666
-2,08050666666664
-0,724354666666671
0,67474133333335
-0,120698666666686
-0,60869866666665
-1,53443466666667
-2,04585866666669
-1,20275733333334
-1,02545066666666
-1,58534933333331
0,296053333333321
0,884906666666678
0,536962666666664
-1,26131733333334
-1,34915733333334
-1,57168533333333
-1,525
-1,15102933333334
0,840986666666643
1,77078933333334
0,851397333333336
0,887346666666679
1,55916
1,02219733333334
0,117933333333321
0,68938133333335
0,949810666666657
0,498410666666657
0,791373333333321
0,95534133333335
1,4396
1,00007466666667
0,0723866666666785
-0,559735999999986
-0,906053333333357
-1,02431200000001
-0,11468
0,332490666666657
-0,0457093333333428
0,356727999999993
1,04757333333332
1,36574933333334
1,82089066666666
1,18795466666667
1,71239200000001
2,62836799999999
1,76363200000001
0,225293333333357
1,02919200000001
2,93401866666665
3,28993333333332
2,61063733333334
1,56355199999997
0,898733333333321
1,5687573333333
2,13760266666666
0,64529866666665
-0,588853333333321
-0,867989333333307
-0,404226666666643
0,684175999999986
1,82788533333333
2,94800799999999
2,79900533333333
2,15289333333336
2,19437333333332
2,22072533333333
0,989663999999979
-0,187229333333343
1,42121866666665
3,24568799999999
3,38623200000001
1,28669333333332
-0,061
1,20259466666667
1,31629866666669
1,1468
1,35533866666665
2,05561866666669
2,86325866666669
2,58867733333334
0,932893333333357
-0,0078079999999929
0,0432693333333073
1,46351200000001
2,43951200000001
1,22813333333336
-0,61
-3,00250133333331
-1,75826400000001
0,353474666666671
2,23552799999999
4,28496533333333
4,25210666666664
0,77348
-0,759327999999993
2,25586133333335
2,31360799999999
2,50116266666666
2,99192799999999
4,83738133333335
5,68324800000003
2,14345866666665
2,06586666666668
1,16501866666669
1,08563733333334
-0,864898666666685
-3,52319733333334
-3,68960533333333
-2,42731200000001
-1,30881599999999
-0,493530666666657
-0,375597333333336
-0,141032000000007
1,72524266666666
3,04024
2,45545333333332
0,6879173333333
1,525
0,300770666666657
-1,51003466666667
-0,953064000000014
0,0281413333333499
-0,0668559999999858
-0,144773333333357
0,980554666666671
1,35143466666667
-0,575514666666671
-0,882954666666671
-2,99632
-4,41444800000003
-3,93783466666667
-2,18607733333334
-1,78266400000001
-1,45472799999999
-1,94321599999999
-2,01641599999999
-0,338346666666679
-0,22561866666665
0,0626266666666785
1,99152800000003
1,49328
2,17761866666669
3,12889333333336
1,00706933333334
1,71662133333335
3,44023733333334
2,49546933333334
0,534034666666671
-1,73256266666666
-2,62966933333331
-2,15500799999999
-1,39161333333336
-1,07246133333331
0,084586666666643
0,585274666666671
0,620085333333364
0,76128
0,68564
1,72914666666668
2,35948
1,51979466666667
2,37688533333333
2,97582400000001
1,70393333333336
0,653757333333336
0,229848000000028
-0,0798693333333073
-0,702069333333307
-0,706786666666679
-0,499711999999972
-1,30816533333333
-1,14907733333334
-0,853023999999979
-0,295402666666664
0,635213333333322
1,92174400000001
2,62169866666665
2,33068799999999
1,74606400000001
0,212930666666693
0,744362666666664
1,64163200000001
1,87668533333333
1,18762933333334
0,545909333333343
0,461810666666657
0,17568
0,7686
2,06521600000002
3,29839200000001
3,11230133333335
2,28839466666667
2,37948799999999
3,00705599999999
2,73166133333335
3,65658399999998
1,75501066666669
0,541029333333343
2,77102666666664
1,73077333333336
2,19746400000001
3,27220266666666
1,91800266666666
0,328586666666643
-0,417890666666657
-0,859855999999986
-0,250018666666686
-0,963962666666664
-0,164130666666693
0,288895999999986
0,0175679999999929
-0,768111999999972
-0,46848
0,958269333333343
3,99297866666665
3,29221066666666
-0,802434666666671
-3,26130400000001
-4,209
-2,45496533333336
-1,31678666666668
0,497434666666671
3,30392266666666
3,89749333333332
4,28610399999998
4,07105866666665
4,44161333333336
3,77077599999999
4,38451733333334
-0,0370879999999929
-0,174866666666679
-0,383567999999993
-1,50401599999999
0,423096000000021
3,22063733333334
2,95646666666668
2,48457066666669
2,78729333333332
3,03324533333333
2,94231466666667
0,321266666666678
-3,15849866666665
-4,25942666666668
-2,44585599999999
-0,647250666666657
-2,51808
0,0966240000000142
3,29481333333336
3,12433866666669
0,966402666666664
-0,0922320000000071
-0,0600239999999787
-0,612277333333336
-0,800970666666657
0,691333333333357
0,620085333333364
2,37395733333334
4,22852
3,96012
2,7744426666667
2,59550933333334
1,52630133333335
2,29278666666664
2,53093066666666
0,847493333333321
0,317362666666664
0,599426666666678
-0,588528000000028
-0,708087999999993
-1,49328
-0,891087999999993
0,320127999999993
-1,01926933333334
-1,27904799999999
-1,81893866666669
-0,0136640000000142
3,10937333333332
4,53953866666665
4,23502666666664
3,77549333333336
3,62421333333332
2,32710933333334
2,30433599999999
4,02274666666664
3,04089066666669
2,06619200000001
1,13167199999997
-0,759490666666657
-1,99217866666669
-2,91433600000002
-3,69318400000001
-2,21486933333334
-1,06514133333331
-1,29010933333334
0,24156
1,52190933333331
1,5080826666667
0,790722666666664
0,412847999999993
-0,341437333333336
-1,03813866666669
-1,64212
-1,78136266666666
-1,89734400000001
-2,44976
-3,29416266666666
-5,22452800000003
-4,00631733333334
-2,99420533333333
-0,744687999999993
1,80673866666665
1,10694666666664
0,216672000000007
0,776896000000021
-0,33184
-1,46237333333332
-2,12312533333336
-3,20372
-2,47172
-1,45912
-1,00170133333331
-1,53215733333334
-1,00267733333334
-2,00047466666667
-1,37990133333335
0,170474666666671
-1,50743199999997
0,0411546666666359
-1,17526666666668
-2,96232266666666
-1,68717866666665
-0,485722666666664
-0,386658666666686
-0,975186666666679
-2,01511466666667
-1,09621066666666
-0,889786666666643
-0,931754666666636
-1,17185066666666
-0,792349333333343
-0,511424000000014
-0,965589333333343
-2,84894399999998
-2,63471200000001
0,0377386666666856
1,57624
1,65757333333332
0,389098666666686
0,617970666666693
0,0938586666666501
-0,986247999999993
-4,04161599999999
-5,16141333333332
-2,51222399999998
-1,16144
2,81754933333334
3,90920533333333
-1,62992
-2,04878666666664
-1,49165333333332
0,163642666666664
4,80810133333335
6,27063733333334
5,53766133333335
1,05879733333334
-0,78812
-0,572912000000007
-0,747127999999993
-1,32378133333331
-1,28718133333331
-0,743711999999972
-0,162666666666643
0,972909333333343
0,618783999999979
0,524925333333329
0,535661333333314
0,847493333333357
1,96062133333335
1,72312799999999
0,37201866666665
-0,34892
0,335906666666679
1,19088266666666
1,83211466666667
1,97965333333332
2,41429866666669
3,06138666666668
3,33206400000001
3,37012799999999
1,49913600000002
0,292312000000007
2,34549066666669
2,20982666666668
1,78233866666669
1,85586400000001
1,78006133333331
1,07181066666666
1,56957066666666
3,11148800000003
2,87903733333334
0,633098666666686
0,27328
2,00128799999999
0,219437333333336
-1,93004
-2,48196799999999
-3,06529066666666
-2,66838400000001
-2,26854933333334
-1,02870400000001
-0,0276533333333215
1,65594666666664
3,2865173333333
1,76363200000001
1,30637599999999
2,04293066666669
1,53622400000001
0,847818666666686
2,05285333333336
2,20478400000001
1,08563733333334
1,29498933333331
2,07107200000001
1,78786933333334
0,77592
0,237167999999993
-0,237005333333329
-0,34273866666665
-0,435946666666678
-0,947045333333364
-1,27351733333334
-2,43154133333335
-2,98428266666666
-2,65716
-1,88807200000001
-1,92629866666669
-2,00942133333331
-1,48075466666667
0,0213093333333428
1,77192799999999
1,75322133333331
0,27816
0,50882133333335
2,87236799999999
5,02477333333332
4,72237600000002
2,56460266666666
1,48644800000003
1,47977866666665
2,38908533333333
2,83023733333334
1,63317333333332
1,49750933333334
2,60185333333332
2,14297066666666
0,69165866666665
1,01796799999999
2,04846133333331
0,221552000000007
-0,918090666666657
-0,820490666666657
-1,05229066666669
-0,761767999999993
-0,854650666666657
-0,935333333333357
-0,720775999999986
0,178607999999993
2,56964533333333
3,77289066666666
2,52230933333334
1,43634666666664
1,34818133333331
1,35110933333334
3,14532266666666
4,63860266666666
4,42485866666665
2,67147466666667
2,14996533333333
2,57452533333333
4,73782933333334
3,36736266666666
1,25318399999998
0,918090666666657
2,23601600000002
2,04341866666669
1,17884533333333
-0,241234666666671
-2,43024
-1,87522133333331
-0,269050666666657
-0,847655999999986
-2,19502400000001
-2,52117066666666
-2,73149866666665
-3,43064
-3,56890666666668
-4,25438400000001
-3,49391733333334
-2,48392
-1,71922400000001
-1,27888533333333
-1,89718133333331
-2,39185066666666
-1,80072
-1,7618426666667
-2,08278400000001
-1,77583200000001
-1,32801066666666
-2,64658666666664
-3,22372799999999
-3,21868533333333
-3,43112799999999
-3,12238666666668
-1,57201066666669
0,550789333333343
0,550626666666678
0,0255386666666501
-0,970144000000014
-2,40535200000001
-3,08090666666668
0,702394666666671
3,38997333333332
3,52677600000002
2,35590133333335
0,596498666666686
-1,17054933333331
-1,7324
-0,989664000000014
-0,132735999999986
0,562664000000014
1,05944799999999
0,856277333333336
0,733626666666643
0,587389333333343
0,344365333333329
-1,84350133333331
-1,39974666666668
-0,329562666666664
0,180071999999972
1,72264
2,54069066666669
2,88749599999999
1,04838666666668
1,66342933333334
2,32971199999997
2,60901066666666
2,00600533333333
1,91133333333332
1,952
1,35680266666666
0,998285333333329
0,819677333333336
1,93085333333336
0,479704000000014
-0,904914666666671
-0,50996
0,776082666666664
2,05773333333332
1,85521333333336
2,31669866666669
2,75557333333336
3,07407466666664
1,87359466666664
2,67684266666666
3,12189866666665
3,93816
3,71823466666667
3,25235733333334
2,46667733333334
0,972258666666685
0,0118746666666714
1,40348799999999
3,23381333333336
4,07414933333334
1,74638933333334
0,70272
0,926386666666643
2,43414399999998
2,46261066666666
1,93817333333332
0,608047999999993
-0,452375999999986
-1,13541333333332
-1,36835199999997
-0,473522666666664
1,27514400000001
2,95337600000002
4,2944
4,01314933333334
4,42876266666666
4,81444533333336
2,64837599999999
2,31133066666666
3,38997333333336
5,36848799999999
5,49976
3,09522133333335
0,653594666666671
0,0649039999999787
1,84708
3,38850933333334
3,13735199999997
2,21893599999999
0,560874666666671
0,34892
0,724842666666664
1,61755733333334
2,79737866666669
2,83186400000001
0,470106666666678
-1,12370133333335
-1,93150400000001
-2,08164533333333
1,03212
0,606095999999986
-0,979415999999986
-1,82219200000001
-1,89685600000002
-2,45496533333333
-2,20576
-0,959407999999993
-0,307602666666664
-0,660914666666671
-0,0198453333333641
1,78998399999998
2,58672533333333
2,35199733333334
1,86432266666666
2,18786666666668
1,90482666666668
1,35436266666666
-0,0320453333333641
-1,65188
-0,221714666666671
1,44090133333331
1,525
0,378850666666657
-0,848957333333336
-1,00999733333334
-0,265146666666643
0,370391999999972
0,822767999999993
1,36233333333336
1,30881600000002
2,62853066666669
3,28228800000003
3,01681599999999
3,24324799999999
3,0378
2,54557066666669
1,50645599999999
1,43537066666669
0,906215999999986
0,338997333333336
0,188042666666664
0,530293333333357
-0,133549333333343
-0,597962666666664
-0,358029333333343
0,0746639999999787
1,50417866666665
3,51294933333334
3,83112533333336
3,51490133333335
3,20876266666666
2,41169600000002
3,13117066666666
4,07447466666667
2,31604799999999
1,10206666666668
-0,693285333333329
-0,77461866666665
-0,252946666666679
0,645136000000021
2,56265066666666
3,51782933333334
2,69977866666665
1,58534933333334
0,373970666666657
0,415450666666693
0,727445333333329
1,51377599999999
2,45740533333333
3,87976266666666
4,86243200000001
3,66048800000003
2,41072
1,12077333333332
0,784866666666678
1,07067200000001
1,47571200000001
0,906215999999986
0,223016000000021
1,29840533333333
1,31239466666667
0,258802666666664
0,0850746666666714
0,757538666666686
1,91458666666668
2,07156
2,25911466666667
2,41885333333332
2,33166400000001
1,47197066666666
0,139242666666664
-0,02928
0,983970666666657
1,41796533333333
1,20552266666666
1,43569600000002
2,32597066666666
1,83097599999999
0,978277333333336
0,439525333333329
-0,194874666666671
-0,518744000000014
-1,08368533333333
-1,21495733333334
-0,122650666666657
-0,631309333333307
-1,34232533333333
-0,752007999999993
0,798367999999993
1,07018399999998
0,478402666666664
0,77836
1,62585333333332
2,45073599999999
1,34492799999999
-0,208375999999986
-0,748592000000007
-1,29303733333334
-2,89562933333334
-3,94141333333336
-2,31930133333335
-1,29433866666669
-1,03553600000002
-0,25864
-0,623013333333322
-1,36265866666669
0,0819840000000142
0,529154666666671
-0,0276533333333215
-1,36217066666666
-2,02373599999999
-2,03496
-0,67230133333335
0,80894133333335
0,414149333333307
-0,0600239999999787
0,636677333333336
0,575189333333343
0,659613333333322
0,674253333333321
0,26352
1,75989066666666
4,85592533333333
3,63982933333334
3,20176799999999
3,34036
3,86788799999999
2,66448
1,46806666666668
3,00705600000002
4,12002133333331
2,58168266666666
0,59536
-0,699792000000007
0,466365333333329
1,30149599999999
2,66594399999998
3,7089626666667
3,62209866666669
2,91026933333331
4,22656799999999
5,37466933333334
3,58436
2,74613866666665
5,02038133333331
4,91757599999999
1,61251466666667
1,57868
3,04040266666666
3,81941333333332
1,93378133333331
1,15037866666665
2,21974933333334
0,0653920000000071
-1,24862933333331
-1,65399466666667
-2,08929066666669
-1,77518133333335
-1,51654133333335
-1,24700266666666
-0,0699466666666785
0,0948346666666714
-0,224642666666664
-0,693773333333321
-2,13646400000001
-1,5982
-1,44366666666668
-0,607885333333329
-0,370554666666636
-0,712967999999993
-1,05538133333335
-1,44594399999998
-1,4274
-1,97949066666666
-1,41861600000002
-1,39161333333336
-1,65985066666666
-0,800645333333329
0,666445333333329
0,558922666666664
-0,130783999999979
-0,944930666666657
-1,21690933333331
-1,75663733333334
-1,76542133333331
-0,863109333333343
-0,723053333333357
-0,769087999999993
0,537287999999993
1,08303466666667
-0,245789333333343
-0,424234666666671
-0,377874666666671
-0,500037333333336
-0,51484
0,35868
1,02789066666666
1,95362666666664
1,00462933333331
-0,425048000000028
-0,335255999999986
-0,110776000000021
-0,05368
0,5246
0,0312320000000071
-1,09539733333334
-1,99998666666668
-1,67107466666667
-0,980391999999972
-0,292474666666671
1,91800266666666
4,00404
4,57239733333334
3,09196799999999
0,582509333333343
-1,61837066666666
-2,56167466666667
-2,43983733333334
-0,989013333333321
1,93410666666668
1,78282666666668
1,13996799999999
-0,152255999999986
-0,44896
3,10286666666668
3,72116266666666
3,63706399999998
2,85463733333334
0,49532
-1,00560533333333
1,15737333333336
0,85286133333335
-1,70328266666666
-1,17965866666669
-2,35720266666666
3,39485333333336
2,49579466666667
1,80722666666668
1,49246666666668
-0,488162666666664
-1,42252
-1,43472
-0,295565333333329
-0,81382133333335
-2,03430933333334
-1,79388799999999
-0,0712479999999929
-0,577141333333314
-0,298493333333357
-0,831551999999972
-2,31507200000001
-1,58469866666665
0,266122666666664
0,412847999999993
0,0876773333333357
-0,392514666666671
-0,567055999999986
-0,665306666666679
-0,909469333333343
0,444567999999993
1,34818133333331
0,615693333333321
-1,26896266666666
-1,95183733333334
-1,79730400000001
-0,670023999999979
1,31174400000001
2,59729866666665
3,74751466666667
2,91287200000001
2,16330400000001
2,04683466666667
-0,587226666666678
-2,89302666666668
-2,68221066666666
-2,44910933333334
-2,60234133333335
-3,03161866666669
-1,09458400000001
1,00462933333334
1,80820266666666
1,32670933333331
1,27140266666666
2,63162133333331
4,13026933333334
4,85755200000001
3,33938399999998
2,05757066666666
0,723703999999979
-2,07302399999998
-3,32604533333333
-2,62674133333331
-1,28571733333334
-0,0188693333333073
-0,289384000000014
-0,945906666666678
-0,434970666666693
0,19032
1,90254933333331
2,06635466666667
2,16460533333333
2,89188799999999
4,33669333333336
1,85293600000002
0,700605333333329
-0,378037333333336
-0,487674666666636
-0,25489866666665
-0,494994666666671
-1,68148533333336
-2,92734933333334
-3,27334133333335
-3,01421333333332
-2,12052266666666
-1,16745866666665
-0,0784053333333286
0,632448000000028
1,33614400000001
1,04643466666667
-0,0967866666666785
0,639930666666657
-0,22936
-1,08498666666668
-0,0515653333333286
1,23187466666667
0,30125866666665
-0,139893333333357
0,0190320000000071
-0,442127999999993
-0,0762906666666572
-0,449122666666664
-1,19267200000001
-1,09116800000003
1,04188
2,11190133333335
2,91433599999999
3,99964799999999
3,51343733333334
3,83698133333335
1,29742933333334
0,110125333333329
-1,10255466666667
-2,35150933333334
-2,73540266666666
-2,25098133333335
-1,84919466666664
-0,702394666666671
-0,495970666666693
-0,225781333333314
-0,112077333333336
-0,645949333333307
-1,15216800000003
-0,50752
-0,15128
-0,837895999999986
-1,67953333333332
-1,79860533333333
-2,33198933333334
-2,33556799999999
-2,49921066666666
-2,13044533333333
-1,20601066666666
0,587552000000007
-2,33475466666667
-1,49913599999999
-2,27896
-2,10897333333336
-0,655384000000014
0,146725333333329
0,555506666666643
1,42300799999999
2,59908799999999
3,43275466666667
3,9822426666667
3,62616533333336
0,0920693333333428
0,635863999999979
1,51995733333334
1,69336
3,24487466666667
2,38713333333332
0,330701333333314
0,909469333333343
1,00430400000001
2,42910133333335
1,55785866666665
1,68099733333334
1,34167466666664
1,22569333333336
1,88660799999999
2,99127733333334
2,18640266666666
0,191458666666686
-0,327610666666657
-0,65522133333335
1,76363200000001
2,12426400000001
1,46090933333334
1,78542933333331
1,53964
1,73516533333333
0,721589333333307
-0,0985760000000213
-0,324845333333329
0,105570666666693
0,445218666666686
1,62845599999999
2,98168
3,35109600000002
3,48545866666665
3,59542133333335
3,44430400000001
2,87578399999998
3,31823733333334
2,58997866666669
2,01088533333333
0,671975999999986
-0,665306666666679
1,23138666666668
2,17696799999999
1,02024533333333
3,23137333333332
5,40183466666667
3,30343466666667
0,389423999999979
-0,527690666666657
-1,96062133333335
-2,12881866666665
-1,98437066666666
-1,35875466666667
-0,320453333333321
1,16095200000001
1,74948
1,25546133333335
1,30344799999999
1,86513599999999
2,52653866666665
2,49953599999999
1,40186133333335
1,18990666666668
1,76184266666666
2,31783733333334
2,01397599999999
0,136965333333329
-2,4227573333333
-3,15443200000001
-3,14987733333334
-3,18273600000002
-2,59209333333336
-2,07351200000001
-1,90401333333332
-2,12491466666667
-1,91605066666666
-1,73728
-1,33614399999998
-0,684013333333357
-0,513538666666685
-0,849607999999993
-0,516466666666678
-0,293938666666686
-0,491416000000021
-1,71239200000001
-2,14297066666666
-1,41926666666664
-0,692471999999972
-0,856927999999993
-1,62211200000001
-1,769
-1,65822400000001
-0,198616000000021
-0,433669333333343
-0,685151999999972
-0,670837333333336
-0,819677333333336
-2,15175466666667
-3,84966933333334
-3,64487200000001
-3,74491200000001
-3,28733066666669
-1,35794133333335
1,02528800000003
1,84350133333331
-0,0967866666666785
-1,83780799999999
-1,60796
-1,26668533333333
-2,43756
-3,72490400000001
-4,10245333333336
-4,23274933333334
-3,97850133333335
-2,25651200000001
-2,88879733333334
-1,37599733333334
-0,672626666666678
-1,19153333333332
-1,3784373333333
-1,74346133333331
-1,93410666666668
-2,09514666666668
-1,30686400000001
-0,0701093333333428
-1,37258133333331
-2,06098666666668
-1,36802666666664
-2,84617866666665
-4,66153866666669
-4,59972533333333
-2,54199200000001
-0,35868
0,512237333333336
-0,219437333333336
-1,18551466666667
-1,06172533333333
-1,64878933333331
-1,18681600000002
-1,2686373333333
-1,26701066666669
-0,982506666666643
-0,148189333333343
1,34492799999999
1,61544266666666
0,254735999999986
-0,594384000000014
-0,654570666666657
-0,406504000000014
-0,333629333333343
-0,250994666666671
0,515002666666664
2,60380533333333
3,10677066666666
1,59966399999998
-1,01861866666665
-3,12905599999999
-2,87594666666668
-1,08872800000003
-0,367952000000007
-0,105570666666657
0,258802666666664
0,432205333333329
0,6832
0,25994133333335
-0,277834666666671
-0,77705866666665
-0,940213333333321
-1,12207466666664
-1,88172800000003
-1,58030666666668
-1,67758133333335
-2,04358133333335
-1,66294133333331
-1,60015200000001
-1,78998400000001
-1,55362933333334
-2,22218933333331
-2,74434933333334
-2,98233066666666
-2,55793333333332
-2,6914826666667
-1,95330133333331
-0,301909333333343
0,407154666666671
0,0984133333333215
1,48368266666666
2,23048533333336
1,68685333333336
0,914674666666671
0,534685333333328
-0,64529866666665
-0,84049866666665
-0,965914666666671
-1,26245600000002
-1,85635200000001
-2,56167466666667
-2,91075733333334
-1,53232
-0,39414133333335
-1,66554400000001
-3,54662133333335
-1,52174666666668
0,52085866666665
0,990965333333328
0,284829333333307
-0,364210666666657
-0,42325866666665
-1,03456
-1,17022400000001
-1,11003733333334
0,24757866666665
2,22967199999997
2,36013066666666
1,75273333333332
0,0925573333333357
0,190157333333336
-0,540541333333314
-0,727933333333321
-0,196826666666679
-0,740296000000021
-1,53036799999999
-2,11482933333334
-1,33289066666669
-0,638954666666671
0,927525333333329
2,06326400000001
2,92181866666665
4,46894133333335
6,78433866666665
6,27746933333331
3,46756533333333
4,21241599999999
5,68113333333332
6,66152533333333
6,30788799999999
4,34043466666664
5,79597599999999
6,57205866666669
4,45966933333334
1,79096
1,64228266666666
-2,84585333333332
-2,65358133333335
-0,959570666666657
1,23268799999999
0,652943999999979
0,596661333333314
-0,0971120000000071
0,593082666666664
1,5372
2,04683466666664
0,77592
-0,17568
-1,20828799999999
-1,93638400000001
-1,56290133333331
-0,108010666666657
-0,237330666666657
-0,151117333333336
1,12516533333333
1,43504533333333
0,326146666666643
-0,762093333333357
-0,170149333333307
3,14548533333333
3,84527733333334
3,24959200000001
2,54736
1,39161333333332
2,23504
-0,103618666666686
-0,980554666666671
1,26831200000001
3,40933066666666
2,57029600000002
0,4392
-0,15372
-0,134037333333336
0,83090133333335
0,793325333333329
0,0997146666666714
0,0305813333333499
0,48556
0,166245333333329
0,57958133333335
1,08466133333331
0,678482666666664
-0,130133333333357
0,500037333333336
1,73044799999999
2,64788799999999
3,99005066666666
3,42885066666666
2,54313066666666
1,88807200000001
2,92897599999999
3,17574133333335
2,36175733333334
3,33596800000003
3,95995733333334
3,87553333333332
3,06903200000001
2,61193866666669
1,59462133333331
1,68782933333334
3,57931733333334
3,22844533333333
1,58860266666666
2,28611733333334
0,820490666666657
0,545746666666678
1,13411200000001
0,971282666666664
0,103293333333321
-0,14396
-0,0751520000000071
1,86383466666667
2,6596
1,26099200000001
0,0655546666666714
0,91630133333335
2,99046400000001
2,69213333333332
2,23471466666667
2,76175466666667
1,90677866666665
0,0875146666666714
-1,08222133333331
-1,31223199999997
-1,00885866666669
0,137941333333314
0,411872000000007
1,40365066666666
1,90856799999999
1,92955200000001
3,18956799999999
2,98737333333336
3,72864533333333
5,10919733333334
5,02753866666669
4,47430933333334
3,97915200000001
2,51873066666669
2,39721866666669
1,16583200000001
-0,628544000000014
-1,12760533333333
-1,60421866666665
-2,70286933333334
-3,01632800000003
-2,38680799999999
-2,10767199999997
-1,98209333333332
-0,703208000000028
-0,0497760000000213
-0,487674666666671
0,586087999999993
2,94475466666667
4,90309866666665
5,09683466666667
1,92971466666667
-0,500362666666664
1,52239733333334
5,29154666666668
4,95840533333333
2,01039733333334
-0,253597333333336
-1,29986933333334
-2,05984799999999
-2,97159466666667
-2,75427200000001
-0,930615999999986
-0,594384000000014
-0,0530293333333428
1,44513066666669
3,16110133333331
3,74735200000001
3,31888799999999
3,38688266666666
2,32174133333335
1,84236266666666
0,635376000000021
1,62194933333334
2,00470400000001
1,60129066666669
2,57306133333335
2,74451200000001
2,1228
2,48798666666668
2,24658933333331
0,991453333333357
0,245464000000014
-0,488975999999986
-1,59576
-1,34427733333334
-2,65520799999999
-2,59681066666666
-2,14557333333336
-0,493855999999986
0,374458666666686
0,408944000000014
0,982669333333343
0,350221333333314
1,12695466666667
3,57264800000003
1,85114666666668
-0,92476
-1,86106933333331
-1,18161066666666
-1,67384
-1,72312799999999
-0,518418666666686
-0,238632000000007
1,32687200000001
1,08059466666667
1,18795466666664
1,63642666666668
2,33280266666666
1,91979200000001
0,747290666666657
1,63284799999999
0,614392000000007
-2,57517599999999
-3,60046400000001
-3,25398400000001
-1,74638933333334
-0,389586666666643
0,619434666666671
2,09026666666668
2,13077066666666
1,07636533333333
0,704509333333307
1,31987733333334
1,30735200000001
2,30596266666666
3,95036
3,16321599999999
1,94158933333331
2,75150666666668
2,72726933333334
0,466365333333329
-1,24293600000002
-1,64228266666666
-1,21707199999997
-2,32971200000001
-2,26139200000001
-1,92369599999999
-1,88058933333334
-1,72003733333334
-0,738994666666671
-0,356565333333329
0,0912559999999858
-0,0971120000000071
-0,158274666666671
0,145749333333343
0,187554666666671
0,0914186666666856
-0,262218666666686
-0,0112240000000142
0,74062133333335
1,40039733333334
1,65464533333333
1,53589866666665
0,883117333333336
0,583485333333329
0,774130666666693
0,222690666666657
-0,38177866666665
0,42325866666665
0,282714666666671
-0,311344000000014
0,0216346666666714
2,1838
2,01592799999999
0,101992000000007
0,44782133333335
-0,277509333333343
0,0849120000000071
1,10759733333334
1,50401600000002
0,689869333333343
0,471570666666657
1,12728
1,65562133333335
1,26538400000001
1,27986133333335
-0,286455999999986
-1,79226133333335
-1,89246399999998
-2,30043200000001
-1,43634666666668
-1,33988533333333
-0,861970666666693
-0,360957333333336
-2,03463466666667
-3,61494133333331
-2,67505333333332
0,676205333333364
2,23178666666668
2,52458666666668
1,68945599999999
1,15395733333334
0,939725333333329
1,53915200000001
1,33402933333331
2,47725066666669
2,50766933333334
3,24341066666666
3,26081599999999
3,76670933333334
2,62739200000001
2,86033066666666
2,21730933333331
1,07408799999999
2,79249866666665
3,31872533333333
1,60730933333334
-0,215045333333364
-1,31125599999999
-0,304674666666671
1,1323226666667
0,689544000000014
1,32085333333336
3,05357866666669
5,31936266666666
6,63126933333334
6,80711199999997
4,38679466666667
0,679621333333314
-0,930941333333314
1,22520533333333
2,79916799999999
2,65081599999999
1,71580800000003
2,75541066666666
2,66984800000003
1,45814399999998
0,104757333333336
0,360306666666678
1,20519733333334
0,65505866666665
-0,813821333333314
-0,589829333333307
0,110775999999986
0,404226666666678
0,279135999999986
0,320290666666657
0,645298666666686
0,43562133333335
0,366162666666664
1,85879200000001
2,30270933333334
1,31011733333334
0,837896000000021
1,63854133333335
2,43934933333331
2,42666133333335
-0,342738666666686
-0,596335999999986
-0,213744000000014
0,599426666666678
0,838383999999979
-0,401624000000014
-1,88921066666669
-1,49994933333334
-0,408293333333321
-0,597311999999972
-0,815773333333321
-0,609186666666643
-0,57470133333335
-0,164293333333357
-0,185277333333336
0,0702720000000071
0,66742133333335
1,14126933333334
1,49913599999999
1,46042133333331
1,19462400000001
1,30735200000001
2,86374666666668
3,93328
3,22893333333336
2,21438133333335
1,9957573333333
1,11947199999997
0,0787306666666927
0,0120373333333357
0,470757333333336
2,17566666666668
2,29961866666665
2,03788799999999
1,94777066666666
1,66749600000002
1,24244799999999
0,792186666666678
0,510773333333357
1,66473066666666
2,31669866666669
0,336394666666671
-1,43325599999999
-0,386007999999993
-0,165432000000007
-0,43188
-0,105082666666664
0,27816
0,90036
1,08824
0,0432693333333073
-0,464901333333314
-0,160389333333343
0,727770666666693
1,21121600000002
3,74491200000001
5,51082133333331
4,40696533333333
1,69254666666664
-0,448146666666643
-0,546722666666664
-1,00105066666669
-0,743386666666679
0,813333333333321
0,895154666666671
0,3588426666667
-0,804549333333343
-2,54378133333331
2,46700266666666
2,99989866666665
3,40900533333333
2,89579200000001
2,44325333333332
0,503290666666657
-0,168034666666671
1,06888266666666
2,01641600000002
-0,233751999999972
1,04269333333332
3,79176
3,52075733333334
2,35850399999998
1,25448533333333
1,43162933333331
2,26383200000001
2,54638400000001
1,25806399999998
2,05870933333334
3,74296
3,25398400000001
2,37688533333336
3,18143466666667
1,9886
1,45082400000001
2,22755733333334
1,99510666666668
2,17550400000001
1,17786933333334
0,115005333333329
-0,312482666666664
-0,610650666666657
-1,78640533333333
-2,18754133333331
-0,790234666666671
-0,19877866666665
-0,490602666666664
-0,75282133333335
-0,654082666666664
-0,766647999999993
-0,7198
-0,485885333333364
1,11573066666666
2,12540266666666
2,09498399999998
1,27026400000001
0,528504000000014
-0,525087999999993
-1,38510666666668
-0,716383999999979
-1,15216799999999
-0,412522666666664
0,420330666666657
1,41308533333333
1,44952266666666
3,10042666666668
3,32230399999998
2,95256266666666
2,18998133333335
0,2096773333333
-0,0880026666666643
-1,46774133333331
-1,26814933333334
-0,341112000000007
0,978602666666664
-0,561037333333336
-0,23049866666665
-0,677832000000007
-1,43602133333335
-1,16810933333331
-0,913373333333357
-0,822442666666664
-0,535823999999979
1,72377866666665
4,14312
3,40689066666666
1,81487200000001
0,680922666666664
0,667583999999979
1,66440533333333
2,13109600000002
2,57566399999998
2,48701066666666
2,14541066666669
2,14476
2,32824799999999
1,40690400000001
2,58038133333335
3,4282
3,33255199999997
2,03349600000002
1,73809333333332
2,98509600000002
0,87352
-1,38592
-0,282877333333336
-0,932730666666693
-1,68815466666667
-2,09335733333334
-0,99552
-0,341762666666664
0,548837333333336
1,34899466666667
-0,0239120000000071
-1,47083200000001
-1,29694133333335
-0,370066666666643
0,548349333333343
1,17168799999999
1,72621866666669
1,40706666666668
0,880351999999971
1,44025066666666
2,2254426666667
2,47627466666664
1,01308799999999
0,344527999999993
0,29768
0,660264000000014
2,35980533333333
2,65472
2,21129066666666
-0,278322666666664
-4,30074400000001
-4,25975200000001
-2,89400266666666
-1,35485066666666
3,74946666666668
1,79258666666664
0,752821333333314
-0,268887999999993
-0,228384000000014
-0,347130666666657
-0,664167999999993
0,146887999999993
0,335418666666686
0,282063999999979
-1,03765066666666
-2,41185866666669
-2,07269866666665
-1,24212266666666
0,368927999999993
0,892552000000007
0,528829333333343
-0,444405333333329
-1,05164
-1,46107200000001
-2,22284
-1,54565866666669
-0,942815999999986
-1,17689333333332
-0,974210666666657
-0,94428
-0,189831999999972
1,63284799999999
2,90392533333333
2,74955466666667
2,53109333333332
3,31677333333332
2,41608800000003
2,31637333333336
3,40022133333335
2,11987200000001
1,83357866666665
2,15988799999999
2,58688799999999
2,01820533333333
1,66066400000001
2,56736799999999
2,29246133333335
2,07709066666666
2,34305066666666
2,90945599999999
3,67447733333334
3,52547466666667
3,95524
1,62097333333332
1,88449333333332
2,15793600000002
1,17282666666668
0,564616000000021
-0,0832853333333286
-0,898570666666657
-0,233426666666679
-0,412522666666664
-2,11417866666665
-2,67977066666666
-2,01316266666666
-1,30751466666667
-1,51670400000001
-2,14085599999999
-1,72703200000001
-0,307765333333329
0,324845333333329
1,28425333333332
2,61779466666667
3,3916
2,26497066666669
2,76972533333333
0,398045333333329
-0,39772
-1,51735466666667
-3,17053599999999
-2,60494400000001
-2,22072533333333
-2,42454666666664
-1,89848266666666
-2,05138933333334
-2,12068533333333
-1,58095733333334
-1,68848
-1,70360799999999
-0,641232000000007
-0,434807999999993
0,464413333333322
0,669373333333322
0,225130666666657
-0,0468480000000284
-0,761767999999993
-2,03008
-2,86065600000002
-1,98908799999999
-0,982344000000014
-0,808290666666657
-1,08791466666667
-1,85911733333334
-1,86546133333335
-1,63170933333331
-1,38348
-0,892226666666678
0,296053333333357
1,11996
1,73402666666664
3,35467466666667
3,26276799999999
0,989013333333357
0,725493333333357
0,0227733333333215
-0,67945866666665
1,20714933333334
2,92393333333336
1,50905866666665
-0,9880373333333
-1,85684
-2,42893866666669
-3,40656533333333
-3,25512266666666
-1,10255466666667
-0,996170666666693
-1,26050400000001
0,797229333333343
2,58363466666667
1,97152
1,26326933333334
0,644485333333328
-1,04285599999999
0,498898666666686
1,06172533333333
2,11076266666666
2,75850133333331
2,09417066666666
1,44822133333331
1,13834133333335
-0,01708
-1,07473866666665
0,419354666666636
1,10954933333334
-0,931429333333343
-1,16274133333331
0,61488
1,55606933333334
-0,561362666666664
-0,907192000000007
-0,553717333333336
0,736066666666643
2,35638933333334
2,58103199999997
1,98583466666667
1,56290133333331
1,87066666666668
1,49799733333334
1,61739466666667
2,28497866666669
1,85391200000001
0,482632000000007
-0,2562
-1,13313599999999
-1,19673866666669
0,390562666666664
2,95435200000001
3,30066933333331
1,41032
0,771365333333328
1,79941866666665
2,05545599999999
-0,120047999999993
-2,43658399999998
-2,50360266666666
-1,75257066666666
-1,92922666666668
-1,56127466666667
-0,616181333333314
0,336882666666664
1,09393333333332
1,48075466666667
0,700930666666657
0,299306666666678
0,221226666666679
-0,17324
-0,128181333333314
0,352173333333322
1,71678400000001
1,79226133333335
-0,556807999999993
-2,3424
-2,54622133333335
-2,38388
-1,31776266666666
-1,25350933333331
-0,818050666666693
-0,212605333333364
0,32452
0,969493333333321
1,42105599999999
0,788608000000028
0,567869333333307
0,338672000000007
0,835455999999986
0,707111999999972
-1,12012266666666
-1,72930933333334
-1,83390400000001
-1,26522133333335
-0,214557333333336
0,326797333333336
0,461973333333321
-0,548674666666671
-0,94428
-0,613253333333321
-0,676530666666657
-1,01162399999998
-1,25611200000001
-1,13281066666666
-0,0374133333333215
1,29840533333333
2,47855200000001
2,05903466666667
0,791047999999993
0,537613333333357
0,689056000000021
1,94923466666667
2,75248266666666
3,66292800000003
4,31603466666667
2,63698933333331
-0,568682666666664
-1,47489866666665
0,815773333333321
1,94679466666667
2,18998133333331
2,33101333333336
1,77209066666669
0,954202666666664
-0,9272
-0,430741333333314
1,11068799999999
1,38348
0,382266666666678
0,35510133333335
0,359167999999993
-1,02821599999999
-2,51954400000001
-2,03447200000001
-1,84886933333331
-0,71622133333335
-1,02382399999998
0,849770666666693
3,90253600000002
3,22893333333336
2,62722933333334
5,92057866666669
4,51172266666666
2,53825066666666
0,34404
1,48173066666666
5,28894400000001
6,56652799999999
4,91285866666665
3,14938933333331
1,05700799999999
0,463762666666664
1,65627200000001
1,36916533333333
-0,0956479999999929
0,838872000000007
0,442778666666686
-1,51410133333335
-2,11092533333333
-1,52337333333332
-1,21268
-1,94207733333334
-1,54012799999999
0,149653333333321
1,16973599999999
1,75614933333331
1,07604
0,441477333333336
0,64416
2,14345866666665
2,22706933333331
1,48286933333334
1,08824
4,65893599999999
5,86397066666666
3,66504266666666
2,31344533333333
1,66570666666668
1,01796799999999
0,924109333333343
1,42821333333332
2,03138133333331
1,48644799999999
1,19673866666669
1,75989066666666
0,374458666666686
0,922970666666657
2,14541066666666
2,08310933333334
1,89295199999997
2,81803733333334
2,40209866666665
2,56915733333334
2,75215733333334
1,81373333333336
2,09335733333334
0,5049173333333
-0,265797333333336
-0,0278159999999858
1,08563733333334
1,83146399999998
2,38322933333331
2,25521066666666
2,85236
2,94442933333334
2,89790666666664
2,14964
1,72735733333334
0,910445333333364
0,312482666666664
-0,949647999999993
-1,93150400000001
-1,87213066666669
-0,754285333333328
0,537775999999986
-0,274418666666686
-1,23041066666666
-1,50255200000001
-1,70181866666669
-2,38892266666666
-2,50441600000002
-2,49904799999999
-2,61291466666667
-2,66822133333331
-2,71816
-2,16346666666664
-1,63268533333333
-1,49913599999999
-2,32580799999999
-3,31726133333331
-2,82389333333332
-1,12516533333336
-0,324682666666664
0,527527999999993
1,18632799999999
2,22690666666668
2,63601333333332
1,88400533333336
2,14947733333334
2,04862399999998
3,94694400000001
3,73970666666668
2,17387733333334
1,33598133333335
1,19641333333336
0,8297626666667
0,294264000000014
1,09669866666665
3,63283466666667
3,33515466666667
1,50726933333331
-0,0011386666666501
0,0888159999999858
-0,228221333333314
-0,801621333333314
-0,401624000000014
-0,388122666666664
0,0336720000000071
0,286944000000014
-1,37144266666666
-0,287106666666679
3,46984266666666
4,86519733333334
7,18856533333333
7,22207466666667
6,66429066666666
4,38354133333335
2,99225333333332
2,65049066666666
3,45325066666666
4,78386400000001
5,79646399999998
1,58063200000001
1,83357866666665
0,740296000000021
0,326634666666671
-0,685152000000007
0,326797333333336
1,06530399999998
0,865549333333343
1,10288
1,13785333333332
2,14313333333332
3,96256
1,77518133333331
1,68620266666666
0,375434666666671
-0,940376000000021
-0,377712000000007
0,429765333333329
1,08222133333335
1,79144799999999
2,36468533333333
1,81178133333335
-0,71248
-1,54403200000001
0,0476613333333499
0,719962666666664
0,0416426666666998
-0,237330666666657
0,167546666666643
-0,137127999999993
-0,282226666666679
-0,304349333333307
0,920367999999993
-0,321592000000007
-1,40804266666666
-0,641882666666664
0,344690666666657
1,93638400000001
2,59404533333333
2,35508799999999
2,01088533333333
1,83878400000001
2,95451466666664
2,19518666666664
-0,16104
-0,815122666666664
-0,62821866666665
-1,06286400000001
-1,97200799999999
-1,69026933333334
-0,628706666666643
-0,579093333333321
-0,842450666666657
-1,34476533333333
-1,92109333333336
-1,97770133333335
-2,11808266666666
-1,20584799999999
0,6222
1,18405066666666
1,42317066666666
1,55086400000001
1,5764026666667
1,52434933333331
2,88652
3,49033866666665
1,00251466666667
0,127205333333329
1,39616800000003
1,75728799999999
1,55932266666666
1,42430933333331
1,32736
0,804712000000007
-0,41854133333335
-0,422770666666657
0,175191999999972
0,168197333333336
0,0761280000000284
0,731674666666671
0,820815999999986
1,37323199999997
-0,478727999999993
-1,80072
-1,69742666666664
-0,473034666666671
1,40332533333333
2,18607733333334
2,69327200000001
2,20917600000002
0,875472000000007
0,690682666666664
0,875634666666671
0,721264000000014
-0,45985866666665
-0,77348
-0,830087999999993
-1,06400266666666
-0,461973333333321
-0,263682666666664
1,22227733333334
2,74190933333334
3,68862933333334
3,07635200000001
2,50734400000001
4,77898399999998
3,91961599999999
0,0870266666666785
-0,96754133333335
-0,569007999999993
-0,922645333333364
0,448471999999972
1,63951733333334
2,12719200000001
4,95238666666668
6,35359733333333
4,11400266666666
-0,630170666666657
0,0985759999999858
2,20022933333334
3,08383466666667
7,17522666666668
4,28268799999999
2,69327199999997
1,41048266666666
2,88456799999999
2,27082666666668
1,76281866666669
0,947695999999986
0,588853333333321
1,12174933333334
3,40786666666664
4,52701333333332
4,70009066666669
3,77175199999997
3,60859733333334
4,48764800000003
4,13417333333336
2,86618666666668
2,58688799999999
3,41469866666665
2,50213866666669
-0,0060186666666501
-0,882954666666671
0,0359493333333428
1,10239200000001
1,70751199999997
1,00186400000001
-0,632773333333321
-0,750055999999986
-0,48068
-0,248392000000007
-0,335093333333357
-0,706298666666686
-0,288245333333329
0,67344
2,16184
1,72735733333334
0,84554133333335
1,43325599999999
0,835293333333321
2,02959200000001
2,31702400000001
1,74248533333333
2,24024533333333
2,58444799999999
1,83227733333334
-0,105896000000021
-0,543143999999979
-0,174704000000014
-0,0135013333333499
0,0803573333333357
-1,23415200000001
-2,64170666666668
-2,96411199999997
-2,58981599999999
-2,20982666666668
-0,922645333333329
-0,62089866666665
1,37046666666668
2,25065599999999
2,06684266666666
1,93589599999999
1,88612
1,32475733333334
1,28604266666666
0,70028
-1,28506666666668
-2,41202133333335
-1,97965333333332
0,334605333333329
0,689381333333314
-0,221877333333336
-0,691170666666657
-0,242535999999986
-0,35005866666665
0,0930453333333286
0,187066666666679
-0,022773333333357
-0,541029333333307
-0,634237333333336
-0,494181333333314
-0,58185866666665
-0,285154666666671
0,46961866666665
0,729072000000007
0,0312320000000071
-1,14354666666668
-1,51052266666666
-1,78054933333334
-1,1102
-1,08726400000001
-1,50743200000001
-0,428138666666686
-0,327122666666664
-1,42967733333334
-2,36777599999999
-2,18575200000001
-0,81008
0,631797333333336
0,979578666666686
0,95648
0,933706666666643
0,57584
0,790072000000007
0,46848
-0,188856000000021
-0,256037333333336
-0,197314666666671
0,0514026666666643
0,366650666666657
0,892714666666671
1,89311466666667
2,81332
1,59592266666666
2,48993866666665
2,87366933333334
2,49986133333331
4,12164799999999
6,21077600000002
3,81030400000001
2,42064266666666
2,40681599999999
1,76168
2,06960799999999
1,68815466666667
1,32524533333333
1,70474666666668
1,62552799999999
-1,16469333333336
-2,78794400000001
-1,34460266666666
0,559410666666693
1,75110666666664
3,74800266666666
5,18874133333331
4,46812800000003
1,61316533333333
0,703208000000028
3,02511199999997
2,14297066666666
-0,248392000000007
0,514514666666671
1,20942666666664
2,19095733333334
2,46358666666668
2,46651466666667
0,317687999999993
-2,08115733333334
-2,35606400000001
-0,902474666666636
-1,48742400000001
-3,85894133333331
-4,00957066666666
-3,39794400000001
-3,40347466666667
-3,94206399999998
-3,97573600000002
-2,88391733333334
-2,0862
-1,59787466666667
-1,59055466666667
0,0491253333333286
2,45333866666665
2,57842933333334
1,84447733333334
1,33240266666666
0,227407999999993
0,581696000000021
0,645949333333343
-0,26709866666665
-0,759490666666657
-0,491253333333357
0,422282666666664
1,70539733333334
1,68116
2,27180266666666
3,64405866666669
4,33620533333333
4,42778666666668
3,58696266666666
1,91409866666669
0,359167999999993
0,321266666666678
1,04643466666667
0,502152000000007
0,186578666666686
1,55005066666669
3,33661866666665
3,21104
2,41690133333331
2,60266666666664
2,00128799999999
2,34565333333332
2,01121066666666
2,65049066666666
3,82087733333334
2,1763173333333
1,51019733333334
3,23706666666664
1,76834933333334
-0,364698666666686
-0,522810666666657
-0,177469333333343
0,272792000000007
1,40137333333332
2,04781066666669
2,69750133333331
3,75613599999999
4,44226400000001
3,43389333333336
1,66391733333334
1,85196
3,12824266666666
2,60949866666669
0,830901333333314
0,673277333333336
-0,06588
-1,72979733333334
-1,93329333333336
-2,05464266666666
-2,01641599999999
-2,29717866666665
-1,93687199999997
-0,616994666666671
1,1346
1,80722666666668
2,76012799999999
4,28854400000001
4,74986666666664
2,28302666666664
-0,1364773333333
-1,96338666666668
-3,44088799999999
-2,15321866666665
-0,515002666666664
1,22992266666666
3,85991733333334
3,42201866666669
1,99282933333334
1,14663733333334
1,55688266666666
2,09856266666666
2,40649066666669
2,83316533333333
4,76255466666667
3,58549866666665
-0,405527999999993
0,0567706666666572
1,30458666666668
0,786168000000028
0,652944000000014
0,888322666666664
2,19860266666666
1,44854666666664
2,59485866666665
2,17892
4,92359466666667
5,09000266666666
5,37808533333333
5,82297866666665
3,85243466666664
3,84836799999999
4,34043466666667
0,88929866666665
0,144610666666657
-0,2684
-1,15037866666669
-2,03642399999998
-2,65618400000001
-3,91489866666669
-4,10456800000003
-3,75776266666666
-2,80990400000001
-1,45928266666666
-1,85537599999999
-1,78429066666669
-1,86838933333331
-1,04090399999998
-1,13980533333333
-1,21642133333335
-1,39633066666666
-1,33484266666666
-1,72979733333334
-1,89750666666668
-2,15565866666669
-2,14736266666666
0,346805333333329
1,88107733333334
4,12034666666668
3,72766933333334
2,31246933333334
1,03098133333331
0,279298666666686
1,39502933333331
1,32914933333331
1,43016533333333
2,52588800000003
2,98444533333333
3,34036
3,14434666666664
2,37834933333334
3,81811200000001
3,24487466666667
2,31279466666667
2,53613599999999
1,77388
1,27433066666669
1,46318666666668
1,73793066666666
-0,0078079999999929
-1,22845866666669
-1,55509333333336
-1,32443200000001
-1,02431199999997
0,100365333333329
1,32101600000002
1,96647733333334
2,16411733333334
2,38583200000001
1,88286666666664
1,81405866666665
1,86025599999999
2,54801066666669
3,8114426666667
3,99997333333332
3,19054400000001
2,43235466666664
1,27921066666666
1,11524266666666
1,54696
1,44822133333331
-0,729885333333329
-3,32035199999997
-3,53002933333334
-3,32393066666666
-3,13230933333334
-2,87659733333334
-2,29945600000002
-1,20080533333336
-0,569007999999993
-0,718824000000014
0,669210666666657
1,27823466666667
0,633749333333343
-0,0374133333333215
-0,0894666666666785
0,915813333333357
1,51930666666668
2,45577866666665
2,5545173333333
2,93580799999999
2,58265866666665
3,59997599999999
3,65463200000001
0,572749333333343
-1,92467200000001
-1,84561600000002
0,0958106666666927
2,29002133333335
2,66073866666665
2,53353333333332
1,95980799999999
1,04545866666665
0,321429333333343
0,807477333333336
1,40104799999999
2,11857066666666
2,58607466666667
0,990314666666671
-0,767461333333314
-1,04074133333331
1,28636799999999
2,77737066666666
4,98296799999999
5,11326400000001
3,09489600000002
1,57168533333333
0,15973866666665
-0,568357333333336
-1,67465333333336
-1,83927200000001
-2,66675733333334
-4,23714133333331
-4,54572
-4,72823200000001
-5,04608266666666
-4,82144
-3,75646133333335
-1,75940266666666
-1,24147200000001
-2,45285066666666
-2,36761333333332
-1,64927733333334
-0,539890666666657
-0,388773333333321
-0,322730666666657
0,331026666666678
1,31385866666665
1,04513333333336
2,10718400000001
1,93134133333335
2,20576
5,22094933333334
2,91498666666664
-1,77534400000001
-3,04674666666668
-2,33459200000001
-2,15809866666665
-1,27351733333334
-0,131109333333343
0,707762666666664
0,56721866666665
0,436109333333343
0,0092720000000071
-0,258314666666671
-0,201218666666686
0,657823999999979
1,14013066666666
0,162504000000014
0,394792000000007
1,60112799999999
2,99111466666667
2,32499466666667
1,01325066666669
3,45325066666666
3,12466400000001
1,45293866666665
-1,43390666666668
-2,83186399999998
-3,92270666666664
-4,65064
-4,68057066666666
-4,33083733333334
-3,31417066666666
-2,90099733333334
-3,10075200000001
-1,93719733333334
-0,843914666666671
-1,22276533333333
-1,20910133333331
-0,643346666666678
-0,398370666666657
0,541029333333343
1,12158666666664
1,06221333333332
1,01064799999999
1,19494933333331
0,333629333333343
0,653757333333336
0,834967999999993
1,18209866666669
1,12841866666669
0,782101333333314
0,3416
0,138104000000014
0,953226666666678
3,10904799999999
4,56524
3,28082400000001
2,81397066666669
2,53938933333334
2,45398933333334
1,46676533333333
2,04341866666665
2,22202666666668
0,807314666666671
0,396744000000014
0,951112000000007
0,0966240000000142
-0,0497760000000213
-0,442941333333314
-1,83943466666667
-2,41657599999999
-2,88473066666669
-3,02023200000001
-1,99836
-0,844565333333329
0,971445333333329
2,09417066666669
3,01193600000002
3,37061600000002
2,68416266666666
2,43089066666666
4,01786666666668
3,87781066666666
1,67400266666666
0,363397333333336
0,821141333333314
0,985109333333343
-0,323543999999979
-0,982994666666671
-0,41968
0,659287999999993
1,57786666666668
2,31539733333334
2,29734133333335
3,59623466666664
4,35653866666669
4,23681599999999
4,21420533333333
4,12018400000001
2,23650400000001
3,60046399999998
3,11213866666665
2,11629333333336
2,42633599999999
2,12345066666669
3,21738399999998
-0,789909333333343
-1,77794666666668
-0,421957333333336
-2,31295733333334
-3,70603466666667
-1,92206933333331
0,728095999999986
1,26326933333334
0,593733333333321
0,920530666666657
2,41885333333332
