124150 99999  19860401    44.1  7    32.1  7  1010.7  7  9999.9  0   15.8  7   17.8  7   27.2  999.9    49.1    40.5*  0.00E 999.9  010100 
124150 99999  19860402    43.4  6    31.5  6  1016.4  6  9999.9  0   14.0  6    7.4  6   11.7  999.9    50.4*   35.1   0.00A 999.9  000000 
124150 99999  19860403    46.2  6    38.2  6  1007.1  6  9999.9  0    3.2  6    5.5  6    5.8  999.9    54.3*   37.4   0.00H 999.9  010000 
124150 99999  19860404    40.3  7    37.5  7  1014.2  7  9999.9  0    3.5  7    5.0  7    7.8  999.9    44.1    38.1   0.00A 999.9  010000 
124150 99999  19860405    41.1  6    37.8  6  1019.0  6  9999.9  0    2.4  6    4.2  6    7.8  999.9    44.4*   36.0   0.00H 999.9  010000 
124150 99999  19860406    41.4  6    38.0  6  1021.9  6  9999.9  0    2.5  6    4.2  6    7.8  999.9    44.1*   39.0   0.00H 999.9  010000 
124150 99999  19860407    48.9  5    46.4  5  1017.2  5  9999.9  0    1.1  5    5.8  5    7.8  999.9    56.1*   43.5* 99.99  999.9  010000 
124150 99999  19860408    52.9  6    48.8  6  1013.4  6  9999.9  0    1.3  6    5.5  6   11.7  999.9    63.0*   43.3*  0.00B 999.9  100000 
124150 99999  19860409    51.1  6    48.5  6  1005.3  6  9999.9  0    0.9  6    6.5  6    9.7  999.9    62.4*   46.6   0.00H 999.9  110000 
124150 99999  19860410    37.0  5    35.9  5  1002.1  5  9999.9  0    1.5  5    9.7  5   11.7  999.9    41.9*   28.6* 99.99  999.9  011000 
124150 99999  19860411    29.1  6    24.6  5  1015.6  6  9999.9  0    4.8  6    9.4  6   11.7  999.9    31.1*   27.7  99.99    2.0  001000 
124150 99999  19860412    27.1  6    21.9  6  1014.4  6  9999.9  0    4.5  6    1.6  6    3.9  999.9    30.2*   24.3   0.00E   1.2  001000 
124150 99999  19860413    29.3  4    22.8  4  1012.0  4  9999.9  0    5.6  4    1.9  4    3.9  999.9    34.0*   24.4* 99.99  999.9  011000 
124150 99999  19860414    36.0  5    23.3  4  1009.4  5  9999.9  0    5.7  5    4.7  5    7.8  999.9    43.2*   25.5*  0.00A 999.9  000000 
124150 99999  19860415    43.9  5    30.0  5  1007.9  5  9999.9  0    8.3  5    5.8  5    9.7  999.9    57.2*   33.1*  0.00A 999.9  000000 
124150 99999  19860416    50.3  4    35.8  4  1007.2  4  9999.9  0    6.2  4    7.3  4   11.7  999.9    62.4*   37.9*  0.00I 999.9  000000 
124150 99999  19860417    48.6  6    41.4  5  1005.6  5  9999.9  0    3.9  6    1.9  6    5.8  999.9    63.0    36.0   0.00E 999.9  000010 
124150 99999  19860418    46.2  7    44.0  7  1002.6  7  9999.9  0    3.7  7    2.2  7    5.8  999.9    50.5    42.3*  0.00A 999.9  010010 
124150 99999  19860419    44.5  7    41.1  7   999.9  7  9999.9  0    4.7  7   10.3  7   13.6  999.9    47.1*   42.3*  0.08G 999.9  010000 
124150 99999  19860420    42.9  6    34.2  6  1005.2  6  9999.9  0    5.2  6   15.2  6   19.4  999.9    47.3*   37.0*  0.00G 999.9  010000 
124150 99999  19860421    49.6  7    38.6  7  1006.7  7  9999.9  0   11.2  7    8.9  7   13.6  999.9    56.8    33.8   0.00H 999.9  010000 
124150 99999  19860422    58.8  6    43.2  6  1006.6  6  9999.9  0   10.1  6    9.4  6   11.7  999.9    68.7*   45.1   0.00B 999.9  000000 
124150 99999  19860423    55.9  6    48.9  6  1011.8  6  9999.9  0    4.8  6    2.3  6    5.8  999.9    68.9*   45.3   0.00B 999.9  000000 
124150 99999  19860424    55.3  8    50.7  8  1014.3  8  9999.9  0    2.6  8    2.9  8    5.8  999.9    69.3*   45.3*  0.00D 999.9  000000 
124150 99999  19860425    57.8  7    52.1  7  1015.1  7  9999.9  0    4.1  7    9.4  7   11.7  999.9    64.6*   48.6   0.00C 999.9  000000 
124150 99999  19860426    56.4  7    52.8  7  1010.7  7  9999.9  0    1.9  7    5.0  7    7.8  999.9    64.9    50.5   0.00C 999.9  000000 
124150 99999  19860427    53.5  7    51.3  7  1008.6  7  9999.9  0    1.4  7    5.0  7    9.7  999.9    57.7    45.3   0.00C 999.9  100000 
124150 99999  19860428    54.4  8    49.7  8  1012.0  7  9999.9  0    2.3  8    1.5  8    3.9  999.9    63.3*   45.1   0.00D 999.9  000000 
124150 99999  19860429    53.7  6    49.5  6  1013.9  6  9999.9  0    2.7  6    5.8  6    9.7  999.9    69.6*   45.9   0.00B 999.9  100000 
124150 99999  19860430    60.2  4    49.0  4  1019.3  4  9999.9  0    5.3  4    8.7  4   11.7  999.9    71.1*   52.2*  0.00I 999.9  000000 
124150 99999  19860501    56.8  6    43.1  6  1025.1  6  9999.9  0    7.2  6    4.2  6    7.8  999.9    64.0    46.8*  0.00B 999.9  000000 
124150 99999  19860502    54.6  8    40.5  7  1020.7  8  9999.9  0    9.0  8    3.9  8    7.8  999.9    68.2    37.6   0.00D 999.9  000000 
124150 99999  19860503    61.1  5    42.4  5  1015.1  5  9999.9  0    8.7  5    7.8  5   13.6  999.9    72.9*   43.3*  0.00A 999.9  000000 
124150 99999  19860504    61.0  6    48.2  6  1014.3  6  9999.9  0    6.2  6    9.4  6   15.5  999.9    72.1*   47.5   0.00B 999.9  000000 
124150 99999  19860505    57.8  7    40.7  7  1014.9  6  9999.9  0    6.2  7    8.9  7   13.6  999.9    72.1*   43.2   0.00C 999.9  000000 
124150 99999  19860506    59.7  6    40.9  6  1015.3  5  9999.9  0    7.2  6   10.0  6   13.6  999.9    73.8*   44.4   0.00B 999.9  000000 
124150 99999  19860507    65.7  5    45.6  5  1015.0  5  9999.9  0    6.2  5    9.3  5   13.6  999.9    77.4    48.6   0.00B 999.9  000000 
124150 99999  19860508    55.1  8    48.8  8  1016.0  8  9999.9  0    5.4  8    7.3  8   11.7  999.9    65.5    49.6   0.16E 999.9  010000 
124150 99999  19860509    51.2  6    46.9  6  1021.0  6  9999.9  0    7.1  6    6.5  6    9.7  999.9    60.6*   46.0*  0.00H 999.9  010000 
124150 99999  19860510    54.7  6    47.1  6  1022.2  6  9999.9  0    6.2  6    1.6  6    5.8  999.9    65.1    37.6   0.00B 999.9  000000 
124150 99999  19860511    59.4  7    54.8  7  1016.3  6  9999.9  0    8.3  7    4.5  6    5.8  999.9    65.3*   53.4  99.99  999.9  010000 
124150 99999  19860512    56.6  6    47.6  6  1018.2  6  9999.9  0    6.0  6    5.4  5    9.7  999.9    63.3*   48.4*  0.16B 999.9  000000 
124150 99999  19860513    64.1  4    51.9  4  1014.8  4  9999.9  0    8.5  4    4.4  4    9.7  999.9    77.5*   45.5* 99.99  999.9  010000 
124150 99999  19860514    63.0  6    58.4  6  1014.5  6  9999.9  0    5.5  6    3.9  6    5.8  999.9    69.3*   55.8  99.99  999.9  010010 
124150 99999  19860515    60.2  7    57.2  6  1013.6  7  9999.9  0    4.1  7    1.9  7    7.8  999.9    70.5*   55.4   0.00A 999.9  000010 
124150 99999  19870401    36.9  6    35.9  6  1016.5  6  9999.9  0    2.9  6    4.9  6    5.8  999.9    37.9*   36.1   0.00E 999.9  110000 
124150 99999  19870402    37.7  7    36.2  7  1006.5  7  9999.9  0    1.3  7    5.8  7    9.7  999.9    40.5    33.4*  0.02F 999.9  010000 
124150 99999  19870403    42.2  6    38.4  6  1011.3  6  9999.9  0    3.2  6    7.8  6   13.6  999.9    53.1    32.4   0.00B 999.9  000000 
124150 99999  19870404    44.6  5    40.6  5  1010.1  4  9999.9  0    2.9  5   10.5  5   15.5  999.9    54.7*   36.0*  0.00A 999.9  000000 
124150 99999  19870405    44.6  6    42.0  6  1001.6  6  9999.9  0    4.1  6   14.2  6   23.3  999.9    46.8*   43.3*  0.00E 999.9  010000 
124150 99999  19870406    46.1  8    40.9  8  1009.8  8  9999.9  0    4.3  8   14.1  8   19.4  999.9    51.4    43.3   0.01F 999.9  010000 
124150 99999  19870407    47.2  5    41.0  5  1014.8  5  9999.9  0    3.8  5    6.6  5   11.7  999.9    58.8*   38.8   0.00A 999.9  000000 
124150 99999  19870408    52.4  7    43.6  7  1008.5  7  9999.9  0    6.3  7    8.0  7   13.6  999.9    60.1*   45.0   0.00C 999.9  000000 
124150 99999  19870409    47.1  6    42.7  6  1009.1  6  9999.9  0    3.5  6    4.2  6    7.8  999.9    61.9    37.8   0.00C 999.9  000000 
124150 99999  19870410    49.4  4    46.9  4  1005.3  4  9999.9  0    3.1  4    7.8  4   15.5  999.9    52.9*   45.3* 99.99  999.9  010000 
124150 99999  19870411    46.2  6    39.7  6  1010.4  6  9999.9  0    7.5  6   10.0  6   15.5  999.9    52.2    43.2*  0.08B 999.9  010000 
124150 99999  19870412    43.6  4    40.4  4  1012.8  4  9999.9  0    4.2  4    8.3  4   13.6  999.9    49.1*   38.3*  0.00H 999.9  010000 
124150 99999  19870413    48.0  5    39.5  5  1024.2  5  9999.9  0    6.3  5    6.2  5    7.8  999.9    52.2*   37.2   0.00B 999.9  010000 
124150 99999  19870414    42.5  5    36.6  5  1029.9  5  9999.9  0    4.0  5    5.4  5    9.7  999.9    47.5*   36.9   0.00E 999.9  000000 
124150 99999  19870415    45.9  5    36.4  5  1028.8  5  9999.9  0    5.7  5    3.9  5    5.8  999.9    52.5    33.6*  0.00A 999.9  000000 
124150 99999  19870416    46.5  6    43.1  6  1024.9  6  9999.9  0    2.1  6    9.1  6   11.7  999.9    49.6*   44.4   0.04E 999.9  010000 
124150 99999  19870417    48.9  7    39.7  7  1023.3  7  9999.9  0    5.9  7   12.2  7   17.5  999.9    58.3*   40.6   0.00C 999.9  000000 
124150 99999  19870418    46.7  7    32.9  7  1021.7  7  9999.9  0   12.4  6    9.4  7   13.6  999.9    55.8    41.2   0.00C 999.9  000000 
124150 99999  19870419    46.5  6    33.0  6  1021.4  6  9999.9  0   11.4  6    7.1  6   11.7  999.9    57.6    34.7   0.00B 999.9  000000 
124150 99999  19870420    52.6  7    43.6  6  1011.9  7  9999.9  0    8.5  7   10.3  7   15.5  999.9    59.4*   41.5   0.04C 999.9  010000 
124150 99999  19870421    46.2  7    42.2  7  1014.7  7  9999.9  0    4.9  6   11.0  6   13.6  999.9    47.8    45.5*  0.04F 999.9  010000 
124150 99999  19870422    43.4  6    35.0  5  1026.6  6  9999.9  0    5.7  6    6.8  6    7.8  999.9    51.6*   39.7   0.08E 999.9  010000 
124150 99999  19870423    47.3  8    38.8  8  1030.7  8  9999.9  0    4.6  8    3.4  8    5.8  999.9    57.4    34.5   0.00D 999.9  000000 
124150 99999  19870424    51.8  6    41.7  6  1025.4  6  9999.9  0    4.0  6    3.6  6    5.8  999.9    64.2*   39.0   0.00C 999.9  000000 
124150 99999  19870425    54.2  5    42.8  5  1015.5  5  9999.9  0    4.1  5    5.1  5   11.7  999.9    67.8*   41.2   0.00A 999.9  000000 
124150 99999  19870426    47.5  6    36.4  6  1017.6  6  9999.9  0   14.7  6    7.4  6   13.6  999.9    54.3    41.9*  0.00B 999.9  000000 
124150 99999  19870427    41.7  8    29.2  8  1029.4  8  9999.9  0   10.1  8    5.3  8    7.8  999.9    51.1    32.2   0.00D 999.9  000000 
124150 99999  19870428    45.5  7    32.1  7  1033.1  7  9999.9  0    8.7  7    1.7  7    7.8  999.9    61.0    30.4   0.00D 999.9  000000 
124150 99999  19870429    57.0  7    38.8  7  1029.2  6  9999.9  0    9.2  7   11.7  7   40.8  999.9    72.0*   39.0   0.00C 999.9  000000 
124150 99999  19870430    66.0  6    41.7  6  1019.6  6  9999.9  0   12.4  6   10.0  6   19.4  999.9    74.5    54.0   0.00C 999.9  000000 
124150 99999  19870501    60.1  8    47.8  7  1016.3  8  9999.9  0    6.2  8    5.6  8   13.6  999.9    73.9    46.2*  0.00E 999.9  000000 
124150 99999  19870502    56.4  5    48.8  5  1013.5  5  9999.9  0    5.5  5    3.5  5    5.8  999.9    65.1*   46.2   0.00B 999.9  000000 
124150 99999  19870503    54.8  8    50.7  7  1009.0  8  9999.9  0    4.6  8    6.6  8    9.7  999.9    60.1    48.6*  0.00F 999.9  010000 
124150 99999  19870504    54.2  8    49.0  7  1011.3  7  9999.9  0    4.2  8    2.7  8    5.8  999.9    60.6    48.0*  0.01E 999.9  010000 
124150 99999  19870505    48.4  6    46.6  6  1018.3  5  9999.9  0    2.0  6    9.7  6   11.7  999.9    50.2    46.4*  0.00E 999.9  010000 
124150 99999  19870506    46.5  6    41.4  6  1018.2  6  9999.9  0    5.2  6    9.4  6   13.6  999.9    54.3*   42.8   0.00E 999.9  010000 
124150 99999  19870507    47.5  6    40.0  6  1018.2  6  9999.9  0    7.2  6    8.4  6    9.7  999.9    54.3*   44.4   0.00B 999.9  000000 
124150 99999  19870508    48.3  4    30.7  4  1019.2  4  9999.9  0   12.4  4    9.7  4   13.6  999.9    56.7*   35.4*  0.00I 999.9  000000 
124150 99999  19870509    49.4  6    39.1  6  1016.9  6  9999.9  0    6.7  5    9.4  6   13.6  999.9    66.2*   41.5   0.00B 999.9  000000 
124150 99999  19870510    57.8  6    39.3  6  1006.9  6  9999.9  0   16.2  6    9.4  6   17.5  999.9    73.0*   43.5   0.00H 999.9  010000 
124150 99999  19870511    53.9  6    37.7  6  1005.3  6  9999.9  0   13.2  6    9.5  6   16.5  999.9    70.0*   41.9   0.00H 999.9  010000 
124150 99999  19870512    52.3  5    36.8  5  1003.2  5  9999.9  0    9.9  5    9.7  5   15.5  999.9    64.9*   39.7*  0.00A 999.9  000000 
124150 99999  19870513    50.4  6    42.7  6  1002.8  6  9999.9  0    7.0  6    5.8  6    7.8  999.9    52.5*   47.8*  0.01E 999.9  010000 
124150 99999  19870514    48.8  7    35.3  7  1010.1  7  9999.9  0   10.4  6    8.0  7    9.7  999.9    56.3    41.7*  0.00C 999.9  000000 
124150 99999  19870515    51.1  7    37.4  7  1008.9  7  9999.9  0   10.7  7    7.5  7   11.7  999.9    64.2    37.0   0.00C 999.9  000000 
124150 99999  19880401    42.8  6    39.0  6  1007.3  6  9999.9  0    4.3  6    6.5  6   11.7  999.9    48.6*   37.9   0.00H 999.9  010000 
124150 99999  19880402    42.3  8    36.0  8  1015.2  8  9999.9  0    6.9  8   10.9  8   15.5  999.9    48.6    37.0*  0.16E 999.9  010000 
124150 99999  19880403    44.4  7    34.1  7  1022.2  7  9999.9  0    6.0  7    4.7  7    5.8  999.9    52.5*   35.2   0.00C 999.9  000000 
124150 99999  19880404    46.5  6    36.5  5  1023.6  4  9999.9  0    4.3  6    5.5  6    9.7  999.9    54.5*   32.2*  0.00A 999.9  000000 
124150 99999  19880405    48.1  7    39.7  7  1023.2  7  9999.9  0    4.2  7    5.5  7   11.7  999.9    57.9*   39.0   0.00C 999.9  000000 
124150 99999  19880406    46.0  7    37.8  7  1023.9  7  9999.9  0    3.0  6    4.4  7    9.7  999.9    58.8*   33.3*  0.00C 999.9  100000 
124150 99999  19880407    47.8  7    39.3  7  1017.8  7  9999.9  0    3.9  7    6.4  7    9.7  999.9    61.9*   34.3   0.00B 999.9  000000 
124150 99999  19880408    52.6  7    46.3  7  1005.9  6  9999.9  0    3.2  7    5.3  7    9.7  999.9    61.0    42.8   0.01E 999.9  010000 
124150 99999  19880409    40.0  6    32.4  6  1013.5  6  9999.9  0    8.3  6   11.3  6   13.6  999.9    42.3*   36.7*  0.01E 999.9  010000 
124150 99999  19880410    38.4  6    25.9  6  1018.3  6  9999.9  0   11.4  6   11.0  6   15.5  999.9    45.3    32.7*  0.00B 999.9  000000 
124150 99999  19880411    47.5  6    31.6  6  1018.4  6  9999.9  0    8.3  6   13.3  6   17.5  999.9    54.0    40.6*  0.00C 999.9  000000 
124150 99999  19880412    48.5  6    34.1  5  1015.4  6  9999.9  0    5.0  6    2.3  6    3.9  999.9    62.6*   30.4   0.00B 999.9  000000 
124150 99999  19880413    42.6  7    33.2  7  1013.6  7  9999.9  0    6.3  7   10.3  7   17.5  999.9    54.0    35.4*  0.00E 999.9  010000 
124150 99999  19880414    38.8  8    24.0  8  1027.3  8  9999.9  0   13.2  8    8.7  8   15.5  999.9    48.0    30.4   0.00E 999.9  001000 
124150 99999  19880415    40.3  8    25.3  8  1024.2  8  9999.9  0   10.7  7    4.6  8    7.8  999.9    54.5    22.8   0.00C 999.9  000000 
124150 99999  19880416    42.8  4    26.1  4  1018.4  4  9999.9  0    9.3  4    7.8  4   13.6  999.9    60.8*   31.5*  0.00A 999.9  000000 
124150 99999  19880417    52.6  6    32.4  5  1013.0  5  9999.9  0    9.3  6   10.0  6   15.5  999.9    66.4*   31.5   0.00B 999.9  000000 
124150 99999  19880418    52.5  8    43.0  7  1014.3  8  9999.9  0    6.1  8    4.1  8    7.8  999.9    69.1    34.7   0.00D 999.9  000000 
124150 99999  19880419    57.1  5    48.1  5  1014.0  5  9999.9  0    3.9  5    3.9  5    5.8  999.9    68.9*   45.7   0.00A 999.9  000000 
124150 99999  19880420    59.6  7    45.2  7  1010.1  7  9999.9  0    6.5  7    7.5  7   11.7  999.9    74.1*   41.5   0.00C 999.9  000000 
124150 99999  19880421    56.0  5    45.2  5  1015.3  5  9999.9  0    6.2  5    8.9  5   11.7  999.9    61.2*   53.2*  0.00A 999.9  000000 
124150 99999  19880422    52.4  5    40.5  5  1014.2  5  9999.9  0    6.5  5   10.5  5   15.5  999.9    54.1*   48.2   0.00E 999.9  010000 
124150 99999  19880423    36.4  8    27.3  7  1017.5  8  9999.9  0    9.3  8    8.5  8   15.5  999.9    41.0    31.3*  0.05F 999.9  011000 
124150 99999  19880424    32.7  6    21.4  6  1020.0  6  9999.9  0   12.4  6    8.1  6   11.7  999.9    43.2*   23.4   0.00B 999.9  000000 
124150 99999  19880425    36.1  6    25.3  6  1016.6  6  9999.9  0    9.3  6    4.9  6    9.7  999.9    48.7*   26.8*  0.00B 999.9  000000 
124150 99999  19880426    40.8  8    28.7  8  1020.0  8  9999.9  0    5.1  8    3.6  8    5.8  999.9    50.0    30.0*  0.00D 999.9  000000 
124150 99999  19880427    42.2  7    27.8  7  1024.0  6  9999.9  0    7.4  7    8.1  6   11.7  999.9    54.7*   28.8   0.00B 999.9  000000 
124150 99999  19880428    47.4  6    33.1  6  1021.1  6  9999.9  0    5.2  6   11.3  5   13.6  999.9    59.2*   36.5*  0.00B 999.9  000000 
124150 99999  19880429    52.6  6    38.3  5  1015.8  6  9999.9  0    6.2  6    7.4  6   11.7  999.9    61.3*   38.7*  0.00B 999.9  000000 
124150 99999  19880430    54.2  8    38.7  8  1012.7  7  9999.9  0    6.0  8    5.3  8    7.8  999.9    70.2    36.0   0.00D 999.9  000000 
124150 99999  19880501    59.6  7    43.1  7  1010.3  6  9999.9  0    6.0  7    9.1  6   13.6  999.9    70.0*   45.5   0.00C 999.9  000000 
124150 99999  19880502    63.9  7    44.9  7  1007.3  6  9999.9  0    8.9  7    8.9  7   11.7  999.9    75.9    54.5   0.00C 999.9  000000 
124150 99999  19880503    59.7  7    49.5  7  1006.2  7  9999.9  0    7.8  7    5.8  7    9.7  999.9    70.2*   47.1   0.04E 999.9  010000 
124150 99999  19880504    55.7  6    45.8  6  1010.6  6  9999.9  0   11.1  6    6.2  6   13.6  999.9    65.5*   43.5   0.00H 999.9  010000 
124150 99999  19880505    58.3  8    41.9  8  1013.8  8  9999.9  0   12.4  8    5.6  8    9.7  999.9    69.8    46.2*  0.00E 999.9  000000 
124150 99999  19880506    57.4  7    42.6  6  1022.8  7  9999.9  0    6.2  7    7.8  7   13.6  999.9    65.1    47.5   0.00E 999.9  000000 
124150 99999  19880507    50.3  5    41.6  5  1028.4  5  9999.9  0    5.0  5    4.7  5    5.8  999.9    63.5*   37.0   0.00A 999.9  000000 
124150 99999  19880508    55.8  7    40.7  7  1026.7  7  9999.9  0   10.3  7    8.6  7   13.6  999.9    67.1    38.3   0.00C 999.9  000000 
124150 99999  19880509    53.7  7    35.8  7  1022.7  6  9999.9  0   12.4  7    7.2  7   13.6  999.9    68.4    40.1   0.00C 999.9  000000 
124150 99999  19880510    49.7  8    31.2  8  1019.8  8  9999.9  0   11.7  8    5.8  8    9.7  999.9    60.8    34.7   0.00D 999.9  000000 
124150 99999  19880511    48.9  8    39.8  8  1020.7  8  9999.9  0    8.5  8    4.9  8    7.8  999.9    58.1    35.8   0.00D 999.9  000000 
124150 99999  19880512    57.1  7    45.7  7  1018.3  7  9999.9  0    8.9  7    8.9  7   13.6  999.9    71.6    42.4*  0.00C 999.9  000000 
124150 99999  19880513    57.9  8    40.5  8  1017.2  8  9999.9  0   10.9  8    7.5  8   13.6  999.9    71.4    38.8   0.00D 999.9  000000 
124150 99999  19880514    60.6  6    41.4  6  1018.3  6  9999.9  0    9.3  6    7.8  6   15.5  999.9    72.9*   38.5   0.00B 999.9  000000 
124150 99999  19880515    60.8  6    42.3  6  1016.4  6  9999.9  0    9.3  6    5.1  5    9.7  999.9    75.6*   40.6*  0.00C 999.9  000000 

















































































































































































































































































































































































































































































































































































































































































































































































































































































































































































