124150 99999  19860816    68.1  7    59.1  7  1014.0  7  9999.9  0    6.7  7    6.1  7    7.8  999.9    76.3*   59.4*  0.01E 999.9  010000 
124150 99999  19860817    67.1  8    56.3  8  1012.9  8  9999.9  0    8.5  8    3.9  8    7.8  999.9    77.9    57.6   0.00D 999.9  000000 
124150 99999  19860818    58.8  7    55.7  7  1010.0  7  9999.9  0    5.1  7    1.4  7    3.9  999.9    64.6*   53.4   0.00H 999.9  010010 
124150 99999  19860819    59.6  6    56.9  5  1009.3  6  9999.9  0    3.1  6    3.2  6    5.8  999.9    63.0*   56.5*  0.00H 999.9  010000 
124150 99999  19860820    56.8  7    52.2  7  1012.9  7  9999.9  0    6.6  7   11.7  7   15.5  999.9    61.9    52.0*  0.04G 999.9  010000 
124150 99999  19860821    55.6  6    46.6  6  1018.1  6  9999.9  0    8.7  6   10.7  6   17.5  999.9    61.5*   49.5*  0.00G 999.9  010000 
124150 99999  19860822    58.3  6    50.1  5  1009.9  5  9999.9  0    7.8  6    3.9  6    9.7  999.9    67.3*   44.4   0.00H 999.9  010000 
124150 99999  19860823    59.2  8    56.8  8  1003.8  8  9999.9  0    5.0  8    4.6  8   13.6  999.9    65.1    55.2   0.01G 999.9  010000 
124150 99999  19860824    59.2  6    49.7  6  1009.6  6  9999.9  0   10.1  6    3.6  6    7.8  999.9    65.1*   52.5   0.00G 999.9  000000 
124150 99999  19860825    57.5  5    49.7  5  1015.4  5  9999.9  0    8.5  5    5.8  5   11.7  999.9    61.3*   52.5*  0.00G 999.9  010000 
124150 99999  19860826    55.1  6    48.8  5  1012.1  6  9999.9  0    5.6  6    3.2  6    7.8  999.9    67.8*   42.6   0.00H 999.9  010000 
124150 99999  19860827    62.5  6    53.4  6  1006.9  6  9999.9  0    9.9  6    6.5  6    9.7  999.9    67.6    59.5   0.08E 999.9  010000 
124150 99999  19860828    55.3  6    51.1  6  1012.1  6  9999.9  0    5.7  6    3.6  6    5.8  999.9    62.2*   50.7   0.00G 999.9  010000 
124150 99999  19860829    52.6  5    49.7  5  1012.8  5  9999.9  0    4.7  5    7.8  5   11.7  999.9    56.7*   46.0* 99.99  999.9  010000 
124150 99999  19860830    55.2  5    44.6  5  1016.4  5  9999.9  0    8.7  5    8.9  5   11.7  999.9    60.1*   44.4*  0.00H 999.9  010000 
124150 99999  19860831    55.4  6    49.6  6  1017.8  6  9999.9  0    6.6  6   10.0  6   11.7  999.9    60.1*   51.3  99.99  999.9  010110 
124150 99999  19860901    53.7  6    47.3  6  1020.3  6  9999.9  0    7.0  6    9.7  6   11.7  999.9    56.1*   51.4   0.02B 999.9  000000 
124150 99999  19860902    55.6  5    47.6  5  1016.8  5  9999.9  0    6.2  5    8.9  5   11.7  999.9    59.4*   52.0*  0.00H 999.9  010000 
124150 99999  19860903    60.3  7    52.0  7  1012.5  7  9999.9  0    8.0  7    8.9  7   13.6  999.9    68.7*   52.3   0.00H 999.9  010000 
124150 99999  19860904    54.2  7    48.9  7  1017.8  7  9999.9  0    9.8  7   13.0  7   15.5  999.9    59.9    50.2* 99.99  999.9  010000 
124150 99999  19860905    53.7  6    47.5  6  1024.9  6  9999.9  0    9.1  6    8.4  6   11.7  999.9    63.0*   47.5*  0.00B 999.9  000000 
124150 99999  19860906    58.0  6    46.0  6  1018.4  5  9999.9  0    6.5  6    5.5  6    9.7  999.9    67.3*   44.6   0.00B 999.9  000000 
124150 99999  19860907    54.3  6    45.1  6  1015.6  6  9999.9  0    7.9  6    8.7  6   13.6  999.9    61.5    48.4* 99.99  999.9  010000 
124150 99999  19860908    53.8  6    45.2  5  1014.9  6  9999.9  0    8.3  6    8.4  6   13.6  999.9    59.7*   47.8   0.00B 999.9  000000 
124150 99999  19860909    51.4  5    44.6  5  1019.5  5  9999.9  0    7.5  5    3.9  5    7.8  999.9    60.3*   44.1* 99.99  999.9  010000 
124150 99999  19860910    48.6  6    42.6  6  1019.5  6  9999.9  0    4.1  6    3.6  6    7.8  999.9    58.1*   37.4*  0.00B 999.9  000000 
124150 99999  19860911    51.8  6    40.9  6  1020.1  6  9999.9  0    4.7  6    1.3  6    3.9  999.9    63.0*   37.9*  0.00C 999.9  000000 
124150 99999  19860912    50.1  5    44.8  5  1016.2  5  9999.9  0    3.0  5    2.7  5    7.8  999.9    61.9*   35.8   0.00H 999.9  110000 
124150 99999  19860913    51.9  4    49.4  4  1018.5  4  9999.9  0    2.7  4    3.9  4    5.8  999.9    55.9*   49.6* 99.99  999.9  010000 
124150 99999  19860914    61.2  4    55.9  4  1012.1  4  9999.9  0    9.8  4    4.4  4    7.8  999.9    72.0    50.4*  0.00I 999.9  000000 
124150 99999  19860915    64.2  6    58.6  6  1010.5  5  9999.9  0    7.2  6    3.9  6   11.7  999.9    70.9*   56.8   0.00B 999.9  000000 
124150 99999  19860916    54.6  7    51.4  7  1012.9  7  9999.9  0    4.8  7    6.1  7   11.7  999.9    69.1*   49.5*  0.00G   4.3  010000 
124150 99999  19860917    50.1  5    49.1  5  1018.8  5  9999.9  0    3.0  5    5.4  5    7.8  999.9    51.4*   48.6* 99.99  999.9  010000 
124150 99999  19860918    48.7  6    47.2  6  1024.1  6  9999.9  0    3.7  6    6.2  6    7.8  999.9    50.7*   45.9* 99.99  999.9  010000 
124150 99999  19860919    47.1  6    41.3  6  1035.7  6  9999.9  0    6.4  6    5.8  6    7.8  999.9    57.7*   40.5   0.00B 999.9  000000 
124150 99999  19860920    53.5  7    42.7  6  1030.1  6  9999.9  0    4.8  7    7.2  7   11.7  999.9    65.1*   36.3   0.00C 999.9  000000 
124150 99999  19870816    58.5  6    51.6  6  1018.0  6  9999.9  0    9.3  6    8.4  6   13.6  999.9    64.6    55.2   0.04E 999.9  000000 
124150 99999  19870817    60.2  9    56.1  8  1015.9  9  9999.9  0    4.8  9    3.2  9    5.8  999.9    71.4    51.4   0.35E 999.9  010000 
124150 99999  19870818    67.1  8    62.3  8  1011.6  8  9999.9  0    2.7  8    1.9  8    3.9  999.9    78.8    57.2   0.20E 999.9  110010 
124150 99999  19870819    63.9  5    61.2  5  1015.7  5  9999.9  0    4.6  5    6.6  5    7.8  999.9    66.2*   60.6   0.59E 999.9  010000 
124150 99999  19870820    66.1  5    56.0  5  1022.8  5  9999.9  0    9.7  5    3.1  5    5.8  999.9    71.8    57.2*  0.00B 999.9  000000 
124150 99999  19870821    64.2  7    53.3  7  1021.4  7  9999.9  0    6.5  7    4.7  7    7.8  999.9    75.2    52.2*  0.00C 999.9  000000 
124150 99999  19870822    65.6  8    54.7  8  1016.4  8  9999.9  0    5.1  8    4.1  8    7.8  999.9    81.1    47.8   0.00D 999.9  000000 
124150 99999  19870823    67.1  5    52.4  5  1012.6  5  9999.9  0    7.5  5    7.8  5   13.6  999.9    80.4*   58.6*  0.00B 999.9  000000 
124150 99999  19870824    68.7  7    56.0  7  1012.0  7  9999.9  0    6.2  6    6.1  7    9.7  999.9    82.4    53.2   0.00B 999.9  000000 
124150 99999  19870825    74.8  7    57.7  6  1007.3  7  9999.9  0   10.7  7    8.9  7   19.4  999.9    86.0*   63.1   0.00C 999.9  000000 
124150 99999  19870826    62.2  6    53.4  6  1012.0  6  9999.9  0   10.1  6    8.7  6   17.5  999.9    72.9*   53.6*  0.12E 999.9  010000 
124150 99999  19870827    65.2  6    53.4  6  1013.8  6  9999.9  0    9.3  6    5.5  6   11.7  999.9    78.8*   51.4   0.00C 999.9  000000 
124150 99999  19870828    59.0  5    53.8  0  1017.2  4  9999.9  0    6.0  5   10.5  5   11.7  999.9    61.5*   57.2* 99.99  999.9  010000 
124150 99999  19870829    59.8  7    54.2  5  1018.9  7  9999.9  0    5.9  7   10.0  6   13.6  999.9    66.0    55.6*  0.00E 999.9  010000 
124150 99999  19870830    59.6  7    50.2  7  1019.7  7  9999.9  0    8.5  7    7.5  7   13.6  999.9    66.9    55.6*  0.00C 999.9  000000 
124150 99999  19870831    56.8  8    50.1  8  1019.3  8  9999.9  0    6.1  8    8.5  8   13.6  999.9    61.0    50.0*  0.00D 999.9  000000 
124150 99999  19870901    57.2  6    49.0  6  1020.4  6  9999.9  0    6.6  6    3.6  6    9.7  999.9    68.5*   42.3   0.00B 999.9  000000 
124150 99999  19870902    61.4  8    54.1  8  1016.4  8  9999.9  0    3.2  8    3.2  8    9.7  999.9    76.6    42.8   0.00D 999.9  100000 
124150 99999  19870903    63.6  6    58.9  6  1017.6  6  9999.9  0    3.0  6    3.2  6    5.8  999.9    71.4*   59.5*  0.00E 999.9  000000 
124150 99999  19870904    61.0  7    56.1  7  1017.6  7  9999.9  0    1.3  7    1.9  7    5.8  999.9    74.7    52.7*  0.00C 999.9  100000 
124150 99999  19870905    62.9  6    57.5  6  1015.1  6  9999.9  0    2.1  6    4.5  6    7.8  999.9    74.7    53.1*  0.00E 999.9  110010 
124150 99999  19870906    61.3  6    58.6  6  1015.6  6  9999.9  0    2.4  6    5.5  6   11.7  999.9    64.9*   57.0*  0.16E 999.9  110000 
124150 99999  19870907    60.4  6    53.7  6  1017.0  6  9999.9  0    7.5  6    8.4  6   13.6  999.9    69.3*   53.8*  0.04E 999.9  010000 
124150 99999  19870908    57.6  6    50.5  6  1017.4  6  9999.9  0    7.4  6    8.4  6   11.7  999.9    62.6*   50.9*  0.16B 999.9  010000 
124150 99999  19870909    57.1  4    48.7  4  1020.0  4  9999.9  0    8.7  4    4.9  4    7.8  999.9    62.4*   51.4*  0.00I 999.9  000000 
124150 99999  19870910    58.2  6    47.4  6  1018.6  6  9999.9  0    7.6  6    4.2  6    9.7  999.9    69.6*   44.8   0.00C 999.9  000000 
124150 99999  19870911    58.4  5    50.8  5  1016.6  5  9999.9  0    7.5  5   10.5  5   13.6  999.9    66.4*   53.2   0.04E 999.9  010000 
124150 99999  19870912    63.0  8    53.3  8  1014.0  8  9999.9  0   10.1  8    9.2  8   17.5  999.9    76.3    48.0   0.01E 999.9  010000 
124150 99999  19870913    67.7  7    59.5  5  1014.3  7  9999.9  0    8.9  7    7.8  7   15.5  999.9    73.0    62.2*  0.00B 999.9  000000 
124150 99999  19870914    66.4  5    61.0  5  1014.2  5  9999.9  0    9.7  5    8.9  5   13.6  999.9    76.5*   60.8   0.01E 999.9  010000 
124150 99999  19870915    58.9  6    51.7  6  1021.2  6  9999.9  0    6.6  6   10.4  6   17.5  999.9    65.8*   53.6   0.04E 999.9  000000 
124150 99999  19870916    56.5  6    48.3  6  1026.1  6  9999.9  0    5.6  6    4.2  6    7.8  999.9    63.7    50.0*  0.00B 999.9  000000 
124150 99999  19870917    57.4  6    51.2  6  1024.7  6  9999.9  0    4.2  6    4.5  6    7.8  999.9    65.3*   52.5   0.00E 999.9  010000 
124150 99999  19870918    66.3  7    59.4  7  1019.5  7  9999.9  0    4.5  7    9.4  7   17.5  999.9    75.2*   55.2   0.00E 999.9  010000 
124150 99999  19870919    57.8  7    50.3  7  1022.3  6  9999.9  0    5.4  7    5.8  7    7.8  999.9    66.0    50.7*  0.00E 999.9  000000 
124150 99999  19870920    58.3  7    52.5  7  1013.9  7  9999.9  0    4.7  7   10.0  7   25.3  999.9    70.5    50.4*  0.00H 999.9  010000 
124150 99999  19880816    68.5  8    58.3  8  1016.2  8  9999.9  0    6.1  8    5.1  8    7.8  999.9    75.9    59.0   0.00D 999.9  000000 
124150 99999  19880817    61.9  8    48.9  8  1019.7  8  9999.9  0   10.9  8    8.7  8   13.6  999.9    71.8    50.2   0.00D 999.9  000000 
124150 99999  19880818    62.8  8    50.1  8  1019.7  8  9999.9  0   10.9  8    3.6  8    7.8  999.9    75.4    48.2   0.00D 999.9  000000 
124150 99999  19880819    68.5  8    51.4  8  1012.0  7  9999.9  0    8.7  8    5.3  8   11.7  999.9    84.6    50.2   0.00D 999.9  000000 
124150 99999  19880820    66.3  8    60.0  8  1009.1  8  9999.9  0    8.2  8    6.3  8    9.7  999.9    70.0*   59.5*  0.24E 999.9  010000 
124150 99999  19880821    63.9  8    53.4  8  1011.1  8  9999.9  0   18.6  8    7.8  8   13.6  999.9    72.1    56.7   0.24E 999.9  010000 
124150 99999  19880822    61.3  8    53.5  7  1014.0  8  9999.9  0   12.4  8    3.6  8    5.8  999.9    69.3    54.3   0.00E 999.9  010000 
124150 99999  19880823    57.4  8    48.9  7  1015.5  8  9999.9  0   10.1  8    7.3  8    9.7  999.9    63.9    50.4*  0.00D 999.9  000000 
124150 99999  19880824    58.6  8    45.4  8  1012.1  8  9999.9  0   10.1  8    4.6  8    7.8  999.9    69.4    45.5   0.00D 999.9  000000 
124150 99999  19880825    60.2  8    49.1  8  1004.2  8  9999.9  0    7.6  8    7.3  8   11.7  999.9    72.5    51.6   0.08E 999.9  010000 
124150 99999  19880826    56.4  8    48.4  8  1009.6  7  9999.9  0    9.3  8   10.2  8   17.5  999.9    64.4    49.6   0.04F 999.9  010000 
124150 99999  19880827    56.3  8    50.7  8  1015.3  8  9999.9  0    7.8  8    8.9  7   13.6  999.9    63.3    50.7*  0.04F 999.9  010000 
124150 99999  19880828    62.1  8    49.3  8  1014.1  8  9999.9  0   12.4  8    3.9  7    7.8  999.9    77.7    44.6   0.00D 999.9  000000 
124150 99999  19880829    64.1  8    58.4  8  1008.1  8  9999.9  0    9.3  8    2.7  8    7.8  999.9    76.8    52.0   0.83F 999.9  010010 
124150 99999  19880830    61.6  6    57.3  6  1014.8  5  9999.9  0    6.2  6    5.5  6    7.8  999.9    65.8    59.5*  0.04E 999.9  010000 
124150 99999  19880831    60.0  9    52.9  7  1017.6  9  9999.9  0    4.4  9    3.9  8    7.8  999.9    70.3    46.0   0.00E 999.9  100000 
124150 99999  19880901    66.1  8    54.9  8  1011.1  8  9999.9  0    8.6  8    4.6  8    7.8  999.9    77.9    51.1   0.00D 999.9  000000 
124150 99999  19880902    60.6  8    56.8  8   999.6  8  9999.9  0    4.3  8    7.0  8   11.7  999.9    69.8    54.3*  0.83E 999.9  010000 
124150 99999  19880903    57.8  9    48.9  8  1006.0  9  9999.9  0   10.6  9   11.4  9   17.5  999.9    65.3    53.2   0.59E 999.9  010000 
124150 99999  19880904    58.3  8    52.4  8  1015.5  8  9999.9  0   10.1  8    5.3  8   11.7  999.9    63.5    53.1*  0.00D 999.9  000000 
124150 99999  19880905    58.9  8    51.8  7  1020.9  8  9999.9  0    6.2  8    3.9  8    7.8  999.9    68.9    46.4   0.00D 999.9  010000 
124150 99999  19880906    56.9  8    53.9  8  1021.4  8  9999.9  0    5.4  8    8.5  8   11.7  999.9    62.6    53.8*  0.39F 999.9  010010 
124150 99999  19880907    57.5  8    51.9  8  1028.2  8  9999.9  0    7.8  8    8.0  8   11.7  999.9    65.1    50.5   0.01E 999.9  000000 
124150 99999  19880908    54.9  8    50.6  8  1026.7  8  9999.9  0    9.0  8    4.1  8    5.8  999.9    63.3    48.7   0.00E 999.9  000000 
124150 99999  19880909    56.5  8    50.4  8  1022.2  8  9999.9  0    7.5  8    3.2  8    5.8  999.9    68.5    43.5   0.00D 999.9  000000 
124150 99999  19880910    57.8  9    50.9  8  1022.8  9  9999.9  0    4.1  9    2.6  9    3.9  999.9    70.3    43.5   0.00D 999.9  100000 
124150 99999  19880911    61.2  8    53.1  8  1019.4  8  9999.9  0    4.5  8    5.8  8   11.7  999.9    75.2    45.9   0.00D 999.9  000000 
124150 99999  19880912    58.5  8    52.2  8  1013.4  8  9999.9  0    5.8  8    8.7  8   11.7  999.9    63.3*   53.4*  0.04E 999.9  010000 
124150 99999  19880913    55.7  6    46.5  6  1006.5  6  9999.9  0   10.4  6    7.8  6   11.7  999.9    60.1*   51.1   0.00H 999.9  010000 
124150 99999  19880914    53.9  8    46.7  8  1011.7  8  9999.9  0    8.5  8    4.6  8    5.8  999.9    62.6    43.5   0.00F 999.9  010010 
124150 99999  19880915    53.2  7    49.0  7  1020.6  7  9999.9  0    4.6  7    2.8  7    3.9  999.9    61.3    43.5   0.04F 999.9  010000 
124150 99999  19880916    50.7  8    47.2  8  1017.4  8  9999.9  0    4.6  8    7.3  8    9.7  999.9    56.3    43.5   0.00D 999.9  000000 
124150 99999  19880917    56.2  8    50.7  8  1016.6  8  9999.9  0    7.0  8    7.5  8    9.7  999.9    62.6    51.4   0.06F 999.9  010000 
124150 99999  19880918    55.4  8    50.0  8  1019.0  8  9999.9  0   10.1  8   10.7  8   13.6  999.9    59.2    51.3   0.00F 999.9  010000 
124150 99999  19880919    54.8  8    50.1  8  1026.9  8  9999.9  0    6.6  8   10.9  8   15.5  999.9    59.2    49.1   0.00E 999.9  010000 
124150 99999  19880920    55.8  8    49.1  8  1026.6  8  9999.9  0    4.4  8    7.8  8   11.7  999.9    57.6    54.1*  0.00D 999.9  000000 




















































































































































































































































































































































































































































































































































































































































































































































































