0,812727272727273 0,483157894736842 -0,728 0,625396825396825 0,83968253968254 -0,78 -1 1 -1 -1 1 
0,822727272727273 0,576842105263157 -0,512 0,646825396825397 0,861111111111111 -0,968 -1 -1 -1 -1 -1 
0,813636363636364 0,609473684210526 -0,608 0,626984126984127 0,841269841269841 -1 -1 -1 -1 -1 -1 
0,792727272727273 0,624210526315789 -0,848 0,605555555555556 0,81984126984127 -1 -1 -1 -1 -1 -1 
0,767272727272727 0,62 -0,728 0,568253968253968 0,782539682539683 -1 -1 -1 -1 -1 -1 
0,750909090909091 0,542105263157895 -0,496 0,628571428571429 0,842857142857143 -1 -1 -1 -1 -1 -1 
0,772727272727273 0,577894736842105 -0,624 0,605555555555556 0,81984126984127 -1 -1 -1 -1 -1 -1 
0,766363636363636 0,596842105263158 -0,64 0,596031746031746 0,81031746031746 -1 -1 -1 -1 -1 -1 
0,800909090909091 0,58421052631579 -0,912 0,598412698412699 0,812698412698413 -1 -1 1 -1 -1 -1 
0,781818181818182 0,558947368421053 -0,624 0,646825396825397 0,861111111111111 -1 -1 1 -1 -1 1 
0,792727272727273 0,624210526315789 -0,848 0,605555555555556 0,81984126984127 -1 -1 -1 -1 -1 -1 
0,767272727272727 0,62 -0,728 0,568253968253968 0,782539682539683 -1 -1 -1 -1 -1 -1 
0,838181818181818 0,570526315789474 -0,648 0,605555555555556 0,81984126984127 -1 -1 -1 -1 -1 -1 
0,847272727272727 0,516842105263158 -0,592 0,655555555555556 0,86984126984127 -1 -1 -1 -1 -1 1 
0,850909090909091 0,530526315789473 -0,728 0,658730158730159 0,873015873015873 -0,876 -1 1 -1 -1 1 
0,806363636363636 0,602105263157895 -0,512 0,66984126984127 0,884126984126984 -1 -1 -1 -1 -1 -1 
0,786363636363636 0,601052631578948 -0,688 0,564285714285714 0,778571428571429 -1 -1 -1 -1 -1 -1 
0,812727272727273 0,591578947368422 -0,744 0,592857142857143 0,807142857142857 -1 -1 -1 -1 -1 -1 
0,825454545454545 0,552631578947368 -0,784 0,614285714285714 0,828571428571429 -1 -1 -1 -1 -1 -1 
0,854545454545455 0,554736842105264 -0,36 0,671428571428571 0,885714285714286 -1 -1 1 -1 -1 -1 
0,836363636363636 0,563157894736842 -0,512 0,675396825396825 0,88968253968254 -0,984 -1 1 -1 -1 -1 
0,846363636363636 0,578947368421053 -0,496 0,68015873015873 0,894444444444444 -0,96 -1 1 -1 -1 -1 
0,819090909090909 0,554736842105264 -0,784 0,623015873015873 0,837301587301587 -1 -1 -1 -1 -1 -1 
0,816363636363636 0,510526315789474 -0,752 0,632539682539683 0,846825396825397 -1 -1 -1 -1 -1 -1 
0,839090909090909 0,486315789473685 -0,64 0,715873015873016 0,93015873015873 -1 -1 -1 -1 -1 -1 
0,804545454545455 0,552631578947368 -0,808 0,61984126984127 0,834126984126984 -1 -1 -1 -1 -1 -1 
0,811818181818182 0,506315789473685 -0,536 0,662698412698413 0,876984126984127 -1 -1 -1 -1 -1 -1 
0,834545454545454 0,545263157894736 -0,32 0,676984126984127 0,891269841269841 -1 -1 -1 -1 -1 -1 
0,785454545454546 0,631578947368421 -0,768 0,653174603174603 0,867460317460317 -0,968 -1 1 -1 -1 -1 
0,752727272727273 0,596842105263158 -0,672 0,574603174603175 0,788888888888889 -1 -1 -1 -1 -1 -1 
0,812727272727273 0,517894736842106 -0,648 0,66031746031746 0,874603174603175 -1 -1 -1 -1 -1 1 
0,803636363636364 0,493684210526316 -0,472 0,63968253968254 0,853968253968254 -1 -1 -1 -1 -1 -1 
0,819090909090909 0,496842105263158 -0,512 0,638888888888889 0,853174603174603 -1 -1 -1 -1 -1 -1 
0,831818181818182 0,547368421052632 -0,632 0,694444444444444 0,908730158730159 -0,812 -1 1 -1 -1 -1 
0,733636363636364 0,64 -0,752 0,574603174603175 0,788888888888889 -1 -1 -1 -1 -1 -1 
0,839090909090909 0,486315789473685 -0,64 0,715873015873016 0,93015873015873 -1 -1 -1 -1 -1 -1 
0,814545454545454 0,581052631578948 -0,44 0,661111111111111 0,875396825396825 -1 -1 1 -1 -1 -1 
0,779090909090909 0,597894736842105 -0,4 0,598412698412699 0,812698412698413 -1 -1 -1 -1 -1 -1 
0,836363636363636 0,537894736842106 -0,28 0,651587301587301 0,865873015873016 -1 -1 -1 -1 -1 -1 
0,796363636363636 0,515789473684211 -0,424 0,651587301587301 0,865873015873016 -0,964 -1 1 -1 -1 -1 
0,777272727272727 0,572631578947368 -0,472 0,61984126984127 0,834126984126984 -1 -1 -1 -1 -1 -1 
0,805454545454545 0,542105263157895 -0,712 0,621428571428571 0,835714285714286 -1 -1 -1 -1 -1 -1 
0,830909090909091 0,511578947368421 -0,4 0,635714285714286 0,85 -0,968 -1 1 -1 -1 1 
0,744545454545455 0,617894736842106 -0,576 0,578571428571429 0,792857142857143 -1 -1 -1 -1 -1 -1 
0,761818181818182 0,596842105263158 -0,608 0,578571428571429 0,792857142857143 -1 -1 -1 -1 -1 -1 
0,744545454545455 0,617894736842106 -0,576 0,578571428571429 0,792857142857143 -1 -1 -1 -1 -1 -1 
0,761818181818182 0,596842105263158 -0,608 0,578571428571429 0,792857142857143 -1 -1 -1 -1 -1 -1 
0,803636363636364 0,55578947368421 -0,536 0,625396825396825 0,83968253968254 -1 -1 -1 -1 -1 -1 
0,824545454545455 0,560000000000001 -0,792 0,635714285714286 0,85 -1 -1 -1 -1 -1 1 
0,848181818181818 0,536842105263158 -0,592 0,662698412698413 0,876984126984127 -0,936 -1 1 -1 -1 1 
0,683636363636364 0,549473684210527 -0,488 0,492857142857143 0,707142857142857 -1 -1 -1 -1 -1 -1 
0,78 0,523157894736843 -0,768 0,58968253968254 0,803968253968254 -1 -1 -1 -1 -1 -1 
0,850909090909091 0,568421052631579 -0,8 0,632539682539683 0,846825396825397 -1 -1 -1 -1 -1 -1 
0,863636363636364 0,587368421052631 -0,592 0,703968253968254 0,918253968253968 -1 -1 -1 -1 -1 -1 
0,865454545454545 0,539999999999999 -0,592 0,682539682539683 0,896825396825397 -1 -1 -1 -1 -1 1 
0,865454545454545 0,539999999999999 -0,592 0,682539682539683 0,896825396825397 -1 -1 -1 -1 -1 1 
0,810909090909091 0,592631578947368 -0,512 0,674603174603175 0,888888888888889 -0,996 -1 1 -1 -1 -1 
0,737272727272727 0,603157894736842 -0,768 0,562698412698413 0,776984126984127 -1 -1 -1 -1 -1 -1 
0,736363636363636 0,578947368421053 -0,648 0,538888888888889 0,753174603174603 -1 -1 -1 -1 -1 -1 
0,750909090909091 0,557894736842105 -0,712 0,574603174603175 0,788888888888889 -1 -1 -1 -1 -1 -1 
0,863636363636364 0,587368421052631 -0,592 0,703968253968254 0,918253968253968 -1 -1 -1 -1 -1 -1 
0,865454545454545 0,539999999999999 -0,592 0,682539682539683 0,896825396825397 -1 -1 -1 -1 -1 1 
0,810909090909091 0,592631578947368 -0,512 0,674603174603175 0,888888888888889 -0,996 -1 1 -1 -1 -1 
0,737272727272727 0,603157894736842 -0,768 0,562698412698413 0,776984126984127 -1 -1 -1 -1 -1 -1 
0,736363636363636 0,578947368421053 -0,648 0,538888888888889 0,753174603174603 -1 -1 -1 -1 -1 -1 
0,73 0,616842105263158 -0,784 0,56031746031746 0,774603174603175 -1 -1 -1 -1 -1 -1 
0,753636363636364 0,58 -0,776 0,578571428571429 0,792857142857143 -1 -1 -1 -1 -1 -1 
0,748181818181818 0,578947368421053 -0,712 0,582539682539683 0,796825396825397 -1 -1 -1 -1 -1 -1 
0,755454545454545 0,570526315789474 -0,608 0,601587301587302 0,815873015873016 -1 -1 -1 -1 -1 -1 
0,761818181818182 0,554736842105264 -0,472 0,594444444444444 0,808730158730159 -1 -1 -1 -1 -1 -1 
0,742727272727273 0,432631578947369 -0,336 0,598412698412699 0,812698412698413 -0,952 -1 1 -1 -1 -1 
0,717272727272727 0,450526315789473 -0,36 0,575396825396825 0,78968253968254 -1 -1 1 -1 -1 -1 
0,725454545454545 0,511578947368421 -0,608 0,56984126984127 0,784126984126984 -1 -1 -1 -1 -1 -1 
0,767272727272727 0,496842105263158 -0,32 0,585714285714286 0,8 -1 -1 -1 -1 -1 -1 
0,819090909090909 0,468421052631579 -0,688 0,646031746031746 0,86031746031746 -1 -1 1 -1 -1 1 
0,785454545454546 0,490526315789474 -0,304 0,631746031746032 0,846031746031746 -0,904 -1 1 -1 -1 -1 
0,786363636363636 0,565263157894737 -0,472 0,631746031746032 0,846031746031746 -0,876 -1 -1 -1 -1 -1 
0,782727272727273 0,571578947368421 -0,824 0,56031746031746 0,774603174603175 -1 -1 -1 -1 -1 -1 
0,803636363636364 0,546315789473684 -0,744 0,603968253968254 0,818253968253968 -1 -1 -1 -1 -1 1 
0,839090909090909 0,531578947368421 -0,664 0,617460317460317 0,831746031746032 -1 1 -1 -1 -1 1 
0,839090909090909 0,531578947368421 -0,664 0,617460317460317 0,831746031746032 -1 1 -1 -1 -1 1 
0,812727272727273 0,502105263157895 -0,624 0,626984126984127 0,841269841269841 -1 -1 -1 -1 -1 -1 
0,794545454545455 0,534736842105263 -0,608 0,617460317460317 0,831746031746032 -1 -1 -1 -1 -1 -1 
0,81 0,542105263157895 -0,864 0,615873015873016 0,83015873015873 -1 -1 -1 -1 -1 -1 
0,813636363636364 0,562105263157895 -0,592 0,662698412698413 0,876984126984127 -0,984 -1 -1 -1 -1 1 
0,78 0,526315789473684 -0,672 0,582539682539683 0,796825396825397 -1 -1 -1 -1 -1 -1 
0,793636363636364 0,512631578947369 -0,608 0,596825396825397 0,811111111111111 -1 -1 -1 -1 -1 1 
0,819090909090909 0,543157894736842 -0,632 0,614285714285714 0,828571428571429 -0,952 -1 1 -1 -1 1 
0,808181818181818 0,533684210526316 -0,536 0,638888888888889 0,853174603174603 -0,96 -1 1 -1 -1 1 
0,78 0,52 -0,0640000000000001 0,617460317460317 0,831746031746032 -0,748 -1 1 -1 -1 -1 
0,804545454545455 0,469473684210527 -0,36 0,611111111111111 0,825396825396825 -0,464 -1 1 -1 -1 -1 
0,822727272727273 0,490526315789474 -0,632 0,637301587301587 0,851587301587302 -0,836 -1 1 -1 -1 -1 
0,828181818181818 0,548421052631579 -0,688 0,646031746031746 0,86031746031746 -0,936 -1 -1 -1 -1 -1 
0,8 0,557894736842105 -0,648 0,558730158730159 0,773015873015873 -1 -1 -1 -1 -1 -1 
0,799090909090909 0,521052631578947 -0,808 0,658730158730159 0,873015873015873 -1 -1 1 -1 -1 -1 
0,77 0,56421052631579 -0,872 0,588888888888889 0,803174603174603 -1 -1 -1 -1 -1 -1 
0,793636363636364 0,552631578947368 -0,648 0,624603174603175 0,838888888888889 -1 -1 1 -1 -1 1 
0,786363636363636 0,552631578947368 -0,744 0,603174603174603 0,817460317460317 -1 1 1 -1 -1 -1 
0,809090909090909 0,55578947368421 -0,648 0,598412698412699 0,812698412698413 -1 -1 -1 -1 -1 -1 
0,797272727272727 0,575789473684211 -0,744 0,61031746031746 0,824603174603175 -1 -1 -1 -1 -1 1 
0,783636363636364 0,525263157894737 -0,576 0,615873015873016 0,83015873015873 -0,952 -1 1 -1 -1 -1 
0,781818181818182 0,517894736842106 -0,848 0,617460317460317 0,831746031746032 -0,888 -1 -1 -1 -1 -1 
0,821818181818182 0,528421052631579 -0,712 0,603968253968254 0,818253968253968 -1 -1 -1 -1 -1 -1 
0,858181818181818 0,511578947368421 -0,784 0,671428571428571 0,885714285714286 -0,992 -1 1 -1 -1 1 
0,8 0,505263157894737 -0,472 0,621428571428571 0,835714285714286 -1 -1 -1 -1 -1 -1 
0,827272727272727 0,493684210526316 -0,456 0,7 0,914285714285714 -1 -1 -1 -1 -1 -1 
0,847272727272727 0,558947368421053 -0,536 0,717460317460317 0,931746031746032 -1 -1 1 -1 -1 1 
0,856363636363636 0,532631578947369 -0,712 0,674603174603175 0,888888888888889 -0,984 -1 -1 -1 -1 -1 
0,819090909090909 0,552631578947368 -0,552 0,665873015873016 0,88015873015873 -0,904 -1 1 -1 -1 1 
0,809090909090909 0,573684210526316 -0,768 0,653174603174603 0,867460317460317 -0,984 -1 1 -1 -1 -1 
0,760909090909091 0,456842105263158 -0,624 0,596031746031746 0,81031746031746 -0,924 -1 1 -1 -1 -1 
0,717272727272727 0,530526315789473 -0,36 0,561111111111111 0,775396825396825 -0,836 -1 1 -1 -1 -1 
0,678181818181818 0,591578947368422 -0,376 0,541269841269841 0,755555555555556 -1 -1 -1 -1 -1 -1 
0,702727272727273 0,62 -0,768 0,5 0,714285714285714 -1 -1 1 -1 -1 -1 
0,706363636363636 0,592631578947368 -0,776 0,55 0,764285714285714 -0,952 -1 1 -1 -1 -1 
0,808181818181818 0,522105263157895 -0,696 0,607142857142857 0,821428571428571 -1 -1 -1 -1 -1 -1 
0,843636363636364 0,496842105263158 -0,72 0,675396825396825 0,88968253968254 -1 -1 -1 -1 -1 1 
0,853636363636364 0,467368421052631 -0,456 0,66984126984127 0,884126984126984 -1 -1 -1 -1 -1 -1 
0,865454545454545 0,473684210526316 -0,576 0,675396825396825 0,88968253968254 -1 -1 1 -1 -1 1 
0,817272727272727 0,561052631578947 -0,52 0,644444444444444 0,858730158730159 -0,776 -1 1 -1 -1 -1 
0,78 0,541052631578947 -0,92 0,608730158730159 0,823015873015873 -1 -1 -1 -1 -1 -1 
0,799090909090909 0,506315789473685 -0,808 0,628571428571429 0,842857142857143 -0,988 -1 -1 -1 -1 1 
0,815454545454545 0,488421052631579 -0,456 0,651587301587301 0,865873015873016 -0,988 -1 -1 -1 -1 -1 
0,743636363636364 0,506315789473685 -0,416 0,641269841269841 0,855555555555556 -0,988 -1 1 -1 -1 -1 
0,748181818181818 0,534736842105263 -0,496 0,61031746031746 0,824603174603175 -1 -1 -1 -1 -1 -1 
0,672727272727273 0,658947368421052 -0,344 0,546825396825397 0,761111111111111 -0,988 -1 1 -1 -1 -1 
0,669090909090909 0,664210526315788 -0,696 0,525396825396825 0,73968253968254 -0,988 -1 1 -1 -1 -1 
0,744545454545455 0,609473684210526 -0,808 0,553968253968254 0,768253968253968 -1 -1 -1 -1 -1 -1 
0,767272727272727 0,551578947368421 -0,72 0,578571428571429 0,792857142857143 -1 -1 -1 -1 -1 -1 
0,786363636363636 0,504210526315789 -0,744 0,614285714285714 0,828571428571429 -1 -1 -1 -1 -1 -1 
0,826363636363636 0,548421052631579 -0,712 0,603174603174603 0,817460317460317 -0,912 -1 1 -1 -1 -1 
0,770909090909091 0,512631578947369 -0,704 0,591269841269841 0,805555555555556 -0,812 -1 1 -1 -1 1 
0,730909090909091 0,512631578947369 -0,552 0,574603174603175 0,788888888888889 -0,936 -1 1 -1 -1 1 
0,689090909090909 0,54421052631579 -0,28 0,564285714285714 0,778571428571429 -0,988 -1 1 -1 -1 -1 
0,676363636363636 0,553684210526316 -0,12 0,553174603174603 0,767460317460318 -0,956 -1 1 -1 -1 -1 
0,763636363636364 0,461052631578947 -0,512 0,587301587301587 0,801587301587302 -0,58 -1 1 -1 -1 -1 
0,735454545454545 0,446315789473684 -0,488 0,574603174603175 0,788888888888889 -0,98 -1 1 -1 -1 -1 
0,767272727272727 0,356842105263158 -0,352 0,592857142857143 0,807142857142857 -0,988 -1 1 -1 -1 -1 
0,789090909090909 0,370526315789474 -0,776 0,626984126984127 0,841269841269841 -0,856 -1 1 -1 -1 -1 
0,729090909090909 0,44421052631579 -0,184 0,607142857142857 0,821428571428571 -0,976 -1 1 -1 -1 -1 
0,739090909090909 0,409473684210526 -0,584 0,541269841269841 0,755555555555556 -0,988 -1 1 -1 -1 -1 
0,74 0,414736842105263 -0,368 0,605555555555556 0,81984126984127 -0,976 -1 1 -1 -1 -1 
0,75 0,469473684210527 -0,488 0,546825396825397 0,761111111111111 -0,952 -1 1 -1 -1 -1 
0,771818181818182 0,503157894736842 -0,184 0,596825396825397 0,811111111111111 -0,528 -1 1 -1 -1 -1 
0,741818181818182 0,528421052631579 -0,36 0,581746031746032 0,796031746031746 -0,976 -1 1 -1 -1 -1 
0,824545454545455 0,425263157894737 -0,72 0,63968253968254 0,853968253968254 -0,872 -1 1 -1 -1 1 
0,787272727272727 0,448421052631579 -0,488 0,596825396825397 0,811111111111111 -0,988 -1 1 -1 -1 -1 
0,812727272727273 0,511578947368421 -0,52 0,65 0,864285714285714 -0,992 -1 1 -1 -1 -1 
0,798181818181818 0,475789473684211 -0,728 0,635714285714286 0,85 -0,988 -1 1 -1 -1 -1 
0,785454545454546 0,473684210526316 -0,248 0,634126984126984 0,848412698412699 -0,976 -1 1 -1 -1 -1 
0,721818181818182 0,463157894736842 -0,312 0,574603174603175 0,788888888888889 -0,972 -1 1 -1 -1 -1 
0,748181818181818 0,487368421052631 0,048 0,567460317460317 0,781746031746032 -0,912 -1 1 -1 -1 -1 
0,758181818181818 0,567368421052631 -0,248 0,596031746031746 0,81031746031746 -1 -1 -1 -1 -1 -1 
0,744545454545455 0,6 -0,576 0,574603174603175 0,788888888888889 -1 -1 -1 -1 -1 -1 
0,748181818181818 0,583157894736842 -0,688 0,548412698412698 0,762698412698413 -1 -1 -1 -1 -1 -1 
0,720909090909091 0,474736842105263 -0,488 0,607142857142857 0,821428571428571 -1 -1 -1 -1 -1 -1 
0,797272727272727 0,457894736842105 -0,784 0,61984126984127 0,834126984126984 -0,924 -1 1 -1 -1 -1 
0,788181818181818 0,458947368421053 -0,592 0,621428571428571 0,835714285714286 -0,968 -1 1 -1 -1 1 
0,78 0,473684210526316 -0,392 0,626984126984127 0,841269841269841 -0,448 -1 1 -1 -1 1 
0,739090909090909 0,553684210526316 -0,632 0,58015873015873 0,794444444444444 -0,988 -1 -1 -1 -1 -1 
0,713636363636364 0,491578947368422 0,0560000000000001 0,585714285714286 0,8 -0,944 -1 1 -1 -1 -1 
0,688181818181818 0,518947368421052 -0,0479999999999999 0,582539682539683 0,796825396825397 -0,968 -1 1 -1 -1 -1 
0,685454545454546 0,522105263157895 -0,52 0,596825396825397 0,811111111111111 -1 -1 -1 -1 -1 -1 
0,76 0,48 -0,544 0,603174603174603 0,817460317460317 -1 -1 1 -1 -1 -1 
0,722727272727273 0,513684210526315 -0,128 0,675396825396825 0,88968253968254 -1 -1 -1 -1 -1 -1 
0,814545454545454 0,539999999999999 -0,648 0,63015873015873 0,844444444444444 -1 -1 -1 -1 -1 1 
0,816363636363636 0,551578947368421 -0,544 0,651587301587301 0,865873015873016 -1 -1 -1 -1 -1 -1 
0,824545454545455 0,539999999999999 -0,56 0,63968253968254 0,853968253968254 -1 -1 -1 -1 -1 -1 
0,83 0,536842105263158 -0,496 0,678571428571429 0,892857142857143 -0,876 -1 1 -1 -1 1 
0,84 0,569473684210527 -0,584 0,648412698412698 0,862698412698413 -0,608 -1 1 -1 -1 1 
0,778181818181818 0,527368421052632 -0,688 0,637301587301587 0,851587301587302 -1 -1 -1 -1 -1 1 
0,785454545454546 0,538947368421053 -0,336 0,662698412698413 0,876984126984127 -0,996 -1 1 -1 -1 -1 
0,747272727272727 0,556842105263158 -0,456 0,581746031746032 0,796031746031746 -1 -1 -1 -1 -1 -1 
0,802727272727273 0,523157894736843 -0,648 0,58968253968254 0,803968253968254 -1 -1 1 -1 -1 1 
0,835454545454546 0,529473684210526 -0,608 0,676984126984127 0,891269841269841 -0,992 -1 -1 -1 -1 -1 
0,758181818181818 0,513684210526315 -0,304 0,578571428571429 0,792857142857143 -0,992 -1 1 -1 -1 -1 
0,787272727272727 0,539999999999999 -0,512 0,608730158730159 0,823015873015873 -0,996 -1 1 -1 -1 -1 
0,822727272727273 0,547368421052632 -0,592 0,63015873015873 0,844444444444444 -1 -1 -1 -1 -1 -1 
0,793636363636364 0,554736842105264 -0,712 0,653174603174603 0,867460317460317 -1 -1 -1 -1 -1 -1 
0,822727272727273 0,512631578947369 -0,536 0,681746031746032 0,896031746031746 -1 -1 -1 -1 -1 -1 
0,849090909090909 0,487368421052631 -0,664 0,664285714285714 0,878571428571429 -0,592 1 1 -1 -1 1 
0,842727272727273 0,495789473684211 -0,512 0,655555555555556 0,86984126984127 -0,968 -1 1 -1 -1 -1 
0,832727272727273 0,515789473684211 -0,576 0,662698412698413 0,876984126984127 -0,904 -1 1 -1 -1 1 
0,839090909090909 0,525263157894737 -0,648 0,657142857142857 0,871428571428571 -0,956 -1 1 -1 -1 -1 
0,854545454545455 0,546315789473684 -0,648 0,678571428571429 0,892857142857143 -0,936 -1 1 -1 -1 1 
0,81 0,536842105263158 -0,512 0,668253968253968 0,882539682539683 -1 -1 -1 -1 -1 -1 
0,778181818181818 0,531578947368421 -0,664 0,646031746031746 0,86031746031746 -1 -1 -1 -1 -1 -1 
0,736363636363636 0,541052631578947 -0,848 0,601587301587302 0,815873015873016 -1 -1 -1 -1 -1 -1 
0,692727272727273 0,548421052631579 -0,848 0,553968253968254 0,768253968253968 -1 -1 -1 -1 -1 -1 
0,689090909090909 0,562105263157895 -0,888 0,5 0,714285714285714 -1 -1 -1 -1 -1 -1 
0,825454545454545 0,515789473684211 -0,536 0,65 0,864285714285714 -1 -1 -1 -1 -1 -1 
0,853636363636364 0,538947368421053 -0,536 0,692857142857143 0,907142857142857 -0,984 -1 1 -1 -1 1 
0,847272727272727 0,563157894736842 -0,648 0,665873015873016 0,88015873015873 -1 -1 -1 -1 -1 -1 
0,821818181818182 0,590526315789474 -0,624 0,688888888888889 0,903174603174603 -1 -1 -1 -1 -1 -1 
0,826363636363636 0,594736842105263 -0,768 0,664285714285714 0,878571428571429 -1 -1 -1 -1 -1 -1 
0,809090909090909 0,553684210526316 -0,592 0,66031746031746 0,874603174603175 -1 -1 -1 -1 -1 1 
0,788181818181818 0,545263157894736 -0,496 0,692857142857143 0,907142857142857 -1 -1 -1 -1 -1 -1 
0,790909090909091 0,541052631578947 -0,712 0,648412698412698 0,862698412698413 -1 -1 -1 -1 -1 -1 
0,818181818181818 0,554736842105264 -0,592 0,731746031746032 0,946031746031746 -1 -1 -1 -1 -1 -1 
0,788181818181818 0,567368421052631 -0,744 0,661111111111111 0,875396825396825 -1 -1 -1 -1 -1 -1 
