124150 99999  19860101    18.1  4    15.1  4  1009.0  4  9999.9  0    2.4  4    6.3  4    9.7  999.9    20.7*   16.7* 99.99  999.9  001000 
124150 99999  19860102    25.9  6    21.5  6   999.0  6  9999.9  0    2.7  6    6.2  6   15.5  999.9    31.8*   14.9*  0.00B 999.9  000000 
124150 99999  19860103    36.0  4    30.8  4  1000.5  4  9999.9  0    7.5  4    7.3  4    9.7  999.9    36.9*   35.2*  0.00I 999.9  000000 
124150 99999  19860104    32.9  7    28.0  7  1006.0  7  9999.9  0    7.0  7    9.2  7   13.6  999.9    36.0*   29.3*  0.00H   1.6  001000 
124150 99999  19860105    30.1  4    21.4  4  1006.9  4  9999.9  0   10.9  4    7.3  4   11.7  999.9    33.3*   27.0*  0.01B 999.9  001000 
124150 99999  19860106    31.7  5    24.3  5  1004.1  5  9999.9  0    7.0  5    8.9  5   13.6  999.9    33.1*   29.7*  0.00A 999.9  000000 
124150 99999  19860107    30.2  5    27.8  5  1011.3  5  9999.9  0    2.7  5    4.3  5    7.8  999.9    32.2*   27.1* 99.99  999.9  001000 
124150 99999  19860108    29.1  7    26.4  7  1015.7  7  9999.9  0    3.2  7    3.3  7    7.8  999.9    31.8    20.7   0.00E 999.9  001000 
124150 99999  19860109    20.5  7    14.9  7  1024.2  7  9999.9  0    7.7  6    5.6  7    9.7  999.9    41.0    19.4*  0.00H 999.9  001000 
124150 99999  19860110    16.7  7    11.1  6  1030.2  6  9999.9  0    5.9  7    6.7  7   11.7  999.9    18.7*   14.2   0.00E   1.6  001000 
124150 99999  19860111    35.7  6    31.1  6  1010.7  5  9999.9  0    3.5  6    9.4  6   15.5  999.9    39.6    27.5* 99.99  999.9  001000 
124150 99999  19860112    36.0  7    31.7  7  1008.4  7  9999.9  0    5.3  7    8.9  7   13.6  999.9    37.2    33.3*  0.00E   1.2  011000 
124150 99999  19860113    36.9  4    33.5  4  1005.9  4  9999.9  0    6.2  4   12.1  4   13.6  999.9    37.0*   34.7  99.99  999.9  010000 
124150 99999  19860114    38.3  7    33.8  7   996.6  7  9999.9  0   12.4  7   12.5  7   17.5  999.9    40.5*   35.6*  0.16E 999.9  010000 
124150 99999  19860115    36.3  7    32.9  6   991.5  7  9999.9  0    6.7  7   13.9  7   17.5  999.9    37.6*   34.0*  0.01E 999.9  011000 
124150 99999  19860116    30.3  6    26.4  6  1007.8  6  9999.9  0    4.6  6    6.5  6   11.7  999.9    32.4*   28.4* 99.99  999.9  001000 
124150 99999  19860117    27.7  4    22.7  4  9999.9  0  9999.9  0    5.7  4  999.9  0  999.9  999.9    29.5*   23.7* 99.99  999.9  001000 
124150 99999  19860118    22.7  5    17.0  5  1018.4  5  9999.9  0    4.6  5    9.7  5   15.5  999.9    25.7*   16.0   0.00H   1.2  001000 
124150 99999  19860119    42.8  5    37.5  5  1004.6  5  9999.9  0   10.9  5   12.0  5   19.4  999.9    46.6    38.8*  0.00H 999.9  010000 
124150 99999  19860120    41.2  6    36.0  6  1004.1  6  9999.9  0   10.4  6   21.0  6   29.1  999.9    49.6*   37.4* 99.99  999.9  010000 
124150 99999  19860121    40.3  4    30.8  4  1014.9  4  9999.9  0   12.4  4    9.7  4   13.6  999.9    42.4*   38.7*  0.00I 999.9  000000 
124150 99999  19860122    39.3  6    31.6  5  1008.6  6  9999.9  0   12.4  6    8.7  6   15.5  999.9    42.3*   36.5*  0.00B 999.9  000000 
124150 99999  19860123    40.1  5    33.8  5   991.4  5  9999.9  0   11.2  5   11.3  5   13.6  999.9    41.5*   37.0* 99.99  999.9  010000 
124150 99999  19860124    39.7  7    32.4  7   989.1  7  9999.9  0    9.8  7    7.5  7   11.7  999.9    42.4*   35.6*  0.00B 999.9  000000 
124150 99999  19860125    34.1  8    30.1  8  1003.5  8  9999.9  0    4.7  8   12.9  8   15.5  999.9    35.6    32.7*  0.02F 999.9  011000 
124150 99999  19860126    30.8  6    27.0  5  1015.4  5  9999.9  0    5.3  6   11.0  6   13.6  999.9    31.6*   29.7*  0.01E   0.8  001000 
124150 99999  19860127    28.7  6    23.5  6  1015.1  6  9999.9  0    5.2  6   11.3  6   15.5  999.9    29.5*   26.8   0.00E   0.8  001000 
124150 99999  19860128    29.6  5    20.4  5  1016.8  5  9999.9  0    7.5  5    8.5  5   13.6  999.9    33.1*   24.8*  0.00A 999.9  000000 
124150 99999  19860129    32.2  7    24.4  6  1015.8  6  9999.9  0    7.1  7   10.3  7   13.6  999.9    36.0    26.2   0.00C   0.4  000000 
124150 99999  19860130    32.6  6    27.5  6  1015.6  6  9999.9  0    3.3  6   13.0  6   17.5  999.9    34.9    29.5*  0.00B 999.9  000000 
124150 99999  19860131    31.8  6    29.6  6  1016.6  6  9999.9  0    3.6  6   12.0  6   13.6  999.9    32.4*   31.5*  0.00A 999.9  000000 
124150 99999  19860201    32.9  4    28.6  4  1011.4  4  9999.9  0    4.3  4   10.2  4   11.7  999.9    34.2*   31.6*  0.00I 999.9  000000 
124150 99999  19860202    27.2  7    24.0  7  1014.9  7  9999.9  0    4.1  7   13.3  7   15.5  999.9    30.7*   25.3*  0.00G   0.4  011000 
124150 99999  19860203    22.7  7    15.4  7  1024.2  7  9999.9  0    5.9  7   10.5  7   13.6  999.9    25.7    20.5*  0.00B 999.9  000000 
124150 99999  19860204    16.6  5    11.8  5  1024.8  5  9999.9  0    2.7  5    5.8  5    7.8  999.9    20.7*   12.6*  0.00A 999.9  000000 
124150 99999  19860205    16.0  5    11.4  5  1018.3  5  9999.9  0    0.9  5    6.6  5    9.7  999.9    21.9*   11.8*  0.00A 999.9  100000 
124150 99999  19860206    16.3  7    10.5  7  1018.2  7  9999.9  0    2.2  7    6.5  6   11.7  999.9    25.9*    7.0   0.00H   0.4  001000 
124150 99999  19860207     5.9  5     0.9  5  1020.7  5  9999.9  0    5.0  5    4.3  5   11.7  999.9    13.1*   -3.5  99.99    0.8  001000 
124150 99999  19860208     3.1  5    -0.8  5  1015.2  5  9999.9  0    1.9  5    1.9  5    9.7  999.9    14.9*   -5.4* 99.99  999.9  001000 
124150 99999  19860209     4.1  5     1.0  5  1019.9  5  9999.9  0    0.7  5    2.4  4    5.8  999.9     9.0*   -2.6* 99.99  999.9  001000 
124150 99999  19860210    20.3  5    18.1  5  1023.0  5  9999.9  0    1.1  5    4.7  5   11.7  999.9    26.4*   11.1* 99.99  999.9  011000 
124150 99999  19860211     4.5  6     0.0  6  1033.2  6  9999.9  0    1.2  6    0.6  6    3.9  999.9    20.1*   -7.1   0.00B   3.9  100000 
124150 99999  19860212     4.6  5     0.1  5  1036.8  5  9999.9  0    0.7  5    1.2  5    3.9  999.9    24.1*   -8.1   0.00G   3.9  100000 
124150 99999  19860213    15.1  5     9.2  5  1029.2  5  9999.9  0    1.5  5    1.0  4    1.9  999.9    21.4*    1.6*  0.00A 999.9  000000 
124150 99999  19860214    20.4  6    14.7  6  1024.2  6  9999.9  0    1.6  5    4.5  6    9.7  999.9    25.2*   12.6*  0.00B 999.9  000000 
124150 99999  19860215    21.5  7    18.2  7  1021.6  7  9999.9  0    2.0  6    5.8  7    9.7  999.9    26.8     9.3   0.00B   3.1  000000 
124150 99999  19861211    36.3  8    34.7  8  1032.8  8  9999.9  0    1.6  8    7.0  8   11.7  999.9    38.5    34.7*  0.00G 999.9  010000 
124150 99999  19861212    34.6 10    33.3  8  1029.3 10  9999.9  0    1.2 10    6.0 10   11.7  999.9    34.9*   33.6   0.00G 999.9  010000 
124150 99999  19861213    32.9  9    29.5  8  1019.9  9  9999.9  0    2.7  9    5.2  9    7.8  999.9    36.1    29.7*  0.00H 999.9  010000 
124150 99999  19861214    32.5  6    30.1  6  1015.6  6  9999.9  0    2.3  6    3.6  6    9.7  999.9    38.5    24.8*  0.00H 999.9  010000 
124150 99999  19861215    32.5  8    31.1  7  1017.9  7  9999.9  0    2.3  8    2.5  7    9.7  999.9    38.7    30.6*  0.00B 999.9  000000 
124150 99999  19861216    37.6  6    32.5  6  1005.9  6  9999.9  0   10.1  6   13.9  6   19.4  999.9    42.4    34.5*  0.01G 999.9  010000 
124150 99999  19861217    37.6  9    34.0  8  1010.7  9  9999.9  0    6.1  9   14.7  9   17.5  999.9    40.1    34.3   0.00G 999.9  011000 
124150 99999  19861218    40.2  8    36.8  8  1005.8  8  9999.9  0    9.3  8    9.5  8   13.6  999.9    43.9*   37.0   0.04G 999.9  010000 
124150 99999  19861219    38.9  8    34.6  7   984.6  8  9999.9  0    7.5  8   23.1  8   29.1  999.9    43.0    35.1*  0.00G 999.9  010000 
124150 99999  19861220    31.3  7    28.2  0   997.0  7  9999.9  0    4.6  7   15.3  7   25.3  999.9    36.3*   17.4* 99.99  999.9  011000 
124150 99999  19861221    28.0  8    25.0  8  1002.2  8  9999.9  0    3.5  8    7.5  8   11.7  999.9    31.6*   23.0*  0.08E   3.9  001000 
124150 99999  19861222    23.2  6    18.7  6  1006.3  6  9999.9  0    6.7  6   12.9  6   13.6  999.9    24.8*   20.5   0.02E   5.1  001000 
124150 99999  19861223    25.1  6    22.0  6  1011.0  5  9999.9  0    2.4  6   12.9  6   13.6  999.9    26.4*   24.3* 99.99  999.9  001000 
124150 99999  19861224    24.5  6    21.5  6  1024.8  6  9999.9  0    3.5  6    6.8  6    9.7  999.9    25.9*   23.0* 99.99    5.5  001000 
124150 99999  19861225    21.0  7    17.7  7  1027.2  7  9999.9  0    3.5  7    3.9  7    7.8  999.9    25.9*   14.9*  0.02E   4.3  001000 
124150 99999  19861226    22.4  6    18.4  6  1009.2  6  9999.9  0    3.0  6    4.5  6    9.7  999.9    31.5*    9.1   0.00H   5.9  001000 
124150 99999  19861227    33.5  5    31.2  5  1005.8  5  9999.9  0    3.4  5   10.9  5   13.6  999.9    34.9*   25.0   0.00G   5.1  011000 
124150 99999  19861228    34.2  8    32.0  8  1008.2  8  9999.9  0    3.5  8   10.9  8   13.6  999.9    35.8    32.7  99.99    3.5  011000 
124150 99999  19861229    41.4  5    38.5  5  1000.6  5  9999.9  0    5.6  5   19.0  5   25.3  999.9    45.0*   36.5* 99.99  999.9  010000 
124150 99999  19861230    35.3  7    33.3  6  1006.6  6  9999.9  0    6.8  6   13.3  6   17.5  999.9    36.3*   34.2* 99.99  999.9  011000 
124150 99999  19861231    41.3  7    38.0  7  1002.7  7  9999.9  0    7.1  7   13.3  7   17.5  999.9    45.7    32.9   0.02G 999.9  010000 
