124150 99999  19860101    18.1  4    15.1  4  1009.0  4  9999.9  0    2.4  4    6.3  4    9.7  999.9    20.7*   16.7* 99.99  999.9  001000 
124150 99999  19860102    25.9  6    21.5  6   999.0  6  9999.9  0    2.7  6    6.2  6   15.5  999.9    31.8*   14.9*  0.00B 999.9  000000 
124150 99999  19860103    36.0  4    30.8  4  1000.5  4  9999.9  0    7.5  4    7.3  4    9.7  999.9    36.9*   35.2*  0.00I 999.9  000000 
124150 99999  19860104    32.9  7    28.0  7  1006.0  7  9999.9  0    7.0  7    9.2  7   13.6  999.9    36.0*   29.3*  0.00H   1.6  001000 
124150 99999  19860105    30.1  4    21.4  4  1006.9  4  9999.9  0   10.9  4    7.3  4   11.7  999.9    33.3*   27.0*  0.01B 999.9  001000 
124150 99999  19860106    31.7  5    24.3  5  1004.1  5  9999.9  0    7.0  5    8.9  5   13.6  999.9    33.1*   29.7*  0.00A 999.9  000000 
124150 99999  19860107    30.2  5    27.8  5  1011.3  5  9999.9  0    2.7  5    4.3  5    7.8  999.9    32.2*   27.1* 99.99  999.9  001000 
124150 99999  19860108    29.1  7    26.4  7  1015.7  7  9999.9  0    3.2  7    3.3  7    7.8  999.9    31.8    20.7   0.00E 999.9  001000 
124150 99999  19860109    20.5  7    14.9  7  1024.2  7  9999.9  0    7.7  6    5.6  7    9.7  999.9    41.0    19.4*  0.00H 999.9  001000 
124150 99999  19860110    16.7  7    11.1  6  1030.2  6  9999.9  0    5.9  7    6.7  7   11.7  999.9    18.7*   14.2   0.00E   1.6  001000 
124150 99999  19860111    35.7  6    31.1  6  1010.7  5  9999.9  0    3.5  6    9.4  6   15.5  999.9    39.6    27.5* 99.99  999.9  001000 
124150 99999  19860112    36.0  7    31.7  7  1008.4  7  9999.9  0    5.3  7    8.9  7   13.6  999.9    37.2    33.3*  0.00E   1.2  011000 
124150 99999  19860113    36.9  4    33.5  4  1005.9  4  9999.9  0    6.2  4   12.1  4   13.6  999.9    37.0*   34.7  99.99  999.9  010000 
124150 99999  19860114    38.3  7    33.8  7   996.6  7  9999.9  0   12.4  7   12.5  7   17.5  999.9    40.5*   35.6*  0.16E 999.9  010000 
124150 99999  19860115    36.3  7    32.9  6   991.5  7  9999.9  0    6.7  7   13.9  7   17.5  999.9    37.6*   34.0*  0.01E 999.9  011000 
124150 99999  19860116    30.3  6    26.4  6  1007.8  6  9999.9  0    4.6  6    6.5  6   11.7  999.9    32.4*   28.4* 99.99  999.9  001000 
124150 99999  19860117    27.7  4    22.7  4  9999.9  0  9999.9  0    5.7  4  999.9  0  999.9  999.9    29.5*   23.7* 99.99  999.9  001000 
124150 99999  19860118    22.7  5    17.0  5  1018.4  5  9999.9  0    4.6  5    9.7  5   15.5  999.9    25.7*   16.0   0.00H   1.2  001000 
124150 99999  19860119    42.8  5    37.5  5  1004.6  5  9999.9  0   10.9  5   12.0  5   19.4  999.9    46.6    38.8*  0.00H 999.9  010000 
124150 99999  19860120    41.2  6    36.0  6  1004.1  6  9999.9  0   10.4  6   21.0  6   29.1  999.9    49.6*   37.4* 99.99  999.9  010000 
124150 99999  19860121    40.3  4    30.8  4  1014.9  4  9999.9  0   12.4  4    9.7  4   13.6  999.9    42.4*   38.7*  0.00I 999.9  000000 
124150 99999  19860122    39.3  6    31.6  5  1008.6  6  9999.9  0   12.4  6    8.7  6   15.5  999.9    42.3*   36.5*  0.00B 999.9  000000 
124150 99999  19860123    40.1  5    33.8  5   991.4  5  9999.9  0   11.2  5   11.3  5   13.6  999.9    41.5*   37.0* 99.99  999.9  010000 
124150 99999  19860124    39.7  7    32.4  7   989.1  7  9999.9  0    9.8  7    7.5  7   11.7  999.9    42.4*   35.6*  0.00B 999.9  000000 
124150 99999  19860125    34.1  8    30.1  8  1003.5  8  9999.9  0    4.7  8   12.9  8   15.5  999.9    35.6    32.7*  0.02F 999.9  011000 
124150 99999  19860126    30.8  6    27.0  5  1015.4  5  9999.9  0    5.3  6   11.0  6   13.6  999.9    31.6*   29.7*  0.01E   0.8  001000 
124150 99999  19860127    28.7  6    23.5  6  1015.1  6  9999.9  0    5.2  6   11.3  6   15.5  999.9    29.5*   26.8   0.00E   0.8  001000 
124150 99999  19860128    29.6  5    20.4  5  1016.8  5  9999.9  0    7.5  5    8.5  5   13.6  999.9    33.1*   24.8*  0.00A 999.9  000000 
124150 99999  19860129    32.2  7    24.4  6  1015.8  6  9999.9  0    7.1  7   10.3  7   13.6  999.9    36.0    26.2   0.00C   0.4  000000 
124150 99999  19860130    32.6  6    27.5  6  1015.6  6  9999.9  0    3.3  6   13.0  6   17.5  999.9    34.9    29.5*  0.00B 999.9  000000 
124150 99999  19860131    31.8  6    29.6  6  1016.6  6  9999.9  0    3.6  6   12.0  6   13.6  999.9    32.4*   31.5*  0.00A 999.9  000000 
124150 99999  19860201    32.9  4    28.6  4  1011.4  4  9999.9  0    4.3  4   10.2  4   11.7  999.9    34.2*   31.6*  0.00I 999.9  000000 
124150 99999  19860202    27.2  7    24.0  7  1014.9  7  9999.9  0    4.1  7   13.3  7   15.5  999.9    30.7*   25.3*  0.00G   0.4  011000 
124150 99999  19860203    22.7  7    15.4  7  1024.2  7  9999.9  0    5.9  7   10.5  7   13.6  999.9    25.7    20.5*  0.00B 999.9  000000 
124150 99999  19860204    16.6  5    11.8  5  1024.8  5  9999.9  0    2.7  5    5.8  5    7.8  999.9    20.7*   12.6*  0.00A 999.9  000000 
124150 99999  19860205    16.0  5    11.4  5  1018.3  5  9999.9  0    0.9  5    6.6  5    9.7  999.9    21.9*   11.8*  0.00A 999.9  100000 
124150 99999  19860206    16.3  7    10.5  7  1018.2  7  9999.9  0    2.2  7    6.5  6   11.7  999.9    25.9*    7.0   0.00H   0.4  001000 
124150 99999  19860207     5.9  5     0.9  5  1020.7  5  9999.9  0    5.0  5    4.3  5   11.7  999.9    13.1*   -3.5  99.99    0.8  001000 
124150 99999  19860208     3.1  5    -0.8  5  1015.2  5  9999.9  0    1.9  5    1.9  5    9.7  999.9    14.9*   -5.4* 99.99  999.9  001000 
124150 99999  19860209     4.1  5     1.0  5  1019.9  5  9999.9  0    0.7  5    2.4  4    5.8  999.9     9.0*   -2.6* 99.99  999.9  001000 
124150 99999  19860210    20.3  5    18.1  5  1023.0  5  9999.9  0    1.1  5    4.7  5   11.7  999.9    26.4*   11.1* 99.99  999.9  011000 
124150 99999  19860211     4.5  6     0.0  6  1033.2  6  9999.9  0    1.2  6    0.6  6    3.9  999.9    20.1*   -7.1   0.00B   3.9  100000 
124150 99999  19860212     4.6  5     0.1  5  1036.8  5  9999.9  0    0.7  5    1.2  5    3.9  999.9    24.1*   -8.1   0.00G   3.9  100000 
124150 99999  19860213    15.1  5     9.2  5  1029.2  5  9999.9  0    1.5  5    1.0  4    1.9  999.9    21.4*    1.6*  0.00A 999.9  000000 
124150 99999  19860214    20.4  6    14.7  6  1024.2  6  9999.9  0    1.6  5    4.5  6    9.7  999.9    25.2*   12.6*  0.00B 999.9  000000 
124150 99999  19860215    21.5  7    18.2  7  1021.6  7  9999.9  0    2.0  6    5.8  7    9.7  999.9    26.8     9.3   0.00B   3.1  000000 
124150 99999  19861211    36.3  8    34.7  8  1032.8  8  9999.9  0    1.6  8    7.0  8   11.7  999.9    38.5    34.7*  0.00G 999.9  010000 
124150 99999  19861212    34.6 10    33.3  8  1029.3 10  9999.9  0    1.2 10    6.0 10   11.7  999.9    34.9*   33.6   0.00G 999.9  010000 
124150 99999  19861213    32.9  9    29.5  8  1019.9  9  9999.9  0    2.7  9    5.2  9    7.8  999.9    36.1    29.7*  0.00H 999.9  010000 
124150 99999  19861214    32.5  6    30.1  6  1015.6  6  9999.9  0    2.3  6    3.6  6    9.7  999.9    38.5    24.8*  0.00H 999.9  010000 
124150 99999  19861215    32.5  8    31.1  7  1017.9  7  9999.9  0    2.3  8    2.5  7    9.7  999.9    38.7    30.6*  0.00B 999.9  000000 
124150 99999  19861216    37.6  6    32.5  6  1005.9  6  9999.9  0   10.1  6   13.9  6   19.4  999.9    42.4    34.5*  0.01G 999.9  010000 
124150 99999  19861217    37.6  9    34.0  8  1010.7  9  9999.9  0    6.1  9   14.7  9   17.5  999.9    40.1    34.3   0.00G 999.9  011000 
124150 99999  19861218    40.2  8    36.8  8  1005.8  8  9999.9  0    9.3  8    9.5  8   13.6  999.9    43.9*   37.0   0.04G 999.9  010000 
124150 99999  19861219    38.9  8    34.6  7   984.6  8  9999.9  0    7.5  8   23.1  8   29.1  999.9    43.0    35.1*  0.00G 999.9  010000 
124150 99999  19861220    31.3  7    28.2  0   997.0  7  9999.9  0    4.6  7   15.3  7   25.3  999.9    36.3*   17.4* 99.99  999.9  011000 
124150 99999  19861221    28.0  8    25.0  8  1002.2  8  9999.9  0    3.5  8    7.5  8   11.7  999.9    31.6*   23.0*  0.08E   3.9  001000 
124150 99999  19861222    23.2  6    18.7  6  1006.3  6  9999.9  0    6.7  6   12.9  6   13.6  999.9    24.8*   20.5   0.02E   5.1  001000 
124150 99999  19861223    25.1  6    22.0  6  1011.0  5  9999.9  0    2.4  6   12.9  6   13.6  999.9    26.4*   24.3* 99.99  999.9  001000 
124150 99999  19861224    24.5  6    21.5  6  1024.8  6  9999.9  0    3.5  6    6.8  6    9.7  999.9    25.9*   23.0* 99.99    5.5  001000 
124150 99999  19861225    21.0  7    17.7  7  1027.2  7  9999.9  0    3.5  7    3.9  7    7.8  999.9    25.9*   14.9*  0.02E   4.3  001000 
124150 99999  19861226    22.4  6    18.4  6  1009.2  6  9999.9  0    3.0  6    4.5  6    9.7  999.9    31.5*    9.1   0.00H   5.9  001000 
124150 99999  19861227    33.5  5    31.2  5  1005.8  5  9999.9  0    3.4  5   10.9  5   13.6  999.9    34.9*   25.0   0.00G   5.1  011000 
124150 99999  19861228    34.2  8    32.0  8  1008.2  8  9999.9  0    3.5  8   10.9  8   13.6  999.9    35.8    32.7  99.99    3.5  011000 
124150 99999  19861229    41.4  5    38.5  5  1000.6  5  9999.9  0    5.6  5   19.0  5   25.3  999.9    45.0*   36.5* 99.99  999.9  010000 
124150 99999  19861230    35.3  7    33.3  6  1006.6  6  9999.9  0    6.8  6   13.3  6   17.5  999.9    36.3*   34.2* 99.99  999.9  011000 
124150 99999  19861231    41.3  7    38.0  7  1002.7  7  9999.9  0    7.1  7   13.3  7   17.5  999.9    45.7    32.9   0.02G 999.9  010000 
124150 99999  19870101    39.7  8    36.9  8  1007.2  8  9999.9  0    4.6  8   12.6  8   15.5  999.9    43.7*   31.3*  0.24F 999.9  010000 
124150 99999  19870102    24.1  8    21.4  8  1004.8  8  9999.9  0    2.1  8   13.4  8   19.4  999.9    29.7*   17.2*  0.24F   3.5  001000 
124150 99999  19870103    13.6  6    10.0  6  1018.2  6  9999.9  0    2.6  6    7.4  6   13.6  999.9    21.7*    5.2   0.00G   4.7  001000 
124150 99999  19870104    21.4  8    17.9  8  1023.5  8  9999.9  0    3.3  8    9.0  8   13.6  999.9    25.7*   15.4*  0.00G   5.1  001000 
124150 99999  19870105    32.5  7    27.6  7  1005.5  7  9999.9  0    6.6  7   13.9  7   17.5  999.9    37.2*   11.1   0.01E   5.5  011000 
124150 99999  19870106    33.4  7    27.0  7   999.4  7  9999.9  0    5.5  7   12.2  7   15.5  999.9    36.5*   27.0*  0.02E   2.4  011000 
124150 99999  19870107    15.6  7     8.4  7  1020.1  7  9999.9  0    5.1  7    8.9  7   15.5  999.9    20.1*   11.3*  0.00E   2.4  011000 
124150 99999  19870108    18.6  5    12.9  5  1022.6  5  9999.9  0    3.2  5    8.2  5   11.7  999.9    20.3*   14.0*  0.00A 999.9  001000 
124150 99999  19870109    24.6  7    19.7  7  1008.5  7  9999.9  0    4.7  7   13.6  7   17.5  999.9    28.8    17.6   0.05F   3.5  001000 
124150 99999  19870110    11.4  6     7.4  6  1015.2  6  9999.9  0    3.4  6    6.5  6    9.7  999.9    17.8*   -0.8*  0.00B 999.9  001000 
124150 99999  19870111    -4.0  7    -8.0  7  1020.5  7  9999.9  0    1.7  7    6.4  7    7.8  999.9    -2.4    -5.3*  0.00E   4.3  001000 
124150 99999  19870112    -4.6  8    -7.8  8  1015.4  7  9999.9  0    1.2  8    4.6  8    9.7  999.9    -2.9*   -5.8*  0.18F   5.1  001000 
124150 99999  19870113    -8.0  6   -12.5  5  1017.9  6  9999.9  0    0.9  6    0.0  6  999.9  999.9    -2.4   -13.7*  0.00C   6.3  001000 
124150 99999  19870114    -9.9  7   -12.6  7  1022.7  7  9999.9  0    0.7  7    3.6  7    7.8  999.9    -1.7   -16.1*  0.00C 999.9  100000 
124150 99999  19870115     0.6  7    -3.3  7  1021.2  7  9999.9  0    1.8  7    9.4  7   11.7  999.9     6.4*   -8.7   0.00C   6.3  001000 
124150 99999  19870116    10.5  6     6.1  6  1026.4  6  9999.9  0    2.3  6    7.4  6    9.7  999.9    12.4*    5.7   0.04E   6.7  001000 
124150 99999  19870117     7.2  6     3.4  6  1039.0  6  9999.9  0    1.3  6    3.6  6    7.8  999.9    13.3*    2.8*  0.00E   7.9  001000 
124150 99999  19870118    12.0  7     8.2  7  1037.7  7  9999.9  0    1.2  7    5.0  7    7.8  999.9    15.1     7.5   0.00E   7.9  010000 
124150 99999  19870119    16.1  7    13.0  7  1034.2  7  9999.9  0    1.5  7    6.1  7    7.8  999.9    18.5*    7.7   0.00C   7.5  000000 
124150 99999  19870120    10.4  5     6.8  5  1038.1  5  9999.9  0    1.1  5    3.1  5    5.8  999.9    14.0*    8.4*  0.00A 999.9  101000 
124150 99999  19870121    15.7  8    13.5  8  1037.6  8  9999.9  0    0.5  8    2.7  8    7.8  999.9    20.5*    8.2   0.00D   7.1  100000 
124150 99999  19870122    24.1  7    22.0  6  1034.7  7  9999.9  0    0.7  7    5.8  7    7.8  999.9    27.9*   18.3   0.00E   7.1  011000 
124150 99999  19870123    34.3  6    33.2  6  1023.7  6  9999.9  0    2.1  6   10.0  6   13.6  999.9    34.9*   27.1   0.04E   6.3  011000 
124150 99999  19870124    27.9  8    24.5  7  1033.5  8  9999.9  0    3.1  8    5.6  8    9.7  999.9    30.6    25.9*  0.16E   5.9  000000 
124150 99999  19870125    34.5  6    30.3  6  1018.4  6  9999.9  0    6.0  6   22.0  6   31.1  999.9    36.9    31.1*  0.00E 999.9  010000 
124150 99999  19870126    29.7  6    25.2  6  1004.1  6  9999.9  0    6.0  6   14.6  6   21.4  999.9    34.7*   25.2*  0.08E   3.1  011100 
124150 99999  19870127    25.3  7    18.8  7  1008.4  7  9999.9  0    5.2  7   10.0  7   15.5  999.9    27.0*   23.7*  0.00E   3.5  001000 
124150 99999  19870128    28.1  7    23.2  6   998.6  7  9999.9  0    3.7  7   13.9  6   21.4  999.9    31.1*   16.3   0.00E   3.5  001000 
124150 99999  19870129    14.3  6    11.3  6  1008.7  6  9999.9  0    2.3  6    4.5  6    9.7  999.9    20.1*    3.2   0.04F   6.7  001000 
124150 99999  19870130    11.2  5     4.6  5  1025.6  4  9999.9  0    5.5  5    8.2  5   11.7  999.9    13.3*    8.4*  0.00E   7.5  001000 
124150 99999  19870131     6.5  8    -0.3  8  1026.1  5  9999.9  0    1.6  8    1.5  8    5.8  999.9    21.2*   -6.3   0.00D   7.1  000000 
124150 99999  19870201    11.3  9     2.5  8  1027.8  8  9999.9  0    1.5  9    1.5  9    3.9  999.9    25.7     0.1*  0.00D   5.9  000000 
124150 99999  19870202     7.1  7     1.8  5  1026.6  7  9999.9  0    1.0  7    1.1  7    3.9  999.9    22.3*   -1.8   0.00B   5.9  100000 
124150 99999  19870203    16.1  8    11.1  8  1024.6  8  9999.9  0    1.8  8    3.9  8    9.7  999.9    32.0     4.1*  0.00D   5.9  000000 
124150 99999  19870204    14.5  8    11.8  7  1028.5  8  9999.9  0    0.9  8    2.7  8    5.8  999.9    30.7*   -0.6   0.00D   5.9  100000 
124150 99999  19870205    19.4  8    14.9  7  1027.3  7  9999.9  0    1.0  8    1.2  8    1.9  999.9    33.8     9.0   0.00C   5.5  100000 
124150 99999  19870206    35.3  7    29.9  7  1017.3  7  9999.9  0    3.8  7    7.5  7   15.5  999.9    41.0    28.9*  0.00H 999.9  010000 
124150 99999  19870207    38.6  6    32.5  6  1011.0  5  9999.9  0   10.4  6   17.5  6   19.4  999.9    41.0*   30.7*  0.00E   2.4  010000 
124150 99999  19870208    32.0  4    26.1  4  9999.9  0  9999.9  0   10.6  4   11.2  4   13.6  999.9    36.0*   27.7*  0.00A 999.9  011000 
124150 99999  19870209    38.1  5    36.2  5  1012.3  5  9999.9  0    4.0  5    8.9  5   15.5  999.9    39.7*   35.8*  0.12B 999.9  010000 
124150 99999  19870210    40.1 11    37.5  7  1004.9 11  9999.9  0    8.0 11    7.9 11   11.7  999.9    43.0    34.2   0.12E 999.9  010000 
124150 99999  19870211    36.5  7    34.6  5  1004.6  7  9999.9  0    4.1  7    7.2  7    7.8  999.9    40.8*   32.9   0.00E 999.9  000000 
124150 99999  19870212    40.8  5    35.0  0  1000.3  5  9999.9  0    1.5  5    2.7  5    3.9  999.9    48.4*   33.3*  0.00A 999.9  000000 
124150 99999  19870213    39.8  7    35.8  6  1007.1  7  9999.9  0    4.1  7    7.8  7    9.7  999.9    45.5    35.6*  0.00C 999.9  000000 
124150 99999  19870214    33.8  7    33.7  6  1010.4  7  9999.9  0    0.7  7    2.8  7    5.8  999.9    35.2*   32.2   0.24F   0.8  011000 
124150 99999  19870215    35.3  9    35.1  8  1008.3  9  9999.9  0    0.4  9    1.1  9    3.9  999.9    36.5    33.8   0.35F 999.9  110000 
124150 99999  19871211    35.8  8    31.2  8  1008.3  8  9999.9  0    6.2  8   15.5  8   23.3  999.9    37.4    33.1*  0.01F 999.9  010000 
124150 99999  19871212    30.4  7    27.6  7  1019.7  7  9999.9  0    3.5  7    5.0  7    9.7  999.9    34.0    27.0*  0.00F 999.9  000000 
124150 99999  19871213    24.6  5    23.6  5  1022.1  5  9999.9  0    0.9  5    3.1  5    5.8  999.9    27.7*   22.1*  0.00A 999.9  100000 
124150 99999  19871214    23.5  5    20.8  5  1012.9  5  9999.9  0    1.9  5    4.3  5   11.7  999.9    27.3*   19.2* 99.99  999.9  101000 
124150 99999  19871215    25.3  8    20.9  7  1014.7  8  9999.9  0    3.0  8    4.1  8    5.8  999.9    27.7*   18.5*  0.00D 999.9  000000 
124150 99999  19871216    23.2  7    21.0  7  1013.7  7  9999.9  0    1.8  7    3.3  7    5.8  999.9    32.9*   15.3   0.00H 999.9  010000 
124150 99999  19871217    34.8  7    34.5  7  1013.4  7  9999.9  0    1.4  7    1.9  7    3.9  999.9    37.0    32.4   0.12F 999.9  110000 
124150 99999  19871218    45.1  5    42.4  5  1010.6  5  9999.9  0    6.6  5    8.5  5   11.7  999.9    54.0*   35.4   0.00E 999.9  010000 
124150 99999  19871219    47.3  7    44.4  7  1009.2  7  9999.9  0    5.2  7   11.1  7   15.5  999.9    50.5*   45.3*  0.00C 999.9  010000 
124150 99999  19871220    44.2  7    41.5  7  1018.3  7  9999.9  0    5.1  7   11.9  7   15.5  999.9    46.9*   42.4   0.24F 999.9  010000 
124150 99999  19871221    48.4  6    43.4  6  1020.1  5  9999.9  0    6.8  6   16.2  6   19.4  999.9    49.6*   44.1   0.16E 999.9  000000 
124150 99999  19871222    44.0  6    41.2  6  1025.5  6  9999.9  0    4.2  6   11.3  6   17.5  999.9    46.8    43.0*  0.12E 999.9  010000 
124150 99999  19871223    39.6  8    34.1  8  1028.6  8  9999.9  0    6.2  8   12.4  8   17.5  999.9    42.1*   36.5*  0.00E 999.9  010000 
124150 99999  19871224    34.4  6    30.9  5  1029.8  5  9999.9  0    4.7  6    3.9  6    5.8  999.9    37.4    30.9*  0.00A 999.9  000000 
124150 99999  19871225    30.9  9    28.6  8  1024.7  9  9999.9  0    1.7  9    1.7  9    5.8  999.9    38.8    27.7   0.00D 999.9  000000 
124150 99999  19871226    36.4  6    35.1  5  1027.5  6  9999.9  0    3.6  6    5.8  6    9.7  999.9    42.8*   27.1   0.00E 999.9  010000 
124150 99999  19871227    45.8  7    41.9  7  1025.5  7  9999.9  0    6.2  7   13.6  7   15.5  999.9    47.1    42.3   0.05F 999.9  010000 
124150 99999  19871228    48.7  4    43.1  4  1021.8  4  9999.9  0    5.3  4   14.6  4   19.4  999.9    49.6*   46.8*  0.04A 999.9  010000 
124150 99999  19871229    51.9  5    45.6  5  1023.4  5  9999.9  0    8.1  5   15.5  5   17.5  999.9    54.0    49.6*  0.12B 999.9  010000 
124150 99999  19871230    51.3  6    44.8  6  1018.9  6  9999.9  0    9.3  6   17.5  6   21.4  999.9    56.1*   45.0*  0.00E 999.9  010000 
124150 99999  19871231    39.3  7    36.7  7  1016.5  7  9999.9  0    5.6  6    6.7  7    9.7  999.9    46.9    34.9   0.00C 999.9  000000 
124150 99999  19880101    38.7  6    37.0  6  1011.7  6  9999.9  0    3.6  6    3.2  6    5.8  999.9    45.7*   33.8   0.00E 999.9  010000 
124150 99999  19880102    48.3  9    42.5  8   998.7  8  9999.9  0   12.4  9   11.7  9   17.5  999.9    53.6    43.0*  0.04F 999.9  010000 
124150 99999  19880103    48.4  6    39.0  6   996.0  6  9999.9  0   12.4  6   13.9  6   17.5  999.9    51.6*   44.8*  0.00B 999.9  000000 
124150 99999  19880104    44.5  4    36.9  4  1000.8  4  9999.9  0   12.4  4   12.1  4   15.5  999.9    45.7*   41.2*  0.00E 999.9  010000 
124150 99999  19880105    46.3  6    40.6  5  1005.0  6  9999.9  0   10.4  6   12.8  5   17.5  999.9    47.8*   43.2   0.12E 999.9  010000 
124150 99999  19880106    48.9  6    40.4  6  1006.0  6  9999.9  0   11.4  6   11.7  6   13.6  999.9    55.2*   44.2*  0.00B 999.9  000000 
124150 99999  19880107    45.2  5    37.3  5  1010.6  5  9999.9  0   11.2  5    7.8  4    9.7  999.9    48.2*   42.1*  0.00B 999.9  000000 
124150 99999  19880108    39.9  7    35.0  7  1020.0  7  9999.9  0    9.8  7   14.2  7   19.4  999.9    41.7*   37.0   0.00E 999.9  010000 
124150 99999  19880109    36.8  5    34.4  5  1032.9  5  9999.9  0    5.0  5    4.7  5    9.7  999.9    39.4*   33.8*  0.02B 999.9  010000 
124150 99999  19880110    32.7  6    29.8  5  1029.8  6  9999.9  0    4.0  6    6.2  5    7.8  999.9    40.3    30.7   0.00B 999.9  000000 
124150 99999  19880111    34.8  6    27.7  5  1022.3  6  9999.9  0    5.9  6    9.7  6   15.5  999.9    36.5*   31.1*  0.00B 999.9  000000 
124150 99999  19880112    34.3  8    29.1  8  1025.4  8  9999.9  0    4.7  8    9.0  8   11.7  999.9    38.3*   29.8*  0.01E   0.4  000000 
124150 99999  19880113    32.3  7    25.4  7  1023.5  7  9999.9  0    7.0  7    9.2  7   13.6  999.9    37.8*   27.3   0.00C 999.9  000000 
124150 99999  19880114    31.7  7    25.8  7  1023.3  7  9999.9  0    5.0  7    8.2  7   14.6  999.9    36.3*   25.8   0.00C 999.9  000000 
124150 99999  19880115    30.2  6    26.2  5  1023.2  6  9999.9  0    2.9  6    7.1  6   15.5  999.9    34.0*   24.1*  0.00A 999.9  000000 
124150 99999  19880116    32.6  8    29.4  8  1025.0  8  9999.9  0    2.8  8    3.6  7    7.8  999.9    37.8    25.3   0.00D 999.9  000000 
124150 99999  19880117    34.7  6    32.7  6  1023.3  6  9999.9  0    2.6  6    6.5  6   13.6  999.9    38.3    30.2   0.08E 999.9  010000 
124150 99999  19880118    35.6  8    35.1  8  1025.4  8  9999.9  0    1.9  8    3.9  7   11.7  999.9    37.8    32.5*  0.04E 999.9  010000 
124150 99999  19880119    30.8  4    30.2  4  1022.0  4  9999.9  0    1.8  4    4.9  4    7.8  999.9    32.0*   29.3*  0.00A 999.9  100000 
124150 99999  19880120    28.3  8    27.9  7  1016.2  8  9999.9  0    0.0  8    0.5  8    1.9  999.9    31.6    27.0*  0.00C 999.9  100000 
124150 99999  19880121    30.0  8    28.6  8  1014.5  8  9999.9  0    2.8  8    0.5  8    1.9  999.9    38.3    24.8   0.00D 999.9  100000 
124150 99999  19880122    34.7  7    33.3  7  1011.9  7  9999.9  0    2.1  7    5.3  7    9.7  999.9    36.9*   30.4   0.04E 999.9  010000 
124150 99999  19880123    35.9  5    31.1  5  1009.0  5  9999.9  0    5.6  4    8.9  5   15.5  999.9    37.4*   34.5*  0.01A 999.9  010000 
124150 99999  19880124    34.7  8    29.2  8  1008.6  8  9999.9  0    8.0  8    7.8  8   13.6  999.9    37.9    32.0*  0.01E 999.9  011000 
124150 99999  19880125    39.3  6    33.5  6   999.4  6  9999.9  0    8.8  6   10.0  6   13.6  999.9    44.6*   33.3   0.12E 999.9  010000 
124150 99999  19880126    41.1  7    37.0  6  1001.4  7  9999.9  0    8.9  7    6.4  7    9.7  999.9    49.3*   33.8   0.00E 999.9  000000 
124150 99999  19880127    41.1  7    36.8  7  1009.5  7  9999.9  0    6.0  7    9.2  7   11.7  999.9    42.8*   37.8*  0.00E 999.9  010000 
124150 99999  19880128    38.1  8    33.3  8  1012.2  8  9999.9  0    4.7  8    6.8  8   11.7  999.9    42.4*   33.3   0.00H 999.9  010000 
124150 99999  19880129    41.1  6    39.4  6   993.7  6  9999.9  0    2.2  6    8.4  6    9.7  999.9    44.8    38.5*  0.04A 999.9  110000 
124150 99999  19880130    38.6  7    37.4  7   989.0  7  9999.9  0    2.7  7    7.5  7   11.7  999.9    41.0    34.5   0.24F 999.9  110000 
124150 99999  19880131    39.6  5    36.0  5  1000.4  5  9999.9  0    5.7  5   10.1  5   11.7  999.9    41.0*   37.8   0.08E 999.9  010000 
124150 99999  19880201    38.8  4    32.4  4  1012.4  4  9999.9  0    7.8  4    8.7  4   15.5  999.9    41.2*   35.6   0.00E 999.9  000000 
124150 99999  19880202    42.4  6    33.0  5  1002.5  6  9999.9  0   11.4  6   12.3  6   15.5  999.9    46.8*   38.5   0.00E 999.9  000000 
124150 99999  19880203    41.8  5    33.3  5  1007.1  5  9999.9  0   12.4  5   12.0  5   15.5  999.9    44.1*   38.5*  0.00E 999.9  010000 
124150 99999  19880204    43.3  6    34.9  6  1009.3  5  9999.9  0   11.4  6    8.7  6   15.5  999.9    53.8    37.9*  0.00C 999.9  000000 
124150 99999  19880205    42.8  4    34.7  4  9999.9  0  9999.9  0    9.3  4    7.8  4    7.8  999.9    46.8*   40.6*  0.00I 999.9  000000 
124150 99999  19880206    43.3  7    36.6  7  1003.7  7  9999.9  0   10.1  6    8.7  6   13.6  999.9    52.5    38.5*  0.00E 999.9  010000 
124150 99999  19880207    40.2  6    35.0  6  1008.9  6  9999.9  0    6.2  6    3.9  6    7.8  999.9    43.9    36.3*  0.04E 999.9  010000 
124150 99999  19880208    37.7  7    31.0  6  1001.1  6  9999.9  0    8.9  7   12.5  7   19.4  999.9    41.2*   33.4   0.00B 999.9  010000 
124150 99999  19880209    38.7  5    30.8  0  1001.6  4  9999.9  0   12.4  5    9.7  4   13.6  999.9    40.3*   32.9   0.00E 999.9  000000 
124150 99999  19880210    41.2  6    30.5  6  1002.9  5  9999.9  0   21.7  6   15.2  6   19.4  999.9    44.6*   38.1   0.04E 999.9  010000 
124150 99999  19880211    35.6  4    28.1  4  1006.2  4  9999.9  0   10.9  4    9.7  4   15.5  999.9    36.7*   33.1   0.00E 999.9  000000 
124150 99999  19880212    36.7  5    30.1  5  1009.3  5  9999.9  0    5.5  5    7.0  5    9.7  999.9    41.4    32.7*  0.00A 999.9  000000 
124150 99999  19880213    36.0  6    33.7  6  1020.6  5  9999.9  0    3.5  6    8.1  6    9.7  999.9    38.1*   34.3   0.00E 999.9  011000 
124150 99999  19880214    34.4  4    31.8  4  1039.4  4  9999.9  0    2.8  4    6.3  4    9.7  999.9    38.3*   31.3*  0.00I 999.9  100000 
124150 99999  19880215    32.8  6    29.7  6  1037.3  6  9999.9  0    3.2  5   10.1  5   13.6  999.9    37.9*   29.3   0.00B 999.9  000000 
124150 99999  19881211    46.6  7    41.6  7  1016.8  7  9999.9  0    5.9  7   18.3  7   21.4  999.9    48.9    44.2*  0.00E 999.9  010000 
124150 99999  19881212    41.8  8    38.1  7  1014.1  8  9999.9  0    6.2  8   15.1  8   19.4  999.9    44.4    39.0*  0.04E 999.9  010000 
124150 99999  19881213    37.1  7    34.3  7  1022.7  7  9999.9  0    5.5  7   13.0  7   19.4  999.9    41.0*   34.7*  0.01E 999.9  010000 
124150 99999  19881214    35.6  8    29.1  8  1020.8  8  9999.9  0    7.9  8   14.8  8   17.5  999.9    39.2*   29.8*  0.09F 999.9  011000 
124150 99999  19881215    28.6  8    22.5  8  1025.6  8  9999.9  0    8.1  8   10.7  8   13.6  999.9    31.1    25.0   0.00E 999.9  001000 
124150 99999  19881216    24.2  8    19.1  8  1028.6  8  9999.9  0    5.3  8    4.9  8    7.8  999.9    29.3*   21.9*  0.01F   0.4  001000 
124150 99999  19881217    29.0  8    24.1  8  1023.9  8  9999.9  0    3.5  8    6.8  8   11.7  999.9    33.1*   21.2   0.01E   0.4  001000 
124150 99999  19881218    36.0  8    33.4  8  1020.5  8  9999.9  0    3.2  8   12.9  8   17.5  999.9    39.2*   30.7   0.02F   0.4  011000 
124150 99999  19881219    38.7  8    35.6  8  1000.8  8  9999.9  0    6.5  8   17.0  8   25.3  999.9    41.0    36.3   0.28F 999.9  010000 
124150 99999  19881220    32.1  8    27.9  8  1013.1  8  9999.9  0    7.3  8   11.7  8   17.5  999.9    37.2*   28.6*  0.13F 999.9  011000 
124150 99999  19881221    33.1  8    27.2  8  1023.6  8  9999.9  0    7.5  8   12.9  8   19.4  999.9    38.7    23.9   0.00E 999.9  010000 
124150 99999  19881222    43.8  8    40.0  8  1020.6  8  9999.9  0    7.6  8   15.5  8   19.4  999.9    46.2    37.2   0.00F 999.9  010000 
124150 99999  19881223    44.7  7    39.3  7  1013.1  7  9999.9  0   11.5  7   13.3  7   15.5  999.9    47.1    42.3*  0.08E 999.9  010000 
124150 99999  19881224    44.9  7    39.1  7  1006.3  7  9999.9  0   10.7  7   21.6  7   25.3  999.9    48.6    41.0*  0.20F 999.9  010000 
124150 99999  19881225    39.6  8    32.8  8  1022.5  8  9999.9  0   10.1  8   15.8  8   23.3  999.9    40.6    38.3   0.00D 999.9  000000 
124150 99999  19881226    46.9  7    43.0  7  1025.9  7  9999.9  0    5.6  7   11.4  7   13.6  999.9    48.4    38.5   0.01F 999.9  010000 
124150 99999  19881227    47.0  8    40.4  8  1023.3  8  9999.9  0    7.5  8   13.6  8   19.4  999.9    52.0    43.3   0.01E 999.9  010000 
124150 99999  19881228    42.1  8    38.2  8  1031.5  8  9999.9  0    5.0  8   11.9  8   15.5  999.9    43.5    40.1   0.00D 999.9  000000 
124150 99999  19881229    44.9  7    41.0  7  1035.3  6  9999.9  0    4.3  7   10.3  7   13.6  999.9    48.4    38.5*  0.00B 999.9  010000 
124150 99999  19881230    44.3  8    38.7  8  1034.1  8  9999.9  0    5.2  8   11.7  8   13.6  999.9    47.8    42.3   0.00C 999.9  000000 
124150 99999  19881231    39.6  7    36.5  7  1033.6  6  9999.9  0    5.2  7   14.4  7   15.5  999.9    42.8    35.2*  0.00F 999.9  010000 































































































































































































































































































































































































































































































































































































































































































































































































































































































































































































































































































































































































































































































































































































































































