124150 99999  19860516    55.0  6    46.2  6  1019.3  6  9999.9  0    7.0  6    4.5  6    7.8  999.9    62.2    49.3   0.00A 999.9  000000 
124150 99999  19860517    57.0  8    48.8  8  1023.4  8  9999.9  0    4.3  8    1.5  8    5.8  999.9    67.3    47.8   0.00H 999.9  010000 
124150 99999  19860518    65.7  7    51.1  7  1022.3  7  9999.9  0    8.4  7    3.3  7    5.8  999.9    76.1    48.6   0.00C 999.9  000000 
124150 99999  19860519    62.8  7    56.9  7  1023.1  7  9999.9  0    5.5  7    4.4  7    7.8  999.9    70.0    55.8*  0.00G 999.9  010000 
124150 99999  19860520    59.1  8    51.3  8  1022.4  8  9999.9  0    6.4  8    3.9  8    7.8  999.9    68.2    48.7   0.00D 999.9  000000 
124150 99999  19860521    60.5  6    54.4  6  1015.5  6  9999.9  0    4.1  6    5.5  6    9.7  999.9    77.5*   47.1   0.00B 999.9  000000 
124150 99999  19860522    62.2  5    57.2  5  1021.3  5  9999.9  0    4.3  5    5.4  5    9.7  999.9    67.3*   55.8* 99.99  999.9  010000 
124150 99999  19860523    63.8  7    55.9  7  1022.4  7  9999.9  0    4.8  7    6.1  7   11.7  999.9    72.9    50.9*  0.00I 999.9  000000 
124150 99999  19860524    62.5  7    56.5  7  1017.2  7  9999.9  0    4.2  7    5.5  7   15.5  999.9    78.3*   52.2*  0.00I 999.9  000010 
124150 99999  19860525    56.6  8    46.5  8  1027.3  8  9999.9  0    8.5  8    7.8  8   11.7  999.9    65.1    47.1   0.00I 999.9  000000 
124150 99999  19860526    62.2  7    49.8  7  1023.8  7  9999.9  0    9.6  7    5.5  7   13.6  999.9    75.4*   46.6   0.00I 999.9  000000 
124150 99999  19860527    70.1  7    55.7  7  1016.7  7  9999.9  0    8.0  7    2.2  7    5.8  999.9    82.4*   57.2*  0.00I 999.9  000000 
124150 99999  19860528    57.7  6    55.4  6  1015.5  6  9999.9  0    5.7  6    5.2  6    9.7  999.9    61.5*   52.0* 99.99  999.9  010000 
124150 99999  19860529    55.6  6    50.0  6  1016.3  6  9999.9  0    6.0  6    1.6  6    3.9  999.9    61.5*   50.7* 99.99  999.9  010000 
124150 99999  19860530    47.5  6    45.0  6  1016.7  6  9999.9  0    4.3  6    8.7  6   11.7  999.9    49.8*   45.5* 99.99  999.9  010000 
124150 99999  19860531    47.7  8    44.6  8  1018.0  8  9999.9  0    7.1  8    7.5  8   11.7  999.9    51.3    45.5  99.99  999.9  010000 
124150 99999  19860601    49.8  7    44.5  7  1018.2  7  9999.9  0    5.7  7    4.2  7    7.8  999.9    57.0*   45.5   0.01E 999.9  010000 
124150 99999  19860602    51.2  6    45.5  6  1016.4  6  9999.9  0    7.0  6    2.6  6    5.8  999.9    58.3*   42.3   0.00I 999.9  000000 
124150 99999  19860603    52.2  8    48.0  8  1013.3  8  9999.9  0    6.6  8    5.3  8   11.7  999.9    59.4    45.7   0.08A 999.9  010000 
124150 99999  19860604    53.8  6    47.2  6  1003.1  6  9999.9  0    6.2  6    8.7  6   13.6  999.9    58.6*   47.7* 99.99  999.9  010000 
124150 99999  19860605    46.2  6    44.4  6  1003.5  6  9999.9  0    4.3  6    7.4  6   13.6  999.9    47.3*   44.6*  0.00A 999.9  010000 
124150 99999  19860606    51.1  6    42.3  6  1002.5  6  9999.9  0   12.4  6    7.4  6   11.7  999.9    55.0*   42.6   0.00A 999.9  000000 
124150 99999  19860607    53.8  8    41.4  8  1006.6  8  9999.9  0   10.9  8    9.2  8   21.4  999.9    61.9    45.5   0.00D 999.9  000000 
124150 99999  19860608    54.9  8    44.2  8  1016.0  8  9999.9  0    9.3  8    6.3  8    9.7  999.9    64.2    47.7   0.00E 999.9  000000 
124150 99999  19860609    57.6  7    50.4  5  1024.2  5  9999.9  0    5.6  7    1.1  7    1.9  999.9    68.7*   46.6   0.00C 999.9  000000 
124150 99999  19860610    57.3  6    50.3  5  1023.0  6  9999.9  0    4.0  6    2.6  6    7.8  999.9    69.8*   44.6   0.00B 999.9  000000 
124150 99999  19860611    60.7  6    51.4  6  1014.5  6  9999.9  0    4.7  6    1.9  6    7.8  999.9    76.6*   46.0   0.00B 999.9  000000 
124150 99999  19860612    54.1  5    52.1  5  1017.3  5  9999.9  0    3.3  5    9.7  5   11.7  999.9    58.5*   52.0*  0.00H 999.9  010000 
124150 99999  19860613    56.5  8    54.7  8  1024.8  8  9999.9  0    2.6  8    9.0  8   11.7  999.9    70.5    50.5   0.00H 999.9  010000 
124150 99999  19860614    63.6  8    51.4  8  1027.6  8  9999.9  0   11.7  8    3.4  8    9.7  999.9    72.5    56.7*  0.00D 999.9  000000 
124150 99999  19860615    65.8  6    53.7  6  1025.1  6  9999.9  0   10.4  6    2.9  6    7.8  999.9    76.5*   49.5   0.00B 999.9  000000 
124150 99999  19870516    49.5  8    44.9  8  1008.3  8  9999.9  0    4.6  8    6.6  8   13.6  999.9    55.6    45.5   0.24C 999.9  010000 
124150 99999  19870517    50.1  8    40.3  8  1016.5  8  9999.9  0    9.0  8    7.3  8   11.7  999.9    58.6    42.4   0.08E 999.9  000000 
124150 99999  19870518    58.2  5    50.3  5  1012.0  5  9999.9  0    5.5  5    6.6  5    9.7  999.9    65.1*   44.2*  0.00A 999.9  000010 
124150 99999  19870519    54.9  7    51.1  7  1013.2  7  9999.9  0    3.4  7    4.2  7    7.8  999.9    62.8    49.5*  0.02F 999.9  010000 
124150 99999  19870520    47.7  4    44.5  4  1013.7  4  9999.9  0    3.1  4    4.9  4    9.7  999.9    52.5*   42.3   0.00B 999.9  000000 
124150 99999  19870521    47.9  4    38.9  4  1013.2  4  9999.9  0    9.3  4    6.8  4    9.7  999.9    54.0*   43.2*  0.00B 999.9  000000 
124150 99999  19870522    45.9  7    44.2  7  1012.0  7  9999.9  0    3.4  7    7.2  7   13.6  999.9    50.7*   43.5*  0.35E 999.9  010000 
124150 99999  19870523    53.6  7    47.5  7  1013.0  7  9999.9  0    8.4  7    4.7  7    5.8  999.9    60.6    48.6   0.02E 999.9  010000 
124150 99999  19870524    53.5  8    46.0  7  1014.8  8  9999.9  0   18.6  8    5.8  8    9.7  999.9    60.3    47.1   0.00C 999.9  000000 
124150 99999  19870525    50.9  6    43.4  6  1019.1  6  9999.9  0   11.4  6    5.2  6    7.8  999.9    59.7*   42.6   0.00C 999.9  000000 
124150 99999  19870526    54.2  8    44.6  8  1018.4  8  9999.9  0    9.6  8    3.9  7    7.8  999.9    67.1    38.7   0.00D 999.9  000000 
124150 99999  19870527    60.1  8    48.1  8  1012.0  8  9999.9  0   11.7  8    4.1  8    5.8  999.9    72.0    44.1   0.00D 999.9  010000 
124150 99999  19870528    55.9  6    48.4  6  1013.1  6  9999.9  0    6.0  6   11.0  6   17.5  999.9    58.8*   49.6*  0.00E 999.9  010000 
124150 99999  19870529    53.1  9    42.4  8  1018.3  9  9999.9  0    7.5  9    5.8  9    9.7  999.9    60.3    40.6   0.00D 999.9  000000 
124150 99999  19870530    48.1  6    45.5  6  1021.6  6  9999.9  0    3.5  6    4.5  6    7.8  999.9    51.4*   45.9*  0.16E 999.9  010000 
124150 99999  19870531    51.3  8    43.7  8  1018.8  8  9999.9  0    8.0  8    2.7  8    3.9  999.9    59.7    41.7   0.00D 999.9  000000 
124150 99999  19870601    51.3  8    48.0  8  1017.8  8  9999.9  0    4.9  8    3.6  8    7.8  999.9    59.2    44.8   0.12E 999.9  010000 
124150 99999  19870602    53.6  6    48.4  6  1016.4  6  9999.9  0    5.5  6   10.4  6   15.5  999.9    59.9*   46.4   0.08E 999.9  010010 
124150 99999  19870603    53.7  7    49.6  7  1012.2  7  9999.9  0    5.3  7    4.2  7    5.8  999.9    58.8*   48.7   0.00E 999.9  010000 
124150 99999  19870604    56.0  5    52.8  5  1006.5  5  9999.9  0    6.3  5    3.5  5    5.8  999.9    63.0*   50.2*  0.08A 999.9  010000 
124150 99999  19870605    58.0  9    51.8  8  1008.4  9  9999.9  0    6.5  9    9.9  9   17.5  999.9    64.2    53.4   0.28E 999.9  010010 
124150 99999  19870606    58.5  5    51.4  5  1014.4  5  9999.9  0    8.5  5    8.2  5   11.7  999.9    69.3*   51.4*  0.01A 999.9  000000 
124150 99999  19870607    63.7  8    56.3  8  1012.4  8  9999.9  0   14.8  8    7.0  8   15.5  999.9    70.9*   52.3   0.00E 999.9  000000 
124150 99999  19870608    58.4  9    55.0  8  1006.8  9  9999.9  0   16.6  9    4.9  8    9.7  999.9    70.9*   53.2   0.31E 999.9  010000 
124150 99999  19870609    54.3  6    49.0  6  1009.6  6  9999.9  0   10.1  6    5.5  6    7.8  999.9    61.2*   47.7   0.00E 999.9  010000 
124150 99999  19870610    55.2  8    50.6  7  1013.4  8  9999.9  0    6.5  8    2.4  8    3.9  999.9    61.9*   47.1   0.06F 999.9  010000 
124150 99999  19870611    58.0  6    50.0  6  1018.8  6  9999.9  0   11.2  6    3.6  6    9.7  999.9    71.8*   44.4   0.00B 999.9  000000 
124150 99999  19870612    62.2  6    55.9  6  1018.8  6  9999.9  0    9.3  6    3.9  6    5.8  999.9    72.9*   51.4   0.00H 999.9  010000 
124150 99999  19870613    64.6  5    57.6  4  1011.9  5  9999.9  0    4.3  5    7.4  5    9.7  999.9    70.3*   56.7*  0.00I 999.9  000000 
124150 99999  19870614    64.5  5    59.1  5  1011.6  4  9999.9  0    7.0  5    4.3  5    9.7  999.9    71.6*   58.8*  0.04A 999.9  000010 
124150 99999  19870615    63.6  8    59.6  7  1005.7  8  9999.9  0    5.1  8    7.0  8   15.5  999.9    73.8*   56.3   0.00H 999.9  010000 
124150 99999  19880516    62.3  4    44.7  4  1012.9  4  9999.9  0    7.8  4    4.4  4    9.7  999.9    75.4*   49.8*  0.00A 999.9  000000 
124150 99999  19880517    59.2  7    47.0  7  1007.3  7  9999.9  0    7.1  7    4.2  7    7.8  999.9    73.0*   41.2   0.00H 999.9  010000 
124150 99999  19880518    62.9  7    50.4  6  1008.1  7  9999.9  0    5.5  7    6.8  6   11.7  999.9    69.3*   56.3*  0.08E 999.9  010000 
124150 99999  19880519    52.6  7    45.5  7  1015.9  6  9999.9  0    6.2  6    6.1  7    7.8  999.9    57.4*   47.5   0.04F 999.9  010000 
124150 99999  19880520    52.8  6    48.9  5  1016.0  6  9999.9  0    4.8  6    5.8  6   15.5  999.9    58.6*   48.6*  0.20B 999.9  010000 
124150 99999  19880521    47.6  6    38.7  6  1025.5  6  9999.9  0   10.1  6   10.7  6   15.5  999.9    52.7*   43.5*  0.00E 999.9  000000 
124150 99999  19880522    51.7  5    39.8  5  1026.0  5  9999.9  0   12.4  5    5.8  4    9.7  999.9    56.1*   42.8*  0.00A 999.9  000000 
124150 99999  19880523    50.5  6    41.9  6  1023.1  6  9999.9  0    8.1  6    3.9  6    5.8  999.9    59.2*   40.3   0.00B 999.9  000000 
124150 99999  19880524    51.0  6    44.8  6  1021.0  6  9999.9  0    3.6  6    3.6  6    5.8  999.9    66.2*   41.4*  0.00B 999.9  100000 
124150 99999  19880525    58.6  5    49.3  5  1020.3  5  9999.9  0    3.5  5    3.5  5    7.8  999.9    74.1    40.1   0.00B 999.9  100000 
124150 99999  19880526    67.4  7    54.0  7  1017.7  7  9999.9  0    5.4  7    5.8  6   11.7  999.9    78.1*   47.3   0.00C 999.9  000000 
124150 99999  19880527    67.5  5    53.0  4  1012.0  4  9999.9  0   11.2  5    8.2  5   15.5  999.9    79.9    52.5*  0.00E 999.9  000000 
124150 99999  19880528    63.1  5    54.6  4  1009.2  5  9999.9  0    7.2  5    5.1  5    7.8  999.9    74.3*   54.5*  0.00B 999.9  000010 
124150 99999  19880529    65.3  6    55.4  5  1007.6  6  9999.9  0    7.0  6    6.2  6    9.7  999.9    74.5*   54.0*  0.00B 999.9  000010 
124150 99999  19880530    59.5  6    55.0  6  1009.7  6  9999.9  0    4.9  6    4.5  6    9.7  999.9    62.4    57.4*  0.16E 999.9  000000 
124150 99999  19880531    56.5  7    47.5  7  1011.4  7  9999.9  0    9.7  7    6.7  7   15.5  999.9    65.3*   45.5   0.00C 999.9  110000 
124150 99999  19880601    57.2  7    44.8  7  1010.6  7  9999.9  0   12.4  7    7.2  7    9.7  999.9    66.4*   46.2   0.01E 999.9  000000 
124150 99999  19880602    54.3  7    48.0  7  1013.6  7  9999.9  0    7.1  7   12.0  6   17.5  999.9    58.5*   48.0   0.00E 999.9  010000 
124150 99999  19880603    58.3  7    47.9  7  1014.2  7  9999.9  0    5.7  7    4.2  7    7.8  999.9    70.5*   43.0   0.00C 999.9  000000 
124150 99999  19880604    66.0  8    52.0  7  1008.3  8  9999.9  0    9.3  7    6.6  8   13.6  999.9    79.2    52.0*  0.00E 999.9  000000 
124150 99999  19880605    57.1  7    53.3  5  1012.3  7  9999.9  0    6.6  7    5.3  7    9.7  999.9    60.4*   52.7   0.43E 999.9  010000 
124150 99999  19880606    56.0  8    54.6  7  1011.8  8  9999.9  0    2.3  8    3.6  8    5.8  999.9    58.5*   52.7   0.31E 999.9  010010 
124150 99999  19880607    60.9  6    57.6  6  1012.2  5  9999.9  0    2.7  6    4.2  6    7.8  999.9    65.8*   55.8*  0.08E 999.9  110000 
124150 99999  19880608    64.4  9    58.2  8  1012.9  8  9999.9  0    4.1  9    6.9  9   13.6  999.9    73.8    55.8   0.00E 999.9  000010 
124150 99999  19880609    60.4  9    57.9  7  1014.1  9  9999.9  0    3.7  9    9.5  9   11.7  999.9    61.7*   57.4   0.16E 999.9  010000 
124150 99999  19880610    60.8  6    56.0  6  1014.1  6  9999.9  0    5.2  6    9.1  6   11.7  999.9    66.7*   56.1   0.04E 999.9  010000 
124150 99999  19880611    60.6  8    57.1  8  1009.0  8  9999.9  0    3.6  7    6.8  8    9.7  999.9    67.6*   56.3*  0.63F 999.9  010000 
124150 99999  19880612    57.3  8    49.2  6  1016.4  8  9999.9  0   14.6  7    6.8  8    7.8  999.9    65.7*   51.4   0.24E 999.9  010000 
124150 99999  19880613    56.5  7    45.9  7  1016.1  7  9999.9  0   13.3  7    4.7  7    9.7  999.9    66.6*   42.4   0.00C 999.9  000000 
124150 99999  19880614    63.1  7    47.9  6  1011.5  7  9999.9  0   17.8  7    9.7  7   15.5  999.9    72.1*   54.7*  0.00C 999.9  000000 
124150 99999  19880615    60.4  8    50.9  8  1013.4  8  9999.9  0    9.0  8    5.1  8    7.8  999.9    69.4    52.7   0.00D 999.9  000000 











































































































































































































































































































































































































































































































































































































































































