0,626363636363636 0,658947368421052 -0,712 0,441269841269841 0,655555555555556 -1 1 -1 -1 -1 -1 
0,612727272727273 0,577894736842105 -0,32 0,464285714285714 0,678571428571429 -1 -1 -1 -1 -1 -1 
0,557272727272727 0,604210526315789 -1 0,392857142857143 0,607142857142857 -1 1 -1 -1 -1 -1 
0,644545454545455 0,64 -0,848 0,428571428571429 0,642857142857143 -1 1 1 -1 -1 -1 
0,67 0,616842105263158 -0,648 0,5 0,714285714285714 -1 1 1 -1 -1 -1 
0,652727272727273 0,634736842105263 -0,48 0,481746031746032 0,696031746031746 -1 -1 1 -1 -1 -1 
0,615454545454545 0,58421052631579 -0,36 0,48015873015873 0,694444444444444 -1 -1 1 -1 -1 -1 
0,630909090909091 0,524210526315789 -0,288 0,537301587301587 0,751587301587302 -1 -1 1 -1 -1 -1 
0,617272727272727 0,567368421052631 -0,504 0,474603174603175 0,688888888888889 -1 -1 1 -1 -1 -1 
0,601818181818182 0,463157894736842 -0,0479999999999999 0,487301587301587 0,701587301587302 -1 -1 1 -1 -1 -1 
0,712727272727273 0,566315789473684 -0,728 0,528571428571429 0,742857142857143 -0,968 -1 1 -1 -1 -1 
0,676363636363636 0,557894736842105 -0,512 0,508730158730159 0,723015873015873 -0,624 -1 1 -1 -1 -1 
0,671818181818182 0,517894736842106 -0,352 0,481746031746032 0,696031746031746 -1 -1 -1 -1 -1 -1 
0,679090909090909 0,43578947368421 -0,8 0,496031746031746 0,71031746031746 -0,992 1 1 -1 -1 -1 
0,665454545454546 0,395789473684211 -0,648 0,503968253968254 0,718253968253968 -0,952 -1 1 -1 -1 -1 
0,637272727272727 0,430526315789473 0,224 0,464285714285714 0,678571428571429 -1 -1 -1 -1 -1 -1 
0,656363636363636 0,406315789473684 -0,728 0,498412698412698 0,712698412698413 -0,968 -1 1 -1 -1 -1 
0,609090909090909 0,412631578947369 -0,336 0,446825396825397 0,661111111111111 -1 -1 -1 -1 -1 -1 
0,598181818181818 0,463157894736842 -0,648 0,426984126984127 0,641269841269841 -1 -1 -1 -1 -1 -1 
0,6 0,44421052631579 -0,2 0,438888888888889 0,653174603174603 -0,796 -1 1 -1 -1 -1 
0,575454545454545 0,637894736842104 -0,592 0,405555555555556 0,61984126984127 -1 1 -1 -1 -1 -1 
0,566363636363636 0,550526315789473 -0,688 0,367460317460317 0,581746031746032 -1 1 -1 -1 -1 -1 
0,62 0,488421052631579 -0,168 0,438888888888889 0,653174603174603 -0,984 -1 1 -1 -1 -1 
0,617272727272727 0,534736842105263 -0,2 0,482539682539682 0,696825396825397 -1 -1 1 -1 -1 -1 
0,655454545454545 0,624210526315789 -0,112 0,51984126984127 0,734126984126984 -1 -1 1 -1 -1 -1 
0,678181818181818 0,538947368421053 -0,36 0,51031746031746 0,724603174603175 -0,98 -1 1 -1 -1 -1 
0,683636363636364 0,596842105263158 0,0720000000000001 0,542857142857143 0,757142857142857 -1 -1 1 -1 -1 -1 
0,741818181818182 0,568421052631579 -0,168 0,596031746031746 0,81031746031746 -0,992 -1 1 -1 -1 -1 
0,713636363636364 0,52 -0,456 0,581746031746032 0,796031746031746 -1 -1 -1 -1 -1 -1 
0,673636363636364 0,451578947368421 -0,168 0,503968253968254 0,718253968253968 -1 -1 1 -1 -1 -1 
0,626363636363636 0,589473684210526 -0,592 0,467460317460317 0,681746031746032 -1 -1 -1 -1 -1 -1 
0,649090909090909 0,458947368421053 -0,456 0,515873015873016 0,73015873015873 -1 -1 -1 -1 -1 -1 
0,697272727272727 0,396842105263158 -0,36 0,517460317460318 0,731746031746032 -1 -1 -1 -1 -1 -1 
0,690909090909091 0,416842105263158 -0,488 0,51031746031746 0,724603174603175 -0,984 -1 1 -1 -1 -1 
0,614545454545455 0,58 -0,608 0,481746031746032 0,696031746031746 -0,992 -1 1 -1 -1 -1 
0,662727272727273 0,508421052631578 -0,808 0,503968253968254 0,718253968253968 -1 1 1 -1 -1 -1 
0,692727272727273 0,38 -0,632 0,515873015873016 0,73015873015873 -1 1 1 -1 -1 -1 
0,6 0,341052631578947 -0,496 0,458730158730159 0,673015873015873 -1 -1 1 -1 -1 -1 
0,617272727272727 0,278947368421053 -0,712 0,446825396825397 0,661111111111111 -1 -1 1 -1 -1 -1 
0,569090909090909 0,336842105263158 -0,00800000000000001 0,43015873015873 0,644444444444444 -0,996 -1 1 -1 -1 -1 
0,630909090909091 0,429473684210526 -0,672 0,488888888888889 0,703174603174603 -1 -1 -1 -1 -1 -1 
0,619090909090909 0,437894736842106 -0,824 0,434126984126984 0,648412698412698 -1 1 -1 -1 -1 -1 
0,634545454545455 0,394736842105263 -0,592 0,415873015873016 0,63015873015873 -1 1 -1 -1 -1 -1 
0,632727272727273 0,422105263157895 -0,424 0,51984126984127 0,734126984126984 -1 -1 -1 -1 -1 -1 
0,628181818181818 0,5 -0,36 0,501587301587302 0,715873015873016 -1 -1 1 -1 -1 -1 
0,584545454545454 0,491578947368422 -0,52 0,412698412698413 0,626984126984127 -1 -1 1 -1 -1 -1 
0,595454545454545 0,316842105263158 0,0720000000000001 0,448412698412698 0,662698412698413 -0,92 -1 1 -1 -1 -1 
0,596363636363636 0,46 -0,336 0,434126984126984 0,648412698412698 -0,984 -1 1 -1 -1 -1 
0,595454545454545 0,409473684210526 -0,584 0,425396825396825 0,63968253968254 -0,984 -1 1 -1 -1 -1 
0,632727272727273 0,515789473684211 -0,664 0,458730158730159 0,673015873015873 -1 1 1 -1 -1 -1 
0,572727272727273 0,548421052631579 -0,632 0,381746031746032 0,596031746031746 -1 1 -1 -1 -1 -1 
0,617272727272727 0,533684210526316 -0,032 0,465873015873016 0,68015873015873 -0,888 -1 1 -1 -1 -1 
0,649090909090909 0,568421052631579 -0,096 0,496825396825397 0,711111111111111 -0,976 -1 1 -1 -1 -1 
0,709090909090909 0,53578947368421 0,352 0,541269841269841 0,755555555555556 -1 -1 1 -1 -1 -1 
0,668181818181818 0,556842105263158 -0,536 0,448412698412698 0,662698412698413 -1 -1 -1 -1 -1 -1 
0,616363636363636 0,569473684210527 -0,52 0,476984126984127 0,691269841269841 -0,94 -1 1 -1 -1 -1 
0,638181818181818 0,451578947368421 -0,248 0,478571428571429 0,692857142857143 -0,808 -1 1 -1 -1 -1 
0,57 0,521052631578947 -0,368 0,425396825396825 0,63968253968254 -1 -1 -1 -1 -1 -1 
0,608181818181818 0,585263157894737 -0,68 0,418253968253968 0,632539682539683 -1 1 -1 -1 -1 -1 
0,598181818181818 0,576842105263157 -0,784 0,43015873015873 0,644444444444444 -1 1 1 -1 -1 -1 
0,675454545454545 0,605263157894737 -0,632 0,508730158730159 0,723015873015873 -1 -1 1 -1 -1 -1 
0,627272727272727 0,678947368421053 -0,68 0,441269841269841 0,655555555555556 -1 -1 1 -1 -1 -1 
0,672727272727273 0,643157894736841 -0,736 0,467460317460317 0,681746031746032 -0,988 -1 1 -1 -1 -1 
0,650909090909091 0,676842105263157 -0,656 0,446825396825397 0,661111111111111 -1 -1 -1 -1 -1 -1 
0,615454545454545 0,642105263157895 -0,512 0,442857142857143 0,657142857142857 -1 1 -1 -1 -1 -1 
0,674545454545455 0,458947368421053 -0,184 0,546031746031746 0,76031746031746 -0,988 -1 -1 -1 -1 -1 
0,701818181818182 0,525263157894737 -0,44 0,548412698412698 0,762698412698413 -1 -1 -1 -1 -1 -1 
0,673636363636364 0,502105263157895 -0,576 0,455555555555556 0,66984126984127 -1 -1 -1 -1 -1 -1 
0,679090909090909 0,510526315789474 -0,728 0,467460317460317 0,681746031746032 -1 -1 -1 -1 -1 -1 
0,671818181818182 0,547368421052632 -0,904 0,5 0,714285714285714 -1 1 -1 -1 -1 -1 
0,600909090909091 0,525263157894737 -0,144 0,481746031746032 0,696031746031746 -1 -1 -1 -1 -1 -1 
0,628181818181818 0,443157894736842 -0,24 0,505555555555556 0,71984126984127 -0,996 -1 1 -1 -1 -1 
0,676363636363636 0,44421052631579 -0,28 0,525396825396825 0,73968253968254 -1 -1 1 -1 -1 -1 
0,677272727272727 0,437894736842106 -0,288 0,555555555555556 0,76984126984127 -0,992 -1 1 -1 -1 -1 
0,636363636363636 0,474736842105263 -0,312 0,528571428571429 0,742857142857143 -1 -1 -1 -1 -1 -1 
0,638181818181818 0,471578947368421 -0,088 0,51031746031746 0,724603174603175 -0,988 -1 1 -1 -1 -1 
0,618181818181818 0,378947368421053 0,00800000000000001 0,48015873015873 0,694444444444444 -0,992 -1 1 -1 -1 -1 
0,563636363636364 0,423157894736843 0,00800000000000001 0,438888888888889 0,653174603174603 -0,968 -1 1 -1 -1 -1 
0,566363636363636 0,389473684210526 -0,264 0,43015873015873 0,644444444444444 -0,876 -1 -1 1 -1 -1 
0,570909090909091 0,441052631578947 -0,168 0,434126984126984 0,648412698412698 -0,976 -1 1 1 -1 -1 
0,535454545454545 0,576842105263157 0,104 0,432539682539683 0,646825396825397 -1 -1 1 1 -1 -1 
0,506363636363636 0,628421052631579 -0,496 0,392857142857143 0,607142857142857 -1 -1 -1 -1 -1 -1 
0,52 0,495789473684211 -0,576 0,381746031746032 0,596031746031746 -1 -1 -1 -1 -1 -1 
0,586363636363636 0,44 -0,128 0,437301587301587 0,651587301587301 -0,984 -1 1 -1 -1 -1 
0,621818181818182 0,450526315789473 -0,376 0,482539682539682 0,696825396825397 -0,968 -1 1 -1 -1 -1 
0,571818181818182 0,406315789473684 -0,0479999999999999 0,482539682539682 0,696825396825397 -1 -1 -1 -1 -1 -1 
0,554545454545455 0,418947368421052 -0,304 0,424603174603175 0,638888888888889 -1 -1 -1 -1 -1 -1 
0,572727272727273 0,390526315789474 -0,36 0,414285714285714 0,628571428571429 -1 -1 -1 -1 -1 -1 
0,58 0,312631578947369 -0,592 0,405555555555556 0,61984126984127 -1 -1 -1 -1 -1 -1 
0,590909090909091 0,410526315789474 -0,688 0,412698412698413 0,626984126984127 -0,996 -1 1 -1 -1 -1 
0,581818181818182 0,664210526315788 -0,432 0,418253968253968 0,632539682539683 -1 -1 1 -1 -1 -1 
0,627272727272727 0,613684210526315 -0,088 0,5 0,714285714285714 -1 -1 1 -1 -1 -1 
0,624545454545455 0,554736842105264 0,528 0,515873015873016 0,73015873015873 -1 -1 1 -1 -1 -1 
0,606363636363636 0,633684210526316 -0,12 0,48968253968254 0,703968253968254 -1 -1 -1 -1 -1 -1 
0,591818181818182 0,541052631578947 -0,56 0,464285714285714 0,678571428571429 -1 -1 -1 -1 -1 -1 
0,523636363636364 0,658947368421052 -0,904 0,396825396825397 0,611111111111111 -1 -1 -1 -1 -1 -1 
0,58 0,636842105263158 -0,0640000000000001 0,38015873015873 0,594444444444444 -0,996 -1 1 -1 -1 -1 
0,63 0,663157894736842 -0,4 0,457142857142857 0,671428571428571 -1 -1 -1 -1 -1 -1 
0,577272727272727 0,637894736842104 -0,024 0,475396825396825 0,68968253968254 -1 -1 -1 -1 -1 -1 
0,63 0,629473684210526 -0,336 0,46031746031746 0,674603174603175 -1 -1 -1 -1 -1 -1 
0,624545454545455 0,707368421052632 -0,576 0,507142857142857 0,721428571428571 -1 -1 1 -1 -1 -1 
0,622727272727273 0,757894736842105 -0,504 0,48968253968254 0,703968253968254 -1 -1 -1 -1 -1 -1 
0,617272727272727 0,750526315789473 -0,456 0,465873015873016 0,68015873015873 -1 -1 1 -1 -1 -1 
0,650909090909091 0,682105263157894 -0,0640000000000001 0,525396825396825 0,73968253968254 -0,992 -1 1 -1 -1 -1 
0,636363636363636 0,634736842105263 -0,336 0,517460317460318 0,731746031746032 -0,996 -1 1 -1 -1 -1 
0,673636363636364 0,578947368421053 -0,4 0,518253968253968 0,732539682539682 -0,78 -1 1 -1 -1 -1 
0,632727272727273 0,429473684210526 -0,0640000000000001 0,503968253968254 0,718253968253968 -0,968 -1 1 -1 -1 -1 
0,631818181818182 0,489473684210526 -0,472 0,485714285714286 0,7 -0,976 -1 1 -1 -1 -1 
0,587272727272727 0,442105263157895 -0,536 0,448412698412698 0,662698412698413 -1 -1 -1 -1 -1 -1 
0,570909090909091 0,422105263157895 -0,416 0,426984126984127 0,641269841269841 -1 -1 -1 -1 -1 -1 
0,592727272727273 0,64421052631579 -0,848 0,41031746031746 0,624603174603175 -1 -1 1 -1 -1 -1 
0,634545454545455 0,548421052631579 -0,376 0,484126984126984 0,698412698412698 -0,92 -1 1 -1 -1 -1 
0,626363636363636 0,558947368421053 -0,024 0,468253968253968 0,682539682539683 -0,92 -1 1 -1 -1 -1 
0,57 0,632631578947367 -0,176 0,414285714285714 0,628571428571429 -1 -1 -1 -1 -1 -1 
0,619090909090909 0,674736842105262 -0,816 0,45 0,664285714285714 -1 -1 1 -1 -1 -1 
0,592727272727273 0,661052631578947 -0,8 0,43015873015873 0,644444444444444 -1 -1 -1 -1 -1 -1 
0,58 0,687368421052631 -0,672 0,38968253968254 0,603968253968254 -1 1 -1 -1 -1 -1 
0,608181818181818 0,703157894736842 -0,4 0,446031746031746 0,66031746031746 -1 -1 -1 -1 -1 -1 
0,577272727272727 0,693684210526317 -0,712 0,411111111111111 0,625396825396825 -1 1 -1 -1 -1 -1 
0,576363636363636 0,641052631578948 -0,416 0,391269841269841 0,605555555555556 -1 1 -1 -1 -1 -1 
0,632727272727273 0,394736842105263 -0,448 0,442857142857143 0,657142857142857 -0,992 -1 1 -1 -1 -1 
0,57 0,486315789473685 -0,824 0,4 0,614285714285714 -1 1 -1 -1 -1 -1 
0,593636363636364 0,541052631578947 -0,64 0,438888888888889 0,653174603174603 -1 -1 -1 -1 -1 -1 
0,599090909090909 0,508421052631578 -0,0640000000000001 0,457142857142857 0,671428571428571 -0,968 -1 1 -1 -1 -1 
0,565454545454545 0,517894736842106 -0,144 0,41984126984127 0,634126984126984 -0,976 -1 1 1 -1 -1 
0,6 0,44421052631579 -0,2 0,438888888888889 0,653174603174603 -0,796 -1 1 -1 -1 -1 
0,585454545454546 0,484210526315789 -0,2 0,434126984126984 0,648412698412698 -0,992 -1 1 -1 -1 -1 
0,569090909090909 0,473684210526316 -0,912 0,401587301587302 0,615873015873016 -1 -1 -1 -1 -1 -1 
0,610909090909091 0,526315789473684 -0,536 0,457142857142857 0,671428571428571 -0,936 -1 1 -1 -1 -1 
0,581818181818182 0,594736842105263 -0,512 0,424603174603175 0,638888888888889 -0,732 -1 1 1 -1 -1 
0,452727272727273 0,546315789473684 -0,2 0,323015873015873 0,537301587301587 -1 -1 -1 -1 -1 -1 
0,505454545454545 0,554736842105264 -0,496 0,346031746031746 0,56031746031746 -1 -1 1 1 -1 -1 
0,629090909090909 0,568421052631579 0,0880000000000001 0,46031746031746 0,674603174603175 -0,996 -1 -1 -1 -1 -1 
0,62 0,541052631578947 -0,4 0,503174603174603 0,717460317460317 -1 -1 -1 -1 -1 -1 
0,609090909090909 0,592631578947368 -0,00800000000000001 0,488888888888889 0,703174603174603 -1 -1 -1 -1 -1 -1 
0,607272727272727 0,632631578947367 0,104 0,455555555555556 0,66984126984127 -0,904 -1 1 -1 -1 -1 
0,598181818181818 0,647368421052632 -0,496 0,43968253968254 0,653968253968254 -0,984 -1 1 -1 -1 -1 
0,610909090909091 0,626315789473684 -0,712 0,431746031746032 0,646031746031746 -0,992 1 1 -1 -1 -1 
0,655454545454545 0,670526315789474 0,048 0,505555555555556 0,71984126984127 -0,996 -1 1 -1 -1 -1 
0,630909090909091 0,676842105263157 0,048 0,485714285714286 0,7 -1 -1 1 -1 -1 -1 
0,53 0,687368421052631 -0,768 0,342857142857143 0,557142857142857 -1 -1 -1 -1 -1 -1 
0,606363636363636 0,613684210526315 -0,624 0,441269841269841 0,655555555555556 -0,996 -1 1 -1 -1 -1 
0,650909090909091 0,550526315789473 -0,376 0,485714285714286 0,7 -0,936 -1 1 -1 -1 -1 
0,599090909090909 0,588421052631579 0,032 0,46031746031746 0,674603174603175 -1 -1 1 -1 -1 -1 
0,573636363636364 0,617894736842106 -0,44 0,432539682539683 0,646825396825397 -1 -1 -1 -1 -1 -1 
0,555454545454545 0,6 -0,592 0,403174603174603 0,617460317460317 -1 -1 -1 -1 -1 -1 
0,58 0,533684210526316 -0,904 0,391269841269841 0,605555555555556 -1 1 -1 -1 -1 -1 
0,639090909090909 0,45578947368421 -0,608 0,45 0,664285714285714 -1 -1 1 -1 -1 -1 
0,667272727272727 0,352631578947368 -0,416 0,505555555555556 0,71984126984127 -0,984 -1 1 -1 -1 -1 
0,616363636363636 0,350526315789473 -0,2 0,442857142857143 0,657142857142857 -0,968 -1 1 -1 -1 -1 
0,536363636363636 0,363157894736842 -0,2 0,425396825396825 0,63968253968254 -1 -1 -1 -1 -1 -1 
0,547272727272727 0,512631578947369 -0,632 0,418253968253968 0,632539682539683 -1 -1 -1 -1 -1 -1 
0,566363636363636 0,447368421052632 -0,36 0,414285714285714 0,628571428571429 -0,968 -1 1 1 -1 -1 
0,586363636363636 0,508421052631578 -0,32 0,451587301587302 0,665873015873016 -1 -1 1 -1 -1 -1 
0,55 0,518947368421052 -0,224 0,446031746031746 0,66031746031746 -1 -1 -1 -1 -1 -1 
0,541818181818182 0,717894736842106 -0,912 0,373015873015873 0,587301587301587 -1 1 -1 -1 -1 -1 
0,587272727272727 0,611578947368421 -0,872 0,423015873015873 0,637301587301587 -0,976 1 1 -1 -1 -1 
0,585454545454546 0,474736842105263 -0,416 0,415873015873016 0,63015873015873 -0,952 -1 1 -1 -1 -1 
0,535454545454545 0,598947368421052 -0,608 0,391269841269841 0,605555555555556 -0,988 -1 1 1 -1 -1 
0,495454545454545 0,577894736842105 -0,504 0,346825396825397 0,561111111111111 -1 -1 -1 -1 -1 -1 
0,517272727272727 0,504210526315789 -0,656 0,376984126984127 0,591269841269841 -0,988 -1 1 1 -1 -1 
0,522727272727273 0,563157894736842 -0,52 0,401587301587302 0,615873015873016 -0,988 -1 1 1 -1 -1 
0,530909090909091 0,637894736842104 -0,248 0,396825396825397 0,611111111111111 -0,988 -1 -1 1 -1 -1 
0,555454545454545 0,683157894736843 -0,744 0,376984126984127 0,591269841269841 -1 -1 -1 -1 -1 -1 
0,620909090909091 0,677894736842106 -0,48 0,434126984126984 0,648412698412698 -0,988 -1 1 -1 -1 -1 
0,522727272727273 0,563157894736842 -0,52 0,401587301587302 0,615873015873016 -0,988 -1 1 1 -1 -1 
0,530909090909091 0,637894736842104 -0,248 0,396825396825397 0,611111111111111 -0,988 -1 -1 1 -1 -1 
0,555454545454545 0,683157894736843 -0,744 0,376984126984127 0,591269841269841 -1 -1 -1 -1 -1 -1 
0,620909090909091 0,677894736842106 -0,48 0,434126984126984 0,648412698412698 -0,988 -1 1 -1 -1 -1 
0,558181818181818 0,64 -0,672 0,38015873015873 0,594444444444444 -1 -1 1 -1 -1 -1 
0,620909090909091 0,677894736842106 -0,48 0,434126984126984 0,648412698412698 -0,988 -1 1 -1 -1 -1 
0,558181818181818 0,64 -0,672 0,38015873015873 0,594444444444444 -1 -1 1 -1 -1 -1 
0,606363636363636 0,696842105263158 -0,488 0,464285714285714 0,678571428571429 -0,988 -1 -1 -1 -1 -1 
0,546363636363636 0,649473684210527 -0,536 0,432539682539683 0,646825396825397 -1 -1 -1 -1 -1 -1 
0,554545454545455 0,634736842105263 -0,608 0,425396825396825 0,63968253968254 -1 -1 -1 -1 -1 -1 
0,549090909090909 0,489473684210526 -0,2 0,412698412698413 0,626984126984127 -0,984 -1 1 1 -1 -1 
0,544545454545455 0,578947368421053 -0,0559999999999999 0,421428571428571 0,635714285714286 -0,988 -1 1 1 -1 -1 
0,599090909090909 0,507368421052632 -0,0640000000000001 0,418253968253968 0,632539682539683 -0,968 -1 1 1 -1 -1 
0,587272727272727 0,503157894736842 0,392 0,453968253968254 0,668253968253968 -0,984 -1 1 1 -1 -1 
0,512727272727273 0,69578947368421 -0,08 0,392857142857143 0,607142857142857 -1 -1 -1 -1 -1 -1 
0,543636363636364 0,337894736842106 -0,752 0,4 0,614285714285714 -0,984 -1 1 1 -1 -1 
0,511818181818182 0,365263157894737 -0,68 0,367460317460317 0,581746031746032 -1 -1 1 1 -1 -1 
0,531818181818182 0,449473684210527 -0,64 0,392857142857143 0,607142857142857 -1 -1 -1 1 -1 -1 
0,535454545454545 0,497894736842105 -0,552 0,387301587301587 0,601587301587302 -1 -1 -1 -1 -1 -1 
0,539090909090909 0,548421052631579 -0,64 0,382539682539683 0,596825396825397 -1 1 -1 -1 -1 -1 
0,563636363636364 0,568421052631579 -0,336 0,414285714285714 0,628571428571429 -1 1 -1 -1 -1 -1 
0,545454545454545 0,527368421052632 -0,864 0,376984126984127 0,591269841269841 -1 1 -1 -1 -1 -1 
0,559090909090909 0,507368421052632 -0,752 0,387301587301587 0,601587301587302 -1 -1 -1 -1 -1 -1 
0,591818181818182 0,5 -0,784 0,405555555555556 0,61984126984127 -1 -1 -1 -1 -1 -1 
0,605454545454545 0,6 -0,336 0,464285714285714 0,678571428571429 -0,988 -1 1 -1 -1 -1 
0,61 0,428421052631579 -0,144 0,484126984126984 0,698412698412698 -1 -1 1 -1 -1 -1 
0,625454545454545 0,257894736842105 0,224 0,494444444444444 0,708730158730159 -0,984 -1 1 -1 -1 -1 
0,595454545454545 0,450526315789473 0,048 0,482539682539682 0,696825396825397 -0,984 -1 1 -1 -1 -1 
0,617272727272727 0,575789473684211 -0,4 0,465873015873016 0,68015873015873 -1 -1 1 -1 -1 -1 
0,638181818181818 0,52 -0,4 0,498412698412698 0,712698412698413 -1 -1 1 -1 -1 -1 
0,592727272727273 0,624210526315789 -0,496 0,424603174603175 0,638888888888889 -1 -1 1 -1 -1 -1 
0,564545454545455 0,585263157894737 -0,472 0,403968253968254 0,618253968253968 -0,996 1 -1 -1 -1 -1 
0,546363636363636 0,574736842105263 -0,264 0,403174603174603 0,617460317460317 -1 1 -1 -1 -1 -1 
0,563636363636364 0,568421052631579 -0,336 0,414285714285714 0,628571428571429 -1 1 -1 -1 -1 -1 
0,545454545454545 0,527368421052632 -0,864 0,376984126984127 0,591269841269841 -1 1 -1 -1 -1 -1 
