0,739090909090909 0,475789473684211 -0,472 0,53968253968254 0,753968253968254 -1 -1 1 -1 -1 -1 
0,667272727272727 0,481052631578948 0,136 0,56984126984127 0,784126984126984 -0,992 -1 1 -1 -1 -1 
0,727272727272727 0,553684210526316 -0,336 0,56984126984127 0,784126984126984 -0,944 -1 1 -1 -1 -1 
0,770909090909091 0,577894736842105 -0,2 0,571428571428571 0,785714285714286 -0,992 -1 1 -1 -1 -1 
0,77 0,589473684210526 -0,376 0,624603174603175 0,838888888888889 -1 -1 -1 -1 -1 -1 
0,727272727272727 0,553684210526316 -0,336 0,56984126984127 0,784126984126984 -0,944 -1 1 -1 -1 -1 
0,770909090909091 0,577894736842105 -0,2 0,571428571428571 0,785714285714286 -0,992 -1 1 -1 -1 -1 
0,77 0,589473684210526 -0,376 0,624603174603175 0,838888888888889 -1 -1 -1 -1 -1 -1 
0,749090909090909 0,525263157894737 -0,448 0,594444444444444 0,808730158730159 -1 -1 -1 -1 -1 -1 
0,743636363636364 0,530526315789473 -0,336 0,611111111111111 0,825396825396825 -0,992 -1 1 -1 -1 -1 
0,809090909090909 0,642105263157895 -0,608 0,601587301587302 0,815873015873016 -1 -1 -1 -1 -1 -1 
0,808181818181818 0,566315789473684 -0,4 0,646031746031746 0,86031746031746 -1 1 -1 -1 -1 -1 
0,77 0,536842105263158 -0,56 0,635714285714286 0,85 -1 -1 -1 -1 -1 -1 
0,818181818181818 0,581052631578948 -0,456 0,628571428571429 0,842857142857143 -1 -1 1 -1 -1 -1 
0,792727272727273 0,585263157894737 -0,808 0,612698412698413 0,826984126984127 -1 -1 -1 -1 -1 -1 
0,728181818181818 0,608421052631578 -0,376 0,6 0,814285714285714 -1 -1 -1 -1 -1 -1 
0,721818181818182 0,590526315789474 -0,6 0,571428571428571 0,785714285714286 -1 -1 -1 -1 -1 -1 
0,713636363636364 0,582105263157894 -0,56 0,511111111111111 0,725396825396825 -1 -1 -1 -1 -1 -1 
0,710909090909091 0,604210526315789 -0,72 0,535714285714286 0,75 -1 -1 -1 -1 -1 -1 
0,739090909090909 0,574736842105263 -0,376 0,562698412698413 0,776984126984127 -1 -1 -1 -1 -1 -1 
0,696363636363636 0,623157894736843 -0,32 0,492857142857143 0,707142857142857 -1 1 -1 -1 -1 -1 
0,725454545454545 0,607368421052632 -0,824 0,503968253968254 0,718253968253968 -1 -1 -1 -1 -1 -1 
0,713636363636364 0,586315789473685 -0,584 0,524603174603175 0,738888888888889 -1 -1 -1 -1 -1 -1 
0,7 0,563157894736842 -0,36 0,548412698412698 0,762698412698413 -1 -1 -1 -1 -1 -1 
0,645454545454546 0,533684210526316 -0,336 0,551587301587302 0,765873015873016 -1 -1 -1 -1 -1 -1 
0,729090909090909 0,513684210526315 -0,32 0,573015873015873 0,787301587301587 -1 -1 -1 -1 -1 -1 
0,751818181818182 0,484210526315789 -0,128 0,576984126984127 0,791269841269841 -1 -1 -1 -1 -1 -1 
0,751818181818182 0,384210526315789 -0,16 0,657142857142857 0,871428571428571 -1 -1 -1 -1 -1 -1 
0,766363636363636 0,405263157894737 -0,472 0,591269841269841 0,805555555555556 -0,92 -1 1 -1 -1 -1 
0,68 0,45578947368421 -0,552 0,534126984126984 0,748412698412698 -1 -1 -1 -1 -1 -1 
0,718181818181818 0,53578947368421 -0,512 0,525396825396825 0,73968253968254 -1 1 -1 -1 -1 -1 
0,722727272727273 0,551578947368421 -0,664 0,568253968253968 0,782539682539683 -1 -1 -1 -1 -1 -1 
0,690909090909091 0,607368421052632 -0,92 0,481746031746032 0,696031746031746 -1 1 -1 -1 -1 -1 
0,703636363636364 0,582105263157894 -0,632 0,496825396825397 0,711111111111111 -1 1 -1 -1 -1 -1 
0,739090909090909 0,491578947368422 -0,32 0,53968253968254 0,753968253968254 -1 1 -1 -1 -1 -1 
0,745454545454545 0,552631578947368 -0,28 0,623015873015873 0,837301587301587 -1 -1 -1 -1 -1 -1 
0,757272727272727 0,502105263157895 -0,608 0,591269841269841 0,805555555555556 -1 -1 -1 -1 -1 -1 
0,800909090909091 0,489473684210526 -0,496 0,621428571428571 0,835714285714286 -1 1 -1 -1 -1 -1 
0,742727272727273 0,407368421052632 -0,416 0,603968253968254 0,818253968253968 -1 -1 1 -1 -1 -1 
0,74 0,449473684210527 -0,44 0,591269841269841 0,805555555555556 -0,932 -1 1 -1 -1 -1 
0,788181818181818 0,54421052631579 -0,592 0,578571428571429 0,792857142857143 -1 -1 -1 -1 -1 -1 
0,779090909090909 0,536842105263158 -0,824 0,553174603174603 0,767460317460318 -1 1 -1 -1 -1 -1 
0,777272727272727 0,525263157894737 -0,648 0,618253968253968 0,832539682539683 -0,936 -1 1 -1 -1 -1 
0,682727272727273 0,581052631578948 -0,336 0,546031746031746 0,76031746031746 -1 -1 1 -1 -1 -1 
0,697272727272727 0,594736842105263 -0,4 0,5 0,714285714285714 -1 -1 -1 -1 -1 -1 
0,61 0,503157894736842 -0,184 0,485714285714286 0,7 -1 -1 -1 -1 -1 -1 
0,697272727272727 0,56421052631579 -0,456 0,51984126984127 0,734126984126984 -0,984 -1 1 -1 -1 -1 
0,736363636363636 0,597894736842105 -0,608 0,546825396825397 0,761111111111111 -1 -1 -1 -1 -1 -1 
0,767272727272727 0,571578947368421 -0,512 0,53968253968254 0,753968253968254 -1 -1 -1 -1 -1 -1 
0,763636363636364 0,557894736842105 -0,456 0,553968253968254 0,768253968253968 -1 -1 -1 -1 -1 -1 
0,771818181818182 0,627368421052631 -0,888 0,592857142857143 0,807142857142857 -1 1 -1 -1 -1 -1 
0,760909090909091 0,62 -0,864 0,56031746031746 0,774603174603175 -1 1 -1 -1 -1 -1 
0,728181818181818 0,613684210526315 -0,848 0,542857142857143 0,757142857142857 -1 1 -1 -1 -1 -1 
0,706363636363636 0,641052631578948 -0,936 0,484126984126984 0,698412698412698 -1 1 -1 -1 -1 -1 
0,730909090909091 0,66 -0,64 0,557142857142857 0,771428571428571 -1 1 -1 -1 -1 -1 
0,728181818181818 0,575789473684211 -0,536 0,565873015873016 0,78015873015873 -0,992 -1 -1 -1 -1 -1 
0,698181818181818 0,610526315789474 -0,664 0,505555555555556 0,71984126984127 -1 -1 -1 -1 -1 -1 
0,755454545454545 0,515789473684211 -0,456 0,591269841269841 0,805555555555556 -0,984 -1 1 -1 -1 -1 
0,739090909090909 0,422105263157895 -0,0479999999999999 0,625396825396825 0,83968253968254 -1 -1 -1 -1 -1 -1 
0,715454545454545 0,483157894736842 -0,36 0,553174603174603 0,767460317460318 -1 -1 1 -1 -1 -1 
0,664545454545454 0,560000000000001 -0,824 0,432539682539683 0,646825396825397 -1 1 -1 -1 -1 -1 
0,687272727272727 0,533684210526316 -0,416 0,501587301587302 0,715873015873016 -1 -1 -1 -1 -1 -1 
0,716363636363636 0,483157894736842 -0,472 0,528571428571429 0,742857142857143 -1 -1 -1 -1 -1 -1 
0,738181818181818 0,434736842105263 -0,536 0,528571428571429 0,742857142857143 -1 -1 -1 -1 -1 -1 
0,737272727272727 0,448421052631579 -0,672 0,568253968253968 0,782539682539683 -0,92 -1 1 -1 -1 -1 
0,749090909090909 0,503157894736842 -0,672 0,591269841269841 0,805555555555556 -1 -1 -1 -1 -1 -1 
0,733636363636364 0,446315789473684 -0,744 0,501587301587302 0,715873015873016 -1 -1 -1 -1 -1 -1 
0,736363636363636 0,496842105263158 -0,464 0,594444444444444 0,808730158730159 -1 -1 -1 -1 -1 -1 
0,778181818181818 0,436842105263158 -0,0640000000000001 0,61031746031746 0,824603174603175 -0,992 -1 1 -1 -1 -1 
0,765454545454546 0,370526315789474 -0,16 0,605555555555556 0,81984126984127 -0,844 -1 1 -1 -1 -1 
0,733636363636364 0,446315789473684 -0,744 0,501587301587302 0,715873015873016 -1 -1 -1 -1 -1 -1 
0,736363636363636 0,496842105263158 -0,464 0,594444444444444 0,808730158730159 -1 -1 -1 -1 -1 -1 
0,778181818181818 0,436842105263158 -0,0640000000000001 0,61031746031746 0,824603174603175 -0,992 -1 1 -1 -1 -1 
0,765454545454546 0,370526315789474 -0,16 0,605555555555556 0,81984126984127 -0,844 -1 1 -1 -1 -1 
0,663636363636364 0,34421052631579 0,512 0,561111111111111 0,775396825396825 -0,984 -1 1 -1 -1 -1 
0,711818181818182 0,623157894736843 -0,632 0,553174603174603 0,767460317460318 -1 -1 -1 -1 -1 -1 
0,722727272727273 0,541052631578947 -0,672 0,488888888888889 0,703174603174603 -1 1 -1 -1 -1 -1 
0,741818181818182 0,471578947368421 -0,824 0,515873015873016 0,73015873015873 -1 1 -1 -1 -1 -1 
0,763636363636364 0,416842105263158 -0,768 0,546825396825397 0,761111111111111 -1 -1 -1 -1 -1 -1 
0,785454545454546 0,408421052631578 -0,648 0,605555555555556 0,81984126984127 -1 -1 1 -1 -1 1 
0,616363636363636 0,6 -0,224 0,487301587301587 0,701587301587302 -0,992 -1 1 -1 -1 -1 
0,678181818181818 0,568421052631579 -0,24 0,498412698412698 0,712698412698413 -0,952 -1 1 -1 -1 -1 
0,705454545454545 0,573684210526316 -0,624 0,538888888888889 0,753174603174603 -0,992 1 1 -1 -1 -1 
0,725454545454545 0,572631578947368 -0,8 0,565873015873016 0,78015873015873 -0,968 -1 1 -1 -1 -1 
0,694545454545455 0,46421052631579 -0,2 0,553968253968254 0,768253968253968 -0,968 -1 1 -1 -1 -1 
0,679090909090909 0,451578947368421 -0,128 0,565873015873016 0,78015873015873 -0,968 -1 1 -1 -1 -1 
0,670909090909091 0,421052631578947 -0,416 0,542857142857143 0,757142857142857 -1 -1 1 -1 -1 -1 
0,650909090909091 0,54421052631579 -0,36 0,507142857142857 0,721428571428571 -0,92 -1 1 -1 -1 -1 
0,68 0,549473684210527 -0,456 0,492857142857143 0,707142857142857 -0,996 -1 1 -1 -1 -1 
0,715454545454545 0,560000000000001 -0,28 0,58968253968254 0,803968253968254 -0,984 -1 1 -1 -1 -1 
0,642727272727273 0,522105263157895 -0,168 0,492857142857143 0,707142857142857 -1 -1 -1 -1 -1 -1 
0,597272727272727 0,572631578947368 -0,808 0,441269841269841 0,655555555555556 -1 -1 -1 -1 -1 -1 
0,618181818181818 0,553684210526316 -0,224 0,473015873015873 0,687301587301587 -0,992 -1 1 -1 -1 -1 
0,618181818181818 0,613684210526315 -0,32 0,446031746031746 0,66031746031746 -1 -1 -1 -1 -1 -1 
0,706363636363636 0,603157894736842 -0,648 0,553968253968254 0,768253968253968 -0,984 -1 1 -1 -1 -1 
0,677272727272727 0,554736842105264 -0,608 0,491269841269841 0,705555555555556 -1 -1 -1 -1 -1 -1 
0,678181818181818 0,593684210526316 -0,432 0,518253968253968 0,732539682539682 -0,984 -1 1 -1 -1 -1 
0,674545454545455 0,629473684210526 -0,432 0,507142857142857 0,721428571428571 -0,944 -1 1 -1 -1 -1 
0,659090909090909 0,605263157894737 -0,536 0,5 0,714285714285714 -0,988 -1 1 -1 -1 -1 
0,73 0,526315789473684 0 0,546031746031746 0,76031746031746 -0,984 -1 1 -1 -1 -1 
0,68 0,438947368421053 -0,208 0,53968253968254 0,753968253968254 -1 -1 1 -1 -1 -1 
0,714545454545454 0,405263157894737 -0,504 0,546031746031746 0,76031746031746 -0,928 -1 1 -1 -1 -1 
0,703636363636364 0,412631578947369 -0,76 0,508730158730159 0,723015873015873 -1 -1 1 -1 -1 -1 
0,710909090909091 0,506315789473685 -0,272 0,518253968253968 0,732539682539682 -0,968 -1 1 -1 -1 -1 
0,711818181818182 0,58421052631579 0,024 0,591269841269841 0,805555555555556 -0,956 -1 1 -1 -1 -1 
0,710909090909091 0,636842105263158 -0,672 0,517460317460318 0,731746031746032 -0,988 -1 -1 -1 -1 -1 
0,656363636363636 0,678947368421053 -0,696 0,478571428571429 0,692857142857143 -1 1 -1 -1 -1 -1 
0,632727272727273 0,651578947368422 -0,608 0,43968253968254 0,653968253968254 -1 -1 -1 -1 -1 -1 
0,649090909090909 0,627368421052631 -0,728 0,421428571428571 0,635714285714286 -1 1 -1 -1 -1 -1 
0,71 0,626315789473684 -0,808 0,498412698412698 0,712698412698413 -1 -1 -1 -1 -1 -1 
0,598181818181818 0,649473684210527 -0,808 0,394444444444444 0,608730158730159 -1 1 -1 -1 -1 -1 
0,655454545454545 0,566315789473684 -0,528 0,432539682539683 0,646825396825397 -0,988 -1 1 -1 -1 -1 
0,685454545454546 0,5 -0,4 0,525396825396825 0,73968253968254 -1 -1 -1 -1 -1 -1 
0,704545454545455 0,475789473684211 -0,368 0,53968253968254 0,753968253968254 -0,984 -1 1 -1 -1 -1 
0,642727272727273 0,542105263157895 -0,296 0,518253968253968 0,732539682539682 -1 -1 -1 -1 -1 -1 
0,739090909090909 0,512631578947369 -0,64 0,574603174603175 0,788888888888889 -0,876 -1 1 -1 -1 -1 
0,710909090909091 0,515789473684211 -0,728 0,534126984126984 0,748412698412698 -1 -1 -1 -1 -1 -1 
0,707272727272727 0,501052631578948 -0,736 0,503174603174603 0,717460317460317 -1 -1 -1 -1 -1 -1 
0,752727272727273 0,486315789473685 -0,608 0,581746031746032 0,796031746031746 -0,92 -1 1 -1 -1 -1 
0,746363636363636 0,538947368421053 -0,616 0,575396825396825 0,78968253968254 -0,904 -1 1 -1 -1 -1 
0,770909090909091 0,653684210526315 -0,8 0,608730158730159 0,823015873015873 -0,976 -1 1 -1 -1 -1 
0,747272727272727 0,58 -0,624 0,588888888888889 0,803174603174603 -1 -1 -1 -1 -1 -1 
0,748181818181818 0,573684210526316 -0,688 0,576984126984127 0,791269841269841 -1 -1 -1 -1 -1 -1 
0,704545454545455 0,546315789473684 -0,552 0,523015873015873 0,737301587301587 -1 -1 -1 -1 -1 -1 
0,718181818181818 0,452631578947368 -0,624 0,526984126984127 0,741269841269841 -1 -1 1 -1 -1 -1 
0,7 0,633684210526316 -0,92 0,482539682539682 0,696825396825397 -1 1 -1 -1 -1 -1 
0,722727272727273 0,582105263157894 -0,76 0,496031746031746 0,71031746031746 -1 1 -1 -1 -1 -1 
0,743636363636364 0,566315789473684 -0,384 0,591269841269841 0,805555555555556 -0,948 -1 1 -1 -1 -1 
0,689090909090909 0,547368421052632 -0,16 0,537301587301587 0,751587301587302 -1 -1 -1 -1 -1 -1 
0,709090909090909 0,43578947368421 -0,464 0,517460317460318 0,731746031746032 -0,872 -1 1 -1 -1 -1 
0,566363636363636 0,55578947368421 -0,272 0,426984126984127 0,641269841269841 -1 -1 1 -1 -1 -1 
0,58 0,542105263157895 -0,744 0,428571428571429 0,642857142857143 -0,888 -1 1 1 -1 -1 
0,644545454545455 0,514736842105263 -0,584 0,43015873015873 0,644444444444444 -1 -1 1 -1 -1 -1 
0,699090909090909 0,494736842105263 -0,544 0,53968253968254 0,753968253968254 -0,992 -1 1 -1 -1 -1 
0,752727272727273 0,426315789473684 -0,528 0,542857142857143 0,757142857142857 -0,904 -1 1 -1 -1 -1 
0,58 0,542105263157895 -0,744 0,428571428571429 0,642857142857143 -0,888 -1 1 1 -1 -1 
0,644545454545455 0,514736842105263 -0,584 0,43015873015873 0,644444444444444 -1 -1 1 -1 -1 -1 
0,699090909090909 0,494736842105263 -0,544 0,53968253968254 0,753968253968254 -0,992 -1 1 -1 -1 -1 
0,752727272727273 0,426315789473684 -0,528 0,542857142857143 0,757142857142857 -0,904 -1 1 -1 -1 -1 
0,734545454545455 0,361052631578947 -0,336 0,585714285714286 0,8 -0,968 -1 -1 -1 -1 -1 
0,716363636363636 0,35578947368421 -0,696 0,542857142857143 0,757142857142857 -0,904 -1 1 -1 -1 -1 
0,720909090909091 0,354736842105264 -0,152 0,531746031746032 0,746031746031746 -1 -1 1 -1 -1 -1 
0,621818181818182 0,501052631578948 -0,384 0,468253968253968 0,682539682539683 -1 -1 1 -1 -1 -1 
0,650909090909091 0,46 -0,312 0,458730158730159 0,673015873015873 -1 -1 1 -1 -1 -1 
0,645454545454546 0,488421052631579 0,224 0,571428571428571 0,785714285714286 -0,992 -1 -1 -1 -1 -1 
0,629090909090909 0,351578947368421 -0,168 0,531746031746032 0,746031746031746 -0,984 -1 1 -1 -1 -1 
0,653636363636364 0,386315789473685 -0,104 0,523015873015873 0,737301587301587 -0,968 -1 1 -1 -1 -1 
0,651818181818182 0,432631578947369 -0,04 0,51984126984127 0,734126984126984 -0,828 -1 1 -1 -1 -1 
0,712727272727273 0,5 0 0,532539682539683 0,746825396825397 -0,992 -1 1 -1 -1 -1 
0,651818181818182 0,553684210526316 0,0720000000000001 0,564285714285714 0,778571428571429 -1 -1 1 -1 -1 -1 
0,651818181818182 0,432631578947369 -0,04 0,51984126984127 0,734126984126984 -0,828 -1 1 -1 -1 -1 
0,712727272727273 0,5 0 0,532539682539683 0,746825396825397 -0,992 -1 1 -1 -1 -1 
0,651818181818182 0,553684210526316 0,0720000000000001 0,564285714285714 0,778571428571429 -1 -1 1 -1 -1 -1 
0,63 0,623157894736843 -0,272 0,521428571428571 0,735714285714286 -1 -1 -1 -1 -1 -1 
0,605454545454545 0,647368421052632 -0,536 0,473015873015873 0,687301587301587 -1 -1 1 -1 -1 -1 
0,611818181818182 0,531578947368421 -0,112 0,507142857142857 0,721428571428571 -1 -1 -1 -1 -1 -1 
0,658181818181818 0,434736842105263 -0,328 0,51031746031746 0,724603174603175 -0,988 -1 1 -1 -1 -1 
0,646363636363636 0,394736842105263 -0,648 0,43015873015873 0,644444444444444 -0,876 1 1 -1 -1 -1 
0,634545454545455 0,393684210526316 -0,448 0,48015873015873 0,694444444444444 -0,984 -1 1 -1 -1 -1 
0,642727272727273 0,424210526315789 0,104 0,512698412698413 0,726984126984127 -1 -1 1 -1 -1 -1 
0,636363636363636 0,504210526315789 -0,28 0,442857142857143 0,657142857142857 -1 -1 -1 -1 -1 -1 
0,62 0,521052631578947 -0,504 0,407142857142857 0,621428571428571 -1 -1 1 -1 -1 -1 
0,734545454545455 0,495789473684211 -0,496 0,538888888888889 0,753174603174603 -0,964 -1 1 -1 -1 -1 
0,660909090909091 0,574736842105263 -0,64 0,496825396825397 0,711111111111111 -1 -1 -1 -1 -1 -1 
0,708181818181818 0,517894736842106 -0,216 0,512698412698413 0,726984126984127 -1 -1 -1 -1 -1 -1 
0,711818181818182 0,44 -0,328 0,53015873015873 0,744444444444444 -1 -1 -1 -1 -1 -1 
0,729090909090909 0,478947368421053 -0,184 0,584126984126984 0,798412698412698 -0,968 -1 1 -1 -1 -1 
0,699090909090909 0,570526315789474 -0,528 0,53015873015873 0,744444444444444 -1 -1 1 -1 -1 -1 
0,717272727272727 0,5 -0,304 0,581746031746032 0,796031746031746 -0,996 -1 1 -1 -1 -1 
0,692727272727273 0,538947368421053 -0,0159999999999999 0,578571428571429 0,792857142857143 -0,992 -1 -1 -1 -1 -1 
0,680909090909091 0,554736842105264 -0,104 0,521428571428571 0,735714285714286 -0,976 -1 1 -1 -1 -1 
0,596363636363636 0,631578947368421 -0,264 0,475396825396825 0,68968253968254 -1 -1 1 -1 -1 -1 
0,618181818181818 0,689473684210526 -0,376 0,448412698412698 0,662698412698413 -0,984 -1 1 -1 -1 -1 
0,599090909090909 0,673684210526316 -0,552 0,461111111111111 0,675396825396825 -0,984 -1 1 -1 -1 -1 
0,560909090909091 0,685263157894736 -0,552 0,388888888888889 0,603174603174603 -1 -1 -1 -1 -1 -1 
0,622727272727273 0,518947368421052 -0,672 0,476984126984127 0,691269841269841 -1 -1 -1 -1 -1 -1 
0,642727272727273 0,465263157894737 -0,552 0,45 0,664285714285714 -1 1 -1 -1 -1 -1 
0,673636363636364 0,481052631578948 -0,456 0,521428571428571 0,735714285714286 -0,904 -1 1 -1 -1 -1 
0,670909090909091 0,56421052631579 -0,608 0,518253968253968 0,732539682539682 -1 -1 1 -1 -1 -1 
0,694545454545455 0,547368421052632 -0,784 0,471428571428571 0,685714285714286 -1 -1 1 -1 -1 -1 
0,667272727272727 0,337894736842106 -0,312 0,51031746031746 0,724603174603175 -1 -1 1 -1 -1 -1 
0,589090909090909 0,517894736842106 -0,144 0,46984126984127 0,684126984126984 -1 -1 -1 -1 -1 -1 
0,59 0,507368421052632 -0,24 0,438888888888889 0,653174603174603 -1 -1 -1 -1 -1 -1 
0,634545454545455 0,536842105263158 -0,24 0,525396825396825 0,73968253968254 -1 -1 -1 -1 -1 -1 
0,64 0,673684210526316 -0,552 0,467460317460317 0,681746031746032 -1 -1 1 -1 -1 -1 
0,683636363636364 0,598947368421052 -0,632 0,496031746031746 0,71031746031746 -1 1 1 -1 -1 -1 
0,688181818181818 0,589473684210526 -0,688 0,48968253968254 0,703968253968254 -0,992 1 1 -1 -1 -1 
0,705454545454545 0,601052631578948 -0,744 0,553968253968254 0,768253968253968 -0,984 -1 1 -1 -1 -1 
0,707272727272727 0,594736842105263 -0,576 0,575396825396825 0,78968253968254 -1 -1 1 -1 -1 -1 
0,674545454545455 0,666315789473684 -0,488 0,53015873015873 0,744444444444444 -1 -1 -1 -1 -1 -1 
0,746363636363636 0,665263157894737 -0,664 0,584126984126984 0,798412698412698 -1 -1 1 -1 -1 -1 
0,72 0,622105263157894 -0,648 0,53968253968254 0,753968253968254 -1 1 -1 -1 -1 -1 
0,684545454545455 0,565263157894737 -0,808 0,487301587301587 0,701587301587302 -1 1 -1 -1 -1 -1 
0,622727272727273 0,567368421052631 -0,24 0,491269841269841 0,705555555555556 -1 -1 -1 -1 -1 -1 
0,635454545454545 0,609473684210526 -0,44 0,474603174603175 0,688888888888889 -1 -1 -1 -1 -1 -1 
0,57 0,632631578947367 -0,184 0,45 0,664285714285714 -0,992 -1 1 1 -1 -1 
0,577272727272727 0,62 -0,0159999999999999 0,453174603174603 0,667460317460317 -1 -1 1 -1 -1 -1 
0,639090909090909 0,651578947368422 0,224 0,481746031746032 0,696031746031746 -1 -1 1 -1 -1 -1 
0,670909090909091 0,683157894736843 -0,32 0,505555555555556 0,71984126984127 -0,992 -1 1 -1 -1 -1 
0,612727272727273 0,614736842105263 -0,36 0,455555555555556 0,66984126984127 -1 -1 -1 -1 -1 -1 
