0,584545454545454 0,642105263157895 -0,536 0,446031746031746 0,66031746031746 -1 -1 1 -1 -1 -1 
0,566363636363636 0,43578947368421 -0,00800000000000001 0,403174603174603 0,617460317460317 -1 -1 1 -1 -1 -1 
0,577272727272727 0,318947368421052 0,032 0,46031746031746 0,674603174603175 -1 -1 1 -1 -1 -1 
0,552727272727273 0,310526315789474 -0,0159999999999999 0,46031746031746 0,674603174603175 -1 -1 1 -1 -1 -1 
0,549090909090909 0,465263157894737 -0,408 0,446825396825397 0,661111111111111 -1 -1 -1 -1 -1 -1 
0,69 0,575789473684211 0,104 0,474603174603175 0,688888888888889 -0,992 -1 1 -1 -1 -1 
0,665454545454546 0,567368421052631 -0,00800000000000001 0,498412698412698 0,712698412698413 -0,952 -1 1 -1 -1 -1 
0,568181818181818 0,633684210526316 -0,224 0,444444444444444 0,658730158730159 -0,968 -1 -1 -1 -1 -1 
0,547272727272727 0,594736842105263 -0,552 0,408730158730159 0,623015873015873 -1 -1 -1 -1 -1 -1 
0,617272727272727 0,473684210526316 -0,176 0,481746031746032 0,696031746031746 -1 -1 -1 -1 -1 -1 
0,547272727272727 0,594736842105263 -0,552 0,408730158730159 0,623015873015873 -1 -1 -1 -1 -1 -1 
0,617272727272727 0,473684210526316 -0,176 0,481746031746032 0,696031746031746 -1 -1 -1 -1 -1 -1 
0,646363636363636 0,349473684210527 -0,632 0,488888888888889 0,703174603174603 -0,992 -1 1 -1 -1 -1 
0,645454545454546 0,152631578947368 0,0880000000000001 0,505555555555556 0,71984126984127 -1 -1 -1 -1 -1 -1 
0,616363636363636 0,0494736842105268 -0,2 0,467460317460317 0,681746031746032 -0,968 -1 1 -1 -1 -1 
0,616363636363636 0,0494736842105268 -0,2 0,467460317460317 0,681746031746032 -0,968 -1 1 -1 -1 -1 
0,559090909090909 0,161052631578947 -0,0479999999999999 0,431746031746032 0,646031746031746 -1 -1 1 -1 -1 -1 
0,573636363636364 0,250526315789473 -0,312 0,431746031746032 0,646031746031746 -0,976 -1 -1 -1 -1 -1 
0,565454545454545 0,342105263157895 -0,312 0,431746031746032 0,646031746031746 -1 -1 -1 -1 -1 -1 
0,593636363636364 0,423157894736843 -0,0479999999999999 0,46984126984127 0,684126984126984 -0,992 -1 1 -1 -1 -1 
0,615454545454545 0,493684210526316 -0,256 0,432539682539683 0,646825396825397 -1 -1 1 -1 -1 -1 
0,568181818181818 0,546315789473684 0,112 0,48015873015873 0,694444444444444 -1 -1 -1 -1 -1 -1 
0,58 0,416842105263158 -0,032 0,441269841269841 0,655555555555556 -1 -1 1 -1 -1 -1 
0,623636363636364 0,382105263157894 -0,36 0,473015873015873 0,687301587301587 -0,968 -1 1 -1 -1 -1 
0,659090909090909 0,385263157894737 0,0640000000000001 0,517460317460318 0,731746031746032 -0,996 -1 1 -1 -1 -1 
0,665454545454546 0,582105263157894 -0,416 0,532539682539683 0,746825396825397 -1 -1 -1 -1 -1 -1 
0,65 0,641052631578948 -0,376 0,511111111111111 0,725396825396825 -1 -1 -1 -1 -1 -1 
0,644545454545455 0,677894736842106 -0,632 0,438888888888889 0,653174603174603 -1 -1 -1 -1 -1 -1 
0,581818181818182 0,798947368421054 -0,304 0,467460317460317 0,681746031746032 -1 -1 -1 -1 -1 -1 
0,560909090909091 0,756842105263159 -0,608 0,388888888888889 0,603174603174603 -1 -1 -1 -1 -1 -1 
0,59 0,716842105263157 0,496 0,407142857142857 0,621428571428571 -0,996 -1 1 -1 -1 -1 
0,608181818181818 0,657894736842105 0,4 0,481746031746032 0,696031746031746 -1 -1 1 -1 -1 -1 
0,629090909090909 0,5 0,784 0,514285714285714 0,728571428571429 -1 -1 1 -1 -1 -1 
0,679090909090909 0,55578947368421 0 0,518253968253968 0,732539682539682 -0,92 -1 1 -1 -1 -1 
0,642727272727273 0,577894736842105 -0,248 0,481746031746032 0,696031746031746 -1 -1 -1 -1 -1 -1 
0,684545454545455 0,586315789473685 0,416 0,481746031746032 0,696031746031746 -0,92 -1 1 -1 -1 -1 
0,638181818181818 0,570526315789474 0,24 0,525396825396825 0,73968253968254 -1 -1 -1 -1 -1 -1 
0,571818181818182 0,657894736842105 -0,128 0,448412698412698 0,662698412698413 -1 -1 -1 -1 -1 -1 
0,589090909090909 0,690526315789473 -0,608 0,411111111111111 0,625396825396825 -1 -1 1 -1 -1 -1 
0,636363636363636 0,767368421052633 -0,576 0,48015873015873 0,694444444444444 -0,996 -1 1 -1 -1 -1 
0,63 0,716842105263157 -0,712 0,405555555555556 0,61984126984127 -1 -1 -1 -1 -1 -1 
0,671818181818182 0,635789473684211 -0,376 0,482539682539682 0,696825396825397 -0,984 -1 1 -1 -1 -1 
0,711818181818182 0,58421052631579 -0,4 0,505555555555556 0,71984126984127 -1 -1 -1 -1 -1 -1 
0,704545454545455 0,549473684210527 -0,0640000000000001 0,548412698412698 0,762698412698413 -1 -1 1 -1 -1 -1 
0,636363636363636 0,592631578947368 -0,088 0,503174603174603 0,717460317460317 -0,92 -1 1 -1 -1 -1 
0,639090909090909 0,417894736842106 -0,2 0,453968253968254 0,668253968253968 -1 -1 -1 -1 -1 -1 
0,652727272727273 0,394736842105263 -0,424 0,487301587301587 0,701587301587302 -1 -1 -1 -1 -1 -1 
0,651818181818182 0,493684210526316 -0,712 0,446031746031746 0,66031746031746 -1 -1 -1 -1 -1 -1 
0,676363636363636 0,552631578947368 -0,744 0,515873015873016 0,73015873015873 -1 -1 1 -1 -1 -1 
0,673636363636364 0,541052631578947 -0,744 0,474603174603175 0,688888888888889 -1 1 1 -1 -1 -1 
0,553636363636364 0,652631578947368 -0,864 0,396825396825397 0,611111111111111 -1 -1 -1 -1 -1 -1 
0,573636363636364 0,668421052631579 -0,648 0,412698412698413 0,626984126984127 -1 -1 -1 -1 -1 -1 
0,602727272727273 0,707368421052632 -0,552 0,426984126984127 0,641269841269841 -1 -1 -1 -1 -1 -1 
0,595454545454545 0,716842105263157 -0,848 0,392857142857143 0,607142857142857 -1 1 -1 -1 -1 -1 
0,641818181818182 0,68842105263158 -0,488 0,43015873015873 0,644444444444444 -1 -1 -1 -1 -1 -1 
0,526363636363636 0,697894736842105 -0,712 0,401587301587302 0,615873015873016 -1 -1 -1 -1 -1 -1 
0,592727272727273 0,666315789473684 -0,768 0,462698412698413 0,676984126984127 -0,984 -1 1 -1 -1 -1 
0,540909090909091 0,612631578947369 -0,496 0,412698412698413 0,626984126984127 -1 -1 1 -1 -1 -1 
0,638181818181818 0,572631578947368 -0,4 0,473015873015873 0,687301587301587 -0,984 -1 1 -1 -1 -1 
0,686363636363636 0,5 -0,32 0,498412698412698 0,712698412698413 -0,92 -1 1 -1 -1 -1 
0,605454545454545 0,630526315789475 -0,8 0,414285714285714 0,628571428571429 -1 1 -1 -1 -1 -1 
0,622727272727273 0,647368421052632 -0,512 0,446825396825397 0,661111111111111 -1 -1 -1 -1 -1 -1 
0,626363636363636 0,608421052631578 -0,2 0,453968253968254 0,668253968253968 -1 -1 -1 -1 -1 -1 
0,680909090909091 0,55578947368421 0,112 0,53015873015873 0,744444444444444 -0,936 -1 1 -1 -1 -1 
0,678181818181818 0,554736842105264 0,312 0,565873015873016 0,78015873015873 -1 -1 -1 -1 -1 -1 
0,606363636363636 0,666315789473684 -0,536 0,425396825396825 0,63968253968254 -1 -1 -1 -1 -1 -1 
0,649090909090909 0,528421052631579 -0,632 0,438888888888889 0,653174603174603 -1 -1 1 -1 -1 -1 
0,641818181818182 0,421052631578947 0,28 0,482539682539682 0,696825396825397 -0,96 -1 1 -1 -1 1 
0,623636363636364 0,434736842105263 0,776 0,478571428571429 0,692857142857143 -0,952 -1 1 -1 -1 -1 
0,64 0,465263157894737 -0,0640000000000001 0,492857142857143 0,707142857142857 -0,812 -1 1 -1 -1 -1 
0,573636363636364 0,539999999999999 -0,4 0,435714285714286 0,65 -1 -1 1 1 -1 -1 
0,586363636363636 0,623157894736843 -0,496 0,41031746031746 0,624603174603175 -1 -1 -1 -1 -1 -1 
0,681818181818182 0,554736842105264 -0,088 0,496031746031746 0,71031746031746 -1 -1 1 -1 -1 -1 
0,695454545454545 0,44421052631579 0,528 0,551587301587302 0,765873015873016 -0,92 -1 1 -1 -1 -1 
0,640909090909091 0,424210526315789 0,224 0,501587301587302 0,715873015873016 -0,984 -1 1 -1 -1 -1 
0,601818181818182 0,528421052631579 0,28 0,503968253968254 0,718253968253968 -0,996 -1 1 -1 -1 -1 
0,636363636363636 0,531578947368421 -0,128 0,446825396825397 0,661111111111111 -1 -1 -1 -1 -1 -1 
0,579090909090909 0,590526315789474 0,0720000000000001 0,46031746031746 0,674603174603175 -0,992 -1 1 -1 -1 -1 
0,560909090909091 0,471578947368421 -0,304 0,414285714285714 0,628571428571429 -1 -1 -1 -1 -1 -1 
0,557272727272727 0,36421052631579 -0,32 0,424603174603175 0,638888888888889 -1 -1 -1 -1 -1 -1 
0,556363636363636 0,690526315789473 -0,456 0,411111111111111 0,625396825396825 -1 -1 -1 -1 -1 -1 
0,554545454545455 0,703157894736842 -0,104 0,396825396825397 0,611111111111111 -1 -1 -1 1 -1 -1 
0,469090909090909 0,589473684210526 -0,104 0,346031746031746 0,56031746031746 -0,992 -1 -1 1 -1 -1 
0,489090909090909 0,432631578947369 -0,224 0,358730158730159 0,573015873015873 -1 -1 -1 -1 -1 -1 
0,548181818181818 0,421052631578947 -0,4 0,412698412698413 0,626984126984127 -0,984 -1 1 -1 -1 -1 
0,442727272727273 0,672631578947369 -0,576 0,274603174603175 0,488888888888889 -1 -1 -1 -1 -1 -1 
0,512727272727273 0,556842105263158 -0,456 0,321428571428571 0,535714285714286 -1 -1 1 -1 -1 -1 
0,567272727272727 0,590526315789474 -0,16 0,437301587301587 0,651587301587301 -0,984 -1 1 -1 -1 -1 
0,553636363636364 0,537894736842106 0,0720000000000001 0,425396825396825 0,63968253968254 -0,968 -1 1 1 -1 -1 
0,600909090909091 0,561052631578947 0,312 0,492857142857143 0,707142857142857 -1 -1 1 -1 -1 -1 
0,520909090909091 0,617894736842106 -0,552 0,391269841269841 0,605555555555556 -0,984 -1 1 1 -1 -1 
0,523636363636364 0,593684210526316 -0,496 0,373015873015873 0,587301587301587 -1 1 -1 1 -1 -1 
0,518181818181818 0,523157894736843 -0,4 0,396031746031746 0,61031746031746 -1 -1 -1 1 -1 -1 
0,543636363636364 0,557894736842105 -0,648 0,43015873015873 0,644444444444444 -1 -1 1 1 -1 -1 
0,543636363636364 0,594736842105263 -0,632 0,387301587301587 0,601587301587302 -1 -1 -1 -1 -1 -1 
0,512727272727273 0,698947368421054 -0,552 0,391269841269841 0,605555555555556 -1 -1 -1 1 -1 -1 
0,482727272727273 0,734736842105263 -0,456 0,367460317460317 0,581746031746032 -1 -1 -1 -1 -1 -1 
0,45 0,716842105263157 -0,464 0,391269841269841 0,605555555555556 -1 -1 -1 -1 -1 -1 
0,485454545454545 0,720000000000001 -0,744 0,368253968253968 0,582539682539683 -1 -1 -1 -1 -1 -1 
0,511818181818182 0,661052631578947 -0,752 0,368253968253968 0,582539682539683 -1 -1 -1 -1 -1 -1 
0,555454545454545 0,415789473684211 -0,336 0,448412698412698 0,662698412698413 -0,988 -1 -1 -1 -1 -1 
0,560909090909091 0,265263157894737 -0,264 0,428571428571429 0,642857142857143 -0,992 -1 1 1 -1 -1 
0,551818181818182 0,321052631578947 -0,24 0,421428571428571 0,635714285714286 -0,976 -1 1 1 -1 -1 
0,523636363636364 0,406315789473684 -0,144 0,403968253968254 0,618253968253968 -0,98 -1 1 1 1 -1 
0,507272727272727 0,515789473684211 0,184 0,417460317460317 0,631746031746032 -0,988 -1 -1 1 -1 -1 
0,620909090909091 0,475789473684211 -0,728 0,464285714285714 0,678571428571429 -0,988 -1 1 -1 -1 -1 
0,560909090909091 0,543157894736842 -0,104 0,446825396825397 0,661111111111111 -0,904 -1 1 -1 -1 -1 
0,519090909090909 0,623157894736843 -0,608 0,417460317460317 0,631746031746032 -1 -1 -1 -1 -1 -1 
0,511818181818182 0,626315789473684 -0,376 0,38968253968254 0,603968253968254 -1 -1 -1 -1 -1 -1 
0,530909090909091 0,643157894736841 -0,4 0,396031746031746 0,61031746031746 -1 -1 -1 -1 -1 -1 
0,517272727272727 0,62 -0,096 0,407142857142857 0,621428571428571 -0,98 -1 1 1 1 -1 
0,549090909090909 0,642105263157895 -0,032 0,41984126984127 0,634126984126984 -0,988 -1 1 1 1 -1 
0,619090909090909 0,54421052631579 0,416 0,505555555555556 0,71984126984127 -0,988 -1 1 -1 -1 -1 
0,687272727272727 0,491578947368422 0,528 0,525396825396825 0,73968253968254 -0,976 -1 1 -1 -1 -1 
0,684545454545455 0,44421052631579 0,32 0,482539682539682 0,696825396825397 -0,78 -1 1 -1 1 -1 
0,549090909090909 0,642105263157895 -0,032 0,41984126984127 0,634126984126984 -0,988 -1 1 1 1 -1 
0,619090909090909 0,54421052631579 0,416 0,505555555555556 0,71984126984127 -0,988 -1 1 -1 -1 -1 
0,687272727272727 0,491578947368422 0,528 0,525396825396825 0,73968253968254 -0,976 -1 1 -1 -1 -1 
0,684545454545455 0,44421052631579 0,32 0,482539682539682 0,696825396825397 -0,78 -1 1 -1 1 -1 
0,53 0,591578947368422 -0,24 0,428571428571429 0,642857142857143 -0,972 -1 1 1 -1 -1 
0,483636363636364 0,449473684210527 -0,608 0,353968253968254 0,568253968253968 -1 -1 -1 -1 -1 -1 
0,468181818181818 0,394736842105263 -0,328 0,318253968253968 0,532539682539683 -1 -1 -1 -1 -1 -1 
0,533636363636364 0,336842105263158 -0,568 0,408730158730159 0,623015873015873 -1 -1 -1 -1 -1 -1 
0,537272727272727 0,373684210526316 -0,536 0,401587301587302 0,615873015873016 -0,988 -1 1 -1 -1 -1 
0,558181818181818 0,333684210526316 -0,68 0,403174603174603 0,617460317460317 -0,988 1 -1 1 -1 -1 
0,468181818181818 0,394736842105263 -0,328 0,318253968253968 0,532539682539683 -1 -1 -1 -1 -1 -1 
0,533636363636364 0,336842105263158 -0,568 0,408730158730159 0,623015873015873 -1 -1 -1 -1 -1 -1 
0,537272727272727 0,373684210526316 -0,536 0,401587301587302 0,615873015873016 -0,988 -1 1 -1 -1 -1 
0,558181818181818 0,333684210526316 -0,68 0,403174603174603 0,617460317460317 -0,988 1 -1 1 -1 -1 
0,570909090909091 0,36 -0,536 0,425396825396825 0,63968253968254 -0,892 -1 1 1 -1 -1 
0,570909090909091 0,422105263157895 -0,648 0,424603174603175 0,638888888888889 -0,812 -1 1 1 -1 -1 
0,595454545454545 0,386315789473685 0,032 0,426984126984127 0,641269841269841 -0,976 -1 1 1 1 -1 
0,495454545454545 0,513684210526315 0,024 0,392857142857143 0,607142857142857 -0,984 -1 -1 1 -1 -1 
0,493636363636364 0,483157894736842 -0,64 0,35 0,564285714285714 -1 -1 -1 -1 -1 -1 
0,553636363636364 0,387368421052631 -0,432 0,403174603174603 0,617460317460317 -0,988 -1 1 1 -1 -1 
0,517272727272727 0,604210526315789 -0,456 0,412698412698413 0,626984126984127 -1 -1 -1 -1 -1 -1 
0,491818181818182 0,647368421052632 -0,696 0,385714285714286 0,6 -1 -1 -1 -1 -1 -1 
0,536363636363636 0,646315789473685 -0,424 0,408730158730159 0,623015873015873 -0,968 -1 -1 1 -1 -1 
0,567272727272727 0,641052631578948 -0,48 0,428571428571429 0,642857142857143 -0,992 -1 1 1 -1 -1 
0,571818181818182 0,638947368421053 -0,448 0,431746031746032 0,646031746031746 -1 -1 -1 -1 -1 -1 
0,461818181818182 0,471578947368421 -0,664 0,335714285714286 0,55 -1 -1 1 1 -1 -1 
0,514545454545455 0,462105263157895 -0,832 0,367460317460317 0,581746031746032 -0,992 -1 -1 1 -1 -1 
0,505454545454545 0,497894736842105 -0,408 0,385714285714286 0,6 -1 -1 -1 1 -1 -1 
0,506363636363636 0,470526315789474 -0,432 0,367460317460317 0,581746031746032 -0,984 -1 -1 1 -1 -1 
0,555454545454545 0,456842105263158 -0,632 0,412698412698413 0,626984126984127 -0,92 -1 -1 1 -1 -1 
0,568181818181818 0,394736842105263 -0,456 0,438888888888889 0,653174603174603 -1 -1 -1 -1 -1 -1 
0,563636363636364 0,430526315789473 -0,536 0,417460317460317 0,631746031746032 -1 -1 -1 -1 -1 -1 
0,551818181818182 0,451578947368421 -0,688 0,392857142857143 0,607142857142857 -1 -1 -1 -1 -1 -1 
0,567272727272727 0,52 -0,496 0,431746031746032 0,646031746031746 -0,968 -1 1 1 -1 -1 
0,540909090909091 0,62 -0,608 0,412698412698413 0,626984126984127 -0,996 -1 -1 1 -1 -1 
0,469090909090909 0,533684210526316 -0,576 0,367460317460317 0,581746031746032 -1 -1 -1 1 -1 -1 
0,446363636363636 0,532631578947369 -0,48 0,321428571428571 0,535714285714286 -0,968 -1 -1 1 -1 -1 
0,433636363636364 0,437894736842106 -0,36 0,303968253968254 0,518253968253968 -1 -1 -1 -1 -1 -1 
0,483636363636364 0,378947368421053 -0,592 0,337301587301587 0,551587301587302 -0,992 -1 1 1 1 -1 
0,45 0,412631578947369 -0,304 0,35 0,564285714285714 -1 -1 -1 -1 -1 -1 
0,477272727272727 0,476842105263157 -0,36 0,38015873015873 0,594444444444444 -1 -1 -1 1 -1 -1 
0,530909090909091 0,532631578947369 -0,496 0,398412698412698 0,612698412698413 -0,96 -1 1 1 1 -1 
0,472727272727273 0,53578947368421 -0,472 0,298412698412698 0,512698412698413 -0,92 1 -1 1 -1 -1 
0,511818181818182 0,373684210526316 -0,456 0,358730158730159 0,573015873015873 -0,984 -1 -1 1 -1 -1 
0,567272727272727 0,384210526315789 -0,808 0,412698412698413 0,626984126984127 -0,936 1 1 1 -1 -1 
0,412727272727273 0,721052631578947 -0,632 0,23968253968254 0,453968253968254 -1 -1 -1 -1 -1 -1 
0,48 0,681052631578948 -0,592 0,373015873015873 0,587301587301587 -0,964 -1 -1 1 -1 -1 
0,511818181818182 0,630526315789475 -0,632 0,385714285714286 0,6 -0,996 -1 -1 1 -1 -1 
0,543636363636364 0,630526315789475 -0,712 0,403968253968254 0,618253968253968 -0,968 -1 -1 1 -1 -1 
0,555454545454545 0,626315789473684 -0,608 0,421428571428571 0,635714285714286 -0,976 -1 1 1 -1 -1 
0,572727272727273 0,513684210526315 -0,744 0,437301587301587 0,651587301587301 -1 -1 -1 -1 -1 -1 
0,565454545454545 0,545263157894736 -0,416 0,412698412698413 0,626984126984127 -1 -1 -1 -1 -1 -1 
0,597272727272727 0,504210526315789 -0,336 0,418253968253968 0,632539682539683 -0,936 -1 1 -1 -1 -1 
0,500909090909091 0,575789473684211 -0,128 0,375396825396825 0,58968253968254 -1 -1 -1 -1 -1 -1 
0,514545454545455 0,509473684210526 -0,0479999999999999 0,381746031746032 0,596031746031746 -1 -1 -1 -1 -1 -1 
0,527272727272727 0,554736842105264 -0,712 0,396031746031746 0,61031746031746 -0,932 -1 -1 1 -1 -1 
0,485454545454545 0,552631578947368 -0,552 0,353174603174603 0,567460317460317 -0,924 -1 -1 1 -1 -1 
0,49 0,615789473684211 -0,104 0,357142857142857 0,571428571428571 -0,996 -1 -1 1 -1 -1 
0,473636363636364 0,618947368421052 -0,24 0,344444444444444 0,558730158730159 -0,992 -1 -1 1 -1 -1 
0,530909090909091 0,609473684210526 -0,496 0,388888888888889 0,603174603174603 -0,904 -1 -1 1 -1 -1 
0,450909090909091 0,414736842105263 -0,688 0,341269841269841 0,555555555555556 -0,904 -1 1 1 -1 -1 
0,443636363636364 0,465263157894737 -0,376 0,321428571428571 0,535714285714286 38,996 -1 -1 1 -1 -1 
0,375454545454545 0,5 -0,408 0,296825396825397 0,511111111111111 38,996 -1 -1 1 -1 -1 
0,370909090909091 0,505263157894737 -0,496 0,228571428571429 0,442857142857143 -1 -1 -1 -1 -1 -1 
0,397272727272727 0,528421052631579 -1 0,288888888888889 0,503174603174603 -1 -1 -1 1 -1 -1 
0,366363636363636 0,527368421052632 -0,512 0,231746031746032 0,446031746031746 -1 -1 -1 1 -1 -1 
0,363636363636364 0,554736842105264 -0,592 0,198412698412698 0,412698412698413 -1 -1 -1 1 -1 -1 
0,323636363636364 0,64 -0,504 0,16031746031746 0,374603174603175 -1 -1 -1 1 -1 -1 
0,310909090909091 0,746315789473685 -0,792 0,171428571428571 0,385714285714286 -1 -1 -1 1 -1 -1 
0,286363636363636 0,761052631578947 -0,936 0,135714285714286 0,35 -1 -1 -1 -1 -1 -1 
0,555454545454545 0,501052631578948 -0,624 0,403174603174603 0,617460317460317 -0,888 -1 1 1 -1 -1 
0,407272727272727 0,649473684210527 -0,344 0,33968253968254 0,553968253968254 -0,996 -1 -1 -1 -1 -1 
0,354545454545455 0,575789473684211 -0,312 0,285714285714286 0,5 -1 -1 -1 -1 -1 -1 
0,35 0,622105263157894 -0,376 0,253174603174603 0,467460317460317 -1 -1 -1 1 -1 -1 
0,38 0,64 -0,304 0,298412698412698 0,512698412698413 -1 -1 -1 1 -1 -1 
0,554545454545455 0,613684210526315 -0,224 0,41984126984127 0,634126984126984 -1 -1 -1 -1 -1 -1 
0,549090909090909 0,518947368421052 0,136 0,435714285714286 0,65 -0,996 -1 1 1 -1 -1 
0,569090909090909 0,517894736842106 -0,104 0,43968253968254 0,653968253968254 -0,96 -1 1 1 -1 -1 
0,577272727272727 0,475789473684211 -0,272 0,435714285714286 0,65 -0,936 -1 1 1 -1 -1 
0,477272727272727 0,632631578947367 -0,536 0,378571428571429 0,592857142857143 -0,996 -1 -1 1 -1 -1 
0,546363636363636 0,577894736842105 -0,168 0,391269841269841 0,605555555555556 -0,932 -1 -1 1 -1 -1 
0,552727272727273 0,585263157894737 -0,44 0,396031746031746 0,61031746031746 -0,936 -1 -1 1 -1 -1 
0,500909090909091 0,52 -0,28 0,38015873015873 0,594444444444444 -0,98 -1 -1 1 -1 -1 
0,441818181818182 0,507368421052632 -0,712 0,215873015873016 0,43015873015873 -1 1 -1 -1 -1 -1 
0,474545454545455 0,56421052631579 -0,648 0,337301587301587 0,551587301587302 -1 -1 -1 -1 -1 -1 
