124150 99999  19860921    59.2  4    45.7  4  1022.5  4  9999.9  0    9.0  4   10.7  4   11.7  999.9    66.2*   52.0*  0.00I 999.9  000000 
124150 99999  19860922    58.0  6    49.6  6  1019.1  6  9999.9  0    5.5  5   12.0  6   15.5  999.9    63.7    54.1*  0.00E 999.9  010000 
124150 99999  19860923    55.5  8    52.9  7  1019.4  8  9999.9  0    2.9  8    8.5  8    9.7  999.9    57.7    53.6   0.04E 999.9  010000 
124150 99999  19860924    56.5  6    49.6  6  1018.9  6  9999.9  0    4.9  6    8.4  6   11.7  999.9    59.5*   52.5   0.00C 999.9  000000 
124150 99999  19860925    46.5  7    39.8  7  1022.4  7  9999.9  0    6.8  7    2.2  7    5.8  999.9    55.8*   36.5   0.00C 999.9  100000 
124150 99999  19860926    46.4  5    40.1  5  1022.6  5  9999.9  0    4.2  5    4.7  5    7.8  999.9    55.9*   33.8   0.00B 999.9  000000 
124150 99999  19860927    51.3  8    46.2  8  1024.5  8  9999.9  0    3.8  8    2.2  8    3.9  999.9    56.3*   48.0*  0.00D 999.9  010000 
124150 99999  19860928    45.2  7    44.1  7  1031.9  7  9999.9  0    1.3  7    1.4  7    5.8  999.9    51.1*   39.9   0.00B 999.9  100000 
124150 99999  19860929    54.1  8    45.8  8  1030.2  7  9999.9  0    3.6  8    7.5  8   13.6  999.9    66.2    37.8   0.00C 999.9  100000 
124150 99999  19860930    53.4  7    45.7  7  1031.3  7  9999.9  0    6.9  7    6.4  7    9.7  999.9    61.7    45.1*  0.00C 999.9  000000 
124150 99999  19861001    54.5  6    40.8  6  1028.5  6  9999.9  0    6.8  5    1.6  6    5.8  999.9    69.3*   38.1   0.00B 999.9  000000 
124150 99999  19861002    60.0  7    46.0  7  1020.5  7  9999.9  0    7.8  7    7.2  7   13.6  999.9    69.8    43.2   0.00C 999.9  000000 
124150 99999  19861003    55.3  6    47.6  6  1022.7  6  9999.9  0    4.9  6    9.4  6   11.7  999.9    58.8*   51.8*  0.00B 999.9  000000 
124150 99999  19861004    48.4  8    39.4  8  1025.2  8  9999.9  0    8.4  8    8.5  8   11.7  999.9    55.8    39.7*  0.00D 999.9  000000 
124150 99999  19861005    45.1  8    37.3  8  1029.4  8  9999.9  0    9.3  8    2.2  8    3.9  999.9    54.7    35.6   0.00C 999.9  000000 
124150 99999  19861006    49.0  7    46.0  6  1024.6  7  9999.9  0    4.5  7    1.9  7    9.7  999.9    62.2    39.2   0.20C 999.9  000000 
124150 99999  19861007    56.3  8    50.0  8  1022.5  8  9999.9  0    5.2  8    8.0  8   11.7  999.9    59.9    54.1   0.00D 999.9  000000 
124150 99999  19861008    54.2  8    51.0  8  1019.6  8  9999.9  0    5.7  8    9.5  8   13.6  999.9    56.5    52.2*  0.01G 999.9  010000 
124150 99999  19861009    52.8  8    48.2  8  1023.0  8  9999.9  0    3.8  8    1.5  8    3.9  999.9    58.3    49.3   0.00G 999.9  100000 
124150 99999  19861010    53.4  7    45.7  7  1020.9  7  9999.9  0    5.5  7    1.9  7    3.9  999.9    64.4*   44.6   0.00C 999.9  000000 
124150 99999  19861011    50.0  5    45.3  5  1022.8  5  9999.9  0    2.7  5    2.3  5    7.8  999.9    62.4*   37.0   0.00A 999.9  000000 
124150 99999  19861012    48.4  5    44.7  5  1032.4  5  9999.9  0    3.2  5    3.1  5    7.8  999.9    57.7*   41.5*  0.00A 999.9  100000 
124150 99999  19861013    48.5  7    42.3  6  1030.9  7  9999.9  0    4.8  7    5.8  7    9.7  999.9    61.9    39.7*  0.00B 999.9  000000 
124150 99999  19861014    54.8  8    43.6  6  1026.1  8  9999.9  0    5.6  8    8.3  8   13.6  999.9    65.5    44.4   0.00C 999.9  000000 
124150 99999  19861015    52.0  8    38.0  8  1025.1  8  9999.9  0    5.1  8    6.8  8   11.7  999.9    65.5    36.5   0.00D 999.9  000000 
124150 99999  19861016    54.0  8    37.7  7  1025.6  8  9999.9  0    7.8  8    7.8  8   13.6  999.9    66.2    44.2*  0.00D 999.9  000000 
124150 99999  19861017    48.6  8    43.4  7  1026.7  8  9999.9  0    2.4  8    4.6  8    7.8  999.9    57.2    36.3   0.00C 999.9  000000 
124150 99999  19861018    46.1  9    44.5  8  1021.1  8  9999.9  0    1.1  9    4.7  9   11.7  999.9    50.4*   41.7*  0.00D 999.9  000000 
124150 99999  19861019    51.9 10    41.2  9  1006.0 10  9999.9  0    5.6 10    9.7 10   15.5  999.9    57.4*   38.8   0.00D 999.9  010000 
124150 99999  19861020    49.0  7    43.4  7  1000.5  7  9999.9  0   11.4  7   10.5  7   31.1  999.9    56.5    43.5   0.02G 999.9  010000 
124150 99999  19861021    47.0  9    39.0  8  1001.7  8  9999.9  0   11.7  9   19.9  9   31.1  999.9    51.3*   43.9*  0.00G 999.9  010000 
124150 99999  19861022    50.4  5    46.3  5   995.2  5  9999.9  0   10.9  5    8.9  5   13.6  999.9    60.8*   44.8  99.99  999.9  010000 
124150 99999  19861023    49.4  7    43.4  7   997.1  7  9999.9  0   12.4  7    8.6  7   13.6  999.9    52.5*   42.3*  0.00A 999.9  010000 
124150 99999  19861024    43.6 10    34.8  8  1014.2 10  9999.9  0   11.2 10   10.7 10   17.5  999.9    49.8    37.2*  0.00D 999.9  000000 
124150 99999  19861025    43.3  9    34.9  8  1013.2  8  9999.9  0    9.7  9    9.5  9   19.4  999.9    52.2    33.3   0.00D 999.9  000000 
124150 99999  19861026    47.8  8    39.8  7  1016.0  8  9999.9  0   10.1  8    9.5  8   17.5  999.9    53.6*   44.2   0.00C 999.9  000000 
124150 99999  19861027    44.8  7    40.4  7  1029.0  7  9999.9  0    4.0  7    5.6  7    9.7  999.9    48.6    36.9*  0.00G 999.9  010000 
124150 99999  19861028    43.6  8    38.3  8  1028.2  8  9999.9  0    4.4  8    3.2  8    7.8  999.9    55.6    32.7   0.00D 999.9  000000 
124150 99999  19861029    44.1  9    41.6  7  1020.4  9  9999.9  0    1.8  9    2.4  9    9.7  999.9    55.8*   34.9   0.00H 999.9  010000 
124150 99999  19861030    42.0  9    40.4  8  1026.0  9  9999.9  0    3.1  9    4.3  9    7.8  999.9    48.7    34.2*  0.00B 999.9  100000 
124150 99999  19861031    41.1  7    36.7  7  1019.0  7  9999.9  0    4.7  7    4.2  7    7.8  999.9    51.3*   29.3   0.00C 999.9  000000 
124150 99999  19870921    58.3  6    51.9  6  1020.3  6  9999.9  0    4.7  6    5.2  6    7.8  999.9    64.4    51.3*  0.00B 999.9  000000 
124150 99999  19870922    64.6  7    57.0  7  1016.9  7  9999.9  0    4.1  7    6.7  7   13.6  999.9    76.8*   53.2   0.00C 999.9  000000 
124150 99999  19870923    66.0  6    59.0  6  1012.9  6  9999.9  0    4.6  6    3.9  6    7.8  999.9    80.1*   59.5   0.00H 999.9  010010 
124150 99999  19870924    60.5  6    55.9  5  1005.3  6  9999.9  0    8.9  6   10.4  6   17.5  999.9    64.9*   51.8*  0.01A 999.9  010000 
124150 99999  19870925    53.3  8    46.0  8  1007.9  8  9999.9  0   12.4  8    8.7  8   17.5  999.9    59.4*   46.0*  0.01E 999.9  000000 
124150 99999  19870926    50.6  8    45.4  8  1007.8  8  9999.9  0    8.2  8    3.2  8    5.8  999.9    58.5    42.1   0.00E 999.9  000000 
124150 99999  19870927    49.2  7    43.9  7  1012.6  7  9999.9  0    8.3  7    8.0  7   13.6  999.9    52.5    46.9   0.04E 999.9  000000 
124150 99999  19870928    48.1  6    41.8  6  1020.5  6  9999.9  0   11.2  6   12.6  6   13.6  999.9    52.7*   44.2*  0.00B 999.9  000000 
124150 99999  19870929    47.2  5    43.9  5  1023.4  5  9999.9  0    7.6  5    7.8  5   11.7  999.9    48.9*   46.2*  0.00H 999.9  010000 
124150 99999  19870930    47.9  8    43.6  8  1029.6  8  9999.9  0    6.5  8    4.1  8    5.8  999.9    54.1    44.4   0.00E 999.9  000000 
124150 99999  19871001    43.5  9    41.3  8  1033.2  9  9999.9  0    3.5  9    2.8  9    3.9  999.9    49.8    37.9*  0.00D 999.9  100000 
124150 99999  19871002    42.2  7    37.5  7  1036.4  7  9999.9  0    4.9  7    4.2  7    9.7  999.9    53.2*   32.0   0.00C 999.9  100000 
124150 99999  19871003    43.3  8    39.6  8  1035.8  8  9999.9  0    2.8  8    5.8  8   11.7  999.9    55.8    34.5   0.00D 999.9  100000 
124150 99999  19871004    43.3  6    38.6  6  1029.2  6  9999.9  0    3.7  6    6.2  6    9.7  999.9    57.6*   34.0   0.00B 999.9  000000 
124150 99999  19871005    55.2  9    42.0  7  1018.6  9  9999.9  0    5.9  9   10.8  9   13.6  999.9    63.3    40.8   0.00D 999.9  000000 
124150 99999  19871006    59.5  8    49.3  8  1007.7  8  9999.9  0    5.9  8    8.0  8   11.7  999.9    65.8    48.7   0.00E 999.9  010000 
124150 99999  19871007    59.6  8    49.2  8  1010.5  8  9999.9  0    8.5  8    8.3  8   13.6  999.9    64.9*   52.2*  0.00D 999.9  000000 
124150 99999  19871008    55.9  7    50.0  7  1004.8  7  9999.9  0    5.7  7    7.5  7   13.6  999.9    68.5    48.7   0.08E 999.9  010000 
124150 99999  19871009    50.1  7    39.1  7  1017.1  6  9999.9  0   15.1  7    8.3  7   13.6  999.9    56.5    41.5*  0.00E 999.9  000000 
124150 99999  19871010    56.1  7    47.1  7  1013.4  7  9999.9  0    6.0  7   10.0  7   19.4  999.9    67.1    39.0   0.00C 999.9  000000 
124150 99999  19871011    60.6  8    53.5  7  1007.2  7  9999.9  0    5.0  8    7.8  8   11.7  999.9    70.5    50.4*  0.00D 999.9  000000 
124150 99999  19871012    61.4  8    52.0  8  1002.9  8  9999.9  0    5.6  8   10.0  8   11.7  999.9    74.1*   50.7*  0.00E 999.9  010000 
124150 99999  19871013    47.8  9    41.2  8  1011.3  9  9999.9  0    7.5  9    6.0  9   11.7  999.9    57.0    42.3*  0.35E 999.9  010000 
124150 99999  19871014    49.1  9    42.3  7  1013.0  9  9999.9  0    6.2  9    2.4  9    5.8  999.9    61.3    36.1   0.00D 999.9  000000 
124150 99999  19871015    49.7  7    44.2  7  1009.3  7  9999.9  0    5.6  7    7.8  7   13.6  999.9    59.5*   40.5   0.00C 999.9  000000 
124150 99999  19871016    58.3  6    51.6  6  1008.1  6  9999.9  0    7.9  6    6.8  6    9.7  999.9    66.6*   51.1   0.00B 999.9  000000 
124150 99999  19871017    55.0  8    52.3  8  1017.7  8  9999.9  0    3.5  8    4.4  7    7.8  999.9    58.1    51.6   0.08E 999.9  010000 
124150 99999  19871018    51.8  8    47.9  8  1024.1  8  9999.9  0    6.4  8    9.4  7   11.7  999.9    56.1    47.3*  0.16E 999.9  010000 
124150 99999  19871019    47.2  6    44.8  6  1026.4  6  9999.9  0    2.7  6    3.6  6    7.8  999.9    51.1*   45.3*  0.00B 999.9  000000 
124150 99999  19871020    49.8  7    48.3  7  1023.7  7  9999.9  0    1.3  7    5.2  6    7.8  999.9    52.2*   47.1   0.02E 999.9  010000 
124150 99999  19871021    46.9  8    45.2  8  1021.9  7  9999.9  0    1.2  8    4.6  8    7.8  999.9    50.7*   40.5*  0.00E 999.9  110000 
124150 99999  19871022    46.6  6    45.7  6  1021.0  5  9999.9  0    1.3  6    3.9  6    5.8  999.9    52.9*   39.7   0.02E 999.9  110000 
124150 99999  19871023    49.6  8    47.6  8  1022.1  8  9999.9  0    2.6  8    3.2  8    3.9  999.9    51.3*   47.8   0.04F 999.9  010000 
124150 99999  19871024    52.6  4    47.8  4  1021.5  4  9999.9  0    3.7  4    5.3  4    7.8  999.9    57.2*   50.5*  0.00A 999.9  010000 
124150 99999  19871025    48.1  7    44.2  6  1028.3  6  9999.9  0    4.3  7    6.4  7    7.8  999.9    50.5*   44.8*  0.00B 999.9  000000 
124150 99999  19871026    42.7  7    40.0  7  1034.8  7  9999.9  0    3.5  7    5.0  7    7.8  999.9    44.2*   37.9*  0.00C 999.9  000000 
124150 99999  19871027    42.6  6    38.1  6  1034.4  5  9999.9  0    4.5  5   10.0  6   15.5  999.9    47.7*   35.6   0.00H 999.9  010000 
124150 99999  19871028    39.3  8    35.7  8  1030.5  8  9999.9  0    3.8  8   10.7  8   13.6  999.9    48.7    32.7*  0.00D 999.9  000000 
124150 99999  19871029    39.8  6    32.1  6  1028.6  6  9999.9  0    5.7  6    9.4  6   13.6  999.9    48.7    32.9*  0.00B 999.9  000000 
124150 99999  19871030    36.1  6    29.3  6  1026.6  6  9999.9  0    2.6  6    9.1  6    9.7  999.9    45.5*   29.8   0.00C 999.9  000000 
124150 99999  19871031    32.5  6    27.9  6  1025.6  5  9999.9  0    2.5  6    6.2  6    9.7  999.9    41.4*   26.4   0.00C 999.9  000000 
124150 99999  19880921    53.7  7    48.8  7  1020.9  7  9999.9  0    2.8  7    2.8  7    5.8  999.9    56.7    51.1   0.00D 999.9  000000 
124150 99999  19880922    53.7  8    50.0  8  1017.1  8  9999.9  0    2.9  8    4.4  8    7.8  999.9    58.6    50.5   0.00D 999.9  000000 
124150 99999  19880923    57.6  8    51.3  8  1010.2  8  9999.9  0    5.4  8    6.6  8    9.7  999.9    68.5    46.0   0.00E 999.9  010000 
124150 99999  19880924    58.9  7    43.4  7  1010.7  7  9999.9  0   12.4  7   14.2  7   17.5  999.9    63.9*   49.8   0.02E 999.9  010000 
124150 99999  19880925    54.9  8    50.0  8  1017.6  8  9999.9  0    9.3  8    8.3  8   11.7  999.9    59.4    49.8   0.14F 999.9  010000 
124150 99999  19880926    62.6  8    54.8  8  1019.9  8  9999.9  0   11.7  8   10.0  8   17.5  999.9    70.7    50.0   0.02E 999.9  010000 
124150 99999  19880927    63.2  8    54.7  8  1021.0  8  9999.9  0   10.7  8    7.8  8    9.7  999.9    72.1    56.7*  0.00D 999.9  000000 
124150 99999  19880928    62.7  7    52.4  7  1014.9  7  9999.9  0   10.4  6    6.9  7    9.7  999.9    77.9    52.9   0.00C 999.9  000000 
124150 99999  19880929    61.2  8    51.8  8  1015.4  8  9999.9  0   10.9  8    8.3  8   15.5  999.9    69.8    55.0*  0.02E 999.9  010000 
124150 99999  19880930    51.1  5    47.8  5  1026.2  4  9999.9  0    6.6  5    3.9  5    7.8  999.9    52.5    49.8   0.83F 999.9  010000 
124150 99999  19881001    49.8  8    46.1  8  1033.9  8  9999.9  0    3.5  8    0.7  8    1.9  999.9    56.5    42.4*  0.00D 999.9  100000 
124150 99999  19881002    45.3  6    42.3  6  1035.1  6  9999.9  0    2.4  6    2.9  6    7.8  999.9    57.9    37.8   0.00C 999.9  100000 
124150 99999  19881003    47.1  7    42.1  7  1029.9  7  9999.9  0    4.6  7    6.4  7    9.7  999.9    60.1    38.7   0.00D 999.9  000000 
124150 99999  19881004    51.6  7    43.0  7  1022.2  7  9999.9  0    7.5  7    6.1  7    9.7  999.9    65.8    39.0   0.00D 999.9  000000 
124150 99999  19881005    55.3  8    45.3  8  1014.6  8  9999.9  0    6.0  8    8.3  8   13.6  999.9    66.0    42.3   0.00D 999.9  000000 
124150 99999  19881006    56.2  8    47.3  8  1006.0  7  9999.9  0    8.9  8    8.5  8   11.7  999.9    62.6    52.7*  0.04E 999.9  010000 
124150 99999  19881007    53.5  9    45.5  8   997.6  9  9999.9  0   14.5  9   11.4  9   19.4  999.9    57.6    49.8   0.02E 999.9  010000 
124150 99999  19881008    50.1  8    38.9  8  1003.4  8  9999.9  0   17.1  8   16.5  8   23.3  999.9    54.0    45.7   0.00E 999.9  010000 
124150 99999  19881009    53.6  7    43.2  7  1008.6  7  9999.9  0   17.8  7   13.0  7   17.5  999.9    59.0    41.5   0.00E 999.9  010000 
124150 99999  19881010    56.1  8    46.1  8  1011.5  8  9999.9  0   12.4  8   10.9  8   17.5  999.9    62.8    50.7*  0.00E 999.9  010000 
124150 99999  19881011    47.5  8    43.2  8  1020.8  8  9999.9  0    5.4  8    4.1  8    5.8  999.9    55.8    37.2   0.02E 999.9  010000 
124150 99999  19881012    56.3  8    50.6  8  1014.4  8  9999.9  0    4.3  8    7.3  8   11.7  999.9    67.3    45.3   0.00D 999.9  000000 
124150 99999  19881013    61.6  8    53.8  8  1017.0  8  9999.9  0    6.5  8    7.5  8   15.5  999.9    67.1    56.1   0.00E 999.9  010000 
124150 99999  19881014    60.9  8    54.5  8  1020.3  8  9999.9  0    3.5  8    3.9  8    5.8  999.9    73.4    50.5   0.00D 999.9  000000 
124150 99999  19881015    55.0  8    51.5  8  1025.1  8  9999.9  0    1.9  8    3.2  8    5.8  999.9    65.8    43.5   0.00D 999.9  100000 
124150 99999  19881016    53.4  7    52.1  7  1028.2  7  9999.9  0    1.3  7    4.2  7    7.8  999.9    55.9    51.6   0.00E 999.9  010000 
124150 99999  19881017    52.0  7    49.2  7  1024.1  7  9999.9  0    1.1  7    4.4  7    7.8  999.9    65.7    46.0   0.00D 999.9  100000 
124150 99999  19881018    46.0  8    45.3  8  1018.7  8  9999.9  0    0.7  8    2.4  8    3.9  999.9    51.8    39.4   0.00D 999.9  100000 
124150 99999  19881019    46.5  8    38.5  8  1018.9  8  9999.9  0    3.1  8    9.5  8   11.7  999.9    53.8*   39.9   0.00D 999.9  000000 
124150 99999  19881020    42.9  8    39.9  8  1022.9  8  9999.9  0    2.3  8    7.0  8   11.7  999.9    48.0    37.8   0.00D 999.9  000000 
124150 99999  19881021    46.9  8    42.9  8  1026.5  8  9999.9  0    2.8  8    5.8  8    7.8  999.9    54.3    41.7   0.00D 999.9  000000 
124150 99999  19881022    49.1  8    47.4  7  1025.2  8  9999.9  0    1.3  8    1.5  8    3.9  999.9    53.4    44.8   0.00F 999.9  010000 
124150 99999  19881023    50.7  9    46.9  9  1019.2  9  9999.9  0    2.8  9    3.7  9    5.8  999.9    56.8    46.0*  0.00D 999.9  100000 
124150 99999  19881024    48.9  8    44.6  8  1017.7  8  9999.9  0    2.9  8    8.3  8   11.7  999.9    52.5    45.1   0.08E 999.9  010000 
124150 99999  19881025    37.2  8    31.2  8  1028.4  8  9999.9  0    7.7  8    5.6  8    7.8  999.9    43.5*   28.4*  0.04E 999.9  010000 
124150 99999  19881026    34.0  8    23.5  8  1029.9  8  9999.9  0    6.9  8    7.5  8   13.6  999.9    44.1    23.5   0.00D 999.9  000000 
124150 99999  19881027    45.7  7    28.3  7  1017.9  7  9999.9  0    7.1  7   13.0  7   15.5  999.9    52.9    36.9   0.00C 999.9  000000 
124150 99999  19881028    47.9  8    37.5  8  1019.5  8  9999.9  0    5.9  8    6.6  8   11.7  999.9    59.9    42.8   0.00D 999.9  000000 
124150 99999  19881029    45.3  8    38.0  8  1021.7  8  9999.9  0    7.3  8    9.7  8   13.6  999.9    51.4*   38.8*  0.02F 999.9  000000 
124150 99999  19881030    33.6  7    30.8  7  1026.2  7  9999.9  0    5.1  7    6.7  7    9.7  999.9    36.7    28.8*  0.00E 999.9  001000 
124150 99999  19881031    32.4  8    29.5  8  1020.9  8  9999.9  0    7.5  8    8.0  8   13.6  999.9    39.6    22.3   0.47E 999.9  011000 





























































































































































































































































































































































































































































































































































































































































































































































































































































































