0,594545454545455 0,692631578947368 -0,712 0,428571428571429 0,642857142857143 -1 1 -1 -1 -1 -1 1 -1 1 -1 
0,586363636363636 0,642105263157895 -0,376 0,426984126984127 0,641269841269841 -1 1 -1 -1 -1 -1 1 -1 -1 1 
0,602727272727273 0,625263157894738 -0,728 0,437301587301587 0,651587301587301 -1 -1 -1 -1 -1 -1 -1 1 -1 1 
0,614545454545455 0,64421052631579 -0,744 0,434126984126984 0,648412698412698 -1 -1 -1 -1 -1 -1 1 -1 -1 1 
0,676363636363636 0,638947368421053 -0,896 0,514285714285714 0,728571428571429 -0,996 1 1 -1 -1 -1 -1 1 1 -1 
0,675454545454545 0,627368421052631 -0,552 0,524603174603175 0,738888888888889 -1 1 -1 -1 -1 -1 -1 1 -1 1 
0,654545454545455 0,614736842105263 -0,712 0,503968253968254 0,718253968253968 -1 1 -1 -1 -1 -1 -1 1 1 -1 
0,608181818181818 0,56421052631579 -0,456 0,485714285714286 0,7 -1 -1 -1 -1 -1 -1 1 -1 1 -1 
0,597272727272727 0,585263157894737 -0,744 0,453174603174603 0,667460317460317 -1 -1 -1 -1 -1 -1 -1 1 1 -1 
0,579090909090909 0,536842105263158 -0,312 0,441269841269841 0,655555555555556 -1 -1 -1 -1 -1 -1 1 -1 1 -1 
0,662727272727273 0,546315789473684 -0,304 0,524603174603175 0,738888888888889 -1 -1 -1 -1 -1 -1 -1 1 1 -1 
0,684545454545455 0,538947368421053 -0,512 0,508730158730159 0,723015873015873 -0,668 -1 1 -1 -1 -1 -1 1 1 -1 
0,639090909090909 0,587368421052631 -0,576 0,492857142857143 0,707142857142857 -1 -1 -1 -1 -1 -1 -1 1 1 -1 
0,684545454545455 0,466315789473684 -0,4 0,491269841269841 0,705555555555556 -1 -1 -1 -1 -1 -1 -1 1 1 -1 
0,690909090909091 0,427368421052632 -0,472 0,531746031746032 0,746031746031746 -0,86 -1 1 -1 -1 -1 -1 1 1 -1 
0,592727272727273 0,521052631578947 -0,264 0,444444444444444 0,658730158730159 -1 -1 -1 -1 -1 -1 1 -1 1 -1 
0,611818181818182 0,454736842105264 -0,24 0,492857142857143 0,707142857142857 -1 -1 -1 -1 -1 -1 -1 1 1 -1 
0,607272727272727 0,446315789473684 -0,32 0,481746031746032 0,696031746031746 -0,968 -1 1 -1 -1 -1 -1 1 1 -1 
0,641818181818182 0,475789473684211 -0,664 0,48015873015873 0,694444444444444 -0,98 -1 1 -1 -1 -1 -1 1 1 -1 
0,663636363636364 0,425263157894737 -0,4 0,482539682539682 0,696825396825397 -0,964 1 1 -1 -1 -1 -1 1 1 -1 
0,570909090909091 0,673684210526316 -0,688 0,432539682539683 0,646825396825397 -0,992 1 -1 -1 -1 -1 -1 1 1 -1 
0,612727272727273 0,583157894736842 -0,648 0,431746031746032 0,646031746031746 -1 -1 -1 -1 -1 -1 -1 -1 -1 -1 
0,66 0,495789473684211 -0,416 0,512698412698413 0,726984126984127 -1 -1 1 -1 -1 -1 -1 1 1 -1 
0,620909090909091 0,527368421052632 -0,536 0,476984126984127 0,691269841269841 -1 -1 1 -1 -1 -1 -1 1 -1 1 
0,595454545454545 0,568421052631579 -0,0479999999999999 0,457142857142857 0,671428571428571 -0,952 -1 1 -1 -1 -1 1 -1 1 -1 
0,646363636363636 0,54421052631579 -0,496 0,496031746031746 0,71031746031746 -1 -1 1 -1 -1 -1 -1 1 1 -1 
0,676363636363636 0,562105263157895 -0,0479999999999999 0,51984126984127 0,734126984126984 -0,992 -1 1 -1 -1 -1 -1 1 1 -1 
0,733636363636364 0,553684210526316 -0,144 0,553174603174603 0,767460317460318 -0,928 -1 1 -1 -1 -1 1 -1 -1 1 
0,729090909090909 0,541052631578947 -0,512 0,546825396825397 0,761111111111111 -1 -1 -1 -1 -1 -1 1 -1 -1 1 
0,694545454545455 0,472631578947368 -0,496 0,532539682539683 0,746825396825397 -1 -1 -1 -1 -1 -1 1 -1 -1 1 
0,603636363636364 0,626315789473684 -0,512 0,453968253968254 0,668253968253968 -1 -1 1 -1 -1 -1 1 -1 -1 1 
0,62 0,536842105263158 -0,464 0,48968253968254 0,703968253968254 -1 -1 -1 -1 -1 -1 1 -1 -1 1 
0,661818181818182 0,482105263157894 -0,336 0,525396825396825 0,73968253968254 -1 -1 -1 -1 -1 -1 1 -1 -1 1 
0,680909090909091 0,438947368421053 -0,36 0,551587301587302 0,765873015873016 -1 -1 -1 -1 -1 -1 1 -1 1 -1 
0,668181818181818 0,549473684210527 -0,376 0,496825396825397 0,711111111111111 -0,888 -1 1 -1 -1 -1 1 -1 1 -1 
0,662727272727273 0,532631578947369 -0,632 0,455555555555556 0,66984126984127 -0,904 1 1 -1 -1 -1 1 -1 1 -1 
0,71 0,446315789473684 -0,44 0,551587301587302 0,765873015873016 -0,984 -1 1 -1 -1 -1 -1 -1 -1 -1 
0,677272727272727 0,393684210526316 -0,416 0,537301587301587 0,751587301587302 -1 -1 -1 -1 -1 -1 -1 1 -1 -1 
0,655454545454545 0,336842105263158 -0,336 0,515873015873016 0,73015873015873 -1 -1 -1 -1 -1 -1 1 -1 -1 1 
0,629090909090909 0,322105263157895 -0,304 0,468253968253968 0,682539682539683 -0,888 -1 1 -1 -1 -1 1 -1 -1 1 
0,69 0,458947368421053 -0,648 0,501587301587302 0,715873015873016 -0,984 1 1 -1 -1 -1 1 -1 1 -1 
0,661818181818182 0,473684210526316 -0,744 0,474603174603175 0,688888888888889 -1 1 -1 -1 -1 -1 1 -1 1 -1 
0,666363636363636 0,488421052631579 -0,472 0,485714285714286 0,7 -1 1 -1 -1 -1 -1 1 -1 1 -1 
0,678181818181818 0,44 -0,448 0,526984126984127 0,741269841269841 -1 -1 -1 -1 -1 -1 1 -1 1 -1 
0,695454545454545 0,412631578947369 -0,712 0,525396825396825 0,73968253968254 -0,92 1 1 -1 -1 -1 1 -1 1 -1 
0,541818181818182 0,507368421052632 -0,632 0,387301587301587 0,601587301587302 -1 -1 1 -1 -1 -1 1 -1 -1 1 
0,565454545454545 0,384210526315789 -0,464 0,432539682539683 0,646825396825397 -1 -1 -1 1 -1 -1 1 -1 -1 1 
0,562727272727273 0,391578947368422 -0,32 0,426984126984127 0,641269841269841 -0,968 -1 1 1 -1 -1 1 -1 -1 1 
0,560909090909091 0,432631578947369 -0,704 0,431746031746032 0,646031746031746 -0,98 -1 1 1 -1 -1 -1 1 -1 1 
0,55 0,539999999999999 -0,592 0,41031746031746 0,624603174603175 -0,984 -1 -1 1 -1 -1 1 -1 -1 1 
0,562727272727273 0,593684210526316 -0,768 0,394444444444444 0,608730158730159 -1 1 1 -1 -1 -1 1 -1 -1 1 
0,59 0,515789473684211 -0,272 0,403174603174603 0,617460317460317 -1 -1 1 -1 -1 -1 -1 1 -1 1 
0,616363636363636 0,548421052631579 -0,28 0,476984126984127 0,691269841269841 -0,964 -1 1 -1 -1 -1 -1 1 1 -1 
0,696363636363636 0,478947368421053 0,0959999999999999 0,482539682539682 0,696825396825397 -0,896 -1 1 -1 -1 -1 -1 1 1 -1 
0,613636363636364 0,548421052631579 -0,344 0,43968253968254 0,653968253968254 -0,916 1 1 -1 -1 -1 1 -1 1 -1 
0,609090909090909 0,565263157894737 -0,544 0,448412698412698 0,662698412698413 -1 -1 1 -1 -1 -1 1 -1 1 -1 
0,63 0,516842105263158 -0,04 0,476984126984127 0,691269841269841 -0,968 -1 1 -1 -1 -1 -1 -1 -1 -1 
0,635454545454545 0,567368421052631 -0,448 0,458730158730159 0,673015873015873 -0,972 -1 1 -1 -1 -1 -1 1 1 -1 
0,670909090909091 0,591578947368422 -0,48 0,534126984126984 0,748412698412698 -0,96 -1 1 -1 -1 -1 1 -1 1 -1 
0,656363636363636 0,591578947368422 -0,616 0,507142857142857 0,721428571428571 -1 1 -1 -1 -1 -1 -1 1 -1 -1 
0,584545454545454 0,634736842105263 -0,4 0,446031746031746 0,66031746031746 -1 -1 1 -1 -1 -1 1 -1 -1 1 
0,638181818181818 0,698947368421054 -0,712 0,475396825396825 0,68968253968254 -1 -1 1 -1 -1 -1 1 -1 1 -1 
0,638181818181818 0,672631578947369 -0,648 0,465873015873016 0,68015873015873 -1 1 1 -1 -1 -1 1 -1 -1 1 
0,654545454545455 0,691578947368422 -0,848 0,471428571428571 0,685714285714286 -1 1 -1 -1 -1 -1 -1 1 1 -1 
0,646363636363636 0,683157894736843 -0,608 0,485714285714286 0,7 -1 1 -1 -1 -1 -1 -1 1 1 -1 
0,647272727272727 0,425263157894737 -0,184 0,434126984126984 0,648412698412698 -0,912 -1 1 -1 -1 -1 -1 1 -1 1 
0,695454545454545 0,528421052631579 -0,472 0,508730158730159 0,723015873015873 -1 -1 1 -1 -1 -1 1 -1 -1 1 
0,671818181818182 0,54421052631579 -0,648 0,48015873015873 0,694444444444444 -1 1 -1 -1 -1 -1 1 -1 -1 1 
0,677272727272727 0,551578947368421 -0,672 0,48968253968254 0,703968253968254 -1 1 -1 -1 -1 -1 1 -1 -1 1 
0,667272727272727 0,576842105263157 -0,536 0,498412698412698 0,712698412698413 -1 -1 -1 -1 -1 -1 1 -1 -1 1 
0,563636363636364 0,572631578947368 -0,552 0,428571428571429 0,642857142857143 -1 -1 -1 -1 -1 -1 1 -1 -1 1 
0,59 0,485263157894737 -0,608 0,434126984126984 0,648412698412698 -1 -1 -1 -1 -1 -1 1 -1 -1 1 
0,625454545454545 0,484210526315789 -0,512 0,446031746031746 0,66031746031746 -1 -1 -1 -1 -1 -1 1 -1 -1 1 
0,645454545454546 0,482105263157894 -0,488 0,496031746031746 0,71031746031746 -1 -1 -1 -1 -1 -1 1 -1 -1 1 
0,666363636363636 0,514736842105263 -0,664 0,514285714285714 0,728571428571429 -0,988 -1 1 -1 -1 -1 1 -1 -1 1 
0,610909090909091 0,434736842105263 -0,4 0,432539682539683 0,646825396825397 -0,868 -1 1 1 -1 -1 1 -1 -1 1 
0,605454545454545 0,394736842105263 -0,44 0,455555555555556 0,66984126984127 -0,984 -1 1 -1 -1 -1 1 -1 1 -1 
0,557272727272727 0,384210526315789 -0,32 0,408730158730159 0,623015873015873 -0,96 -1 1 1 -1 -1 1 -1 -1 1 
0,520909090909091 0,385263157894737 -0,472 0,4 0,614285714285714 -0,992 -1 -1 1 -1 -1 1 -1 -1 1 
0,526363636363636 0,406315789473684 -0,496 0,36984126984127 0,584126984126984 -1 -1 -1 1 -1 -1 1 -1 -1 1 
0,541818181818182 0,48 -0,032 0,414285714285714 0,628571428571429 -0,976 -1 -1 1 -1 -1 -1 1 -1 1 
0,499090909090909 0,593684210526316 -0,104 0,374603174603175 0,588888888888889 -0,968 -1 -1 -1 -1 -1 -1 1 -1 1 
0,460909090909091 0,536842105263158 -0,608 0,338888888888889 0,553174603174603 -1 -1 -1 -1 -1 -1 -1 1 1 -1 
0,520909090909091 0,427368421052632 -0,32 0,384126984126984 0,598412698412699 -0,968 -1 1 1 -1 -1 -1 1 -1 1 
0,585454545454546 0,471578947368421 -0,496 0,438888888888889 0,653174603174603 -0,984 -1 1 -1 -1 -1 -1 1 1 -1 
0,603636363636364 0,451578947368421 -0,4 0,481746031746032 0,696031746031746 -1 -1 -1 -1 -1 -1 -1 -1 -1 -1 
0,605454545454545 0,463157894736842 -0,728 0,446031746031746 0,66031746031746 -0,98 1 1 -1 -1 -1 -1 1 1 -1 
0,611818181818182 0,441052631578947 -0,608 0,446825396825397 0,661111111111111 -0,984 1 1 -1 -1 -1 -1 1 -1 1 
0,640909090909091 0,349473684210527 -0,496 0,491269841269841 0,705555555555556 -0,836 1 1 -1 -1 -1 -1 1 1 -1 
0,636363636363636 0,421052631578947 -0,536 0,468253968253968 0,682539682539683 -0,956 -1 1 -1 -1 -1 -1 1 1 -1 
0,533636363636364 0,646315789473685 -0,648 0,382539682539683 0,596825396825397 -1 -1 -1 -1 -1 -1 -1 1 1 -1 
0,593636363636364 0,578947368421053 -0,416 0,421428571428571 0,635714285714286 -0,952 -1 1 1 -1 -1 -1 -1 -1 -1 
0,600909090909091 0,475789473684211 0,0880000000000001 0,464285714285714 0,678571428571429 -0,904 -1 1 -1 -1 -1 1 -1 -1 1 
0,545454545454545 0,524210526315789 0,376 0,446825396825397 0,661111111111111 -1 -1 -1 -1 -1 -1 -1 1 1 -1 
0,592727272727273 0,552631578947368 -0,576 0,442857142857143 0,657142857142857 -1 1 -1 -1 -1 -1 1 -1 -1 1 
0,519090909090909 0,64421052631579 -0,448 0,381746031746032 0,596031746031746 -1 1 -1 -1 -1 -1 1 -1 -1 1 
0,533636363636364 0,589473684210526 0,00800000000000001 0,382539682539683 0,596825396825397 -1 -1 1 -1 -1 -1 1 -1 -1 1 
0,579090909090909 0,652631578947368 -0,224 0,428571428571429 0,642857142857143 -1 -1 1 -1 -1 -1 1 -1 -1 1 
0,586363636363636 0,602105263157895 0,0560000000000001 0,465873015873016 0,68015873015873 -1 -1 -1 -1 -1 -1 1 -1 -1 1 
0,631818181818182 0,604210526315789 -0,2 0,476984126984127 0,691269841269841 -1 -1 -1 -1 -1 -1 1 -1 -1 1 
0,581818181818182 0,641052631578948 -0,472 0,455555555555556 0,66984126984127 -1 1 1 -1 -1 -1 1 -1 1 -1 
0,583636363636364 0,702105263157895 -0,36 0,455555555555556 0,66984126984127 -1 -1 -1 -1 -1 -1 -1 1 1 -1 
0,595454545454545 0,689473684210526 -0,184 0,458730158730159 0,673015873015873 -1 -1 -1 -1 -1 -1 1 -1 1 -1 
0,624545454545455 0,618947368421052 -0,2 0,484126984126984 0,698412698412698 -0,996 -1 1 -1 -1 -1 1 -1 1 -1 
0,620909090909091 0,576842105263157 -0,24 0,496031746031746 0,71031746031746 -1 -1 1 -1 -1 -1 -1 1 1 -1 
0,590909090909091 0,588421052631579 -0,512 0,428571428571429 0,642857142857143 -0,92 -1 1 -1 -1 -1 -1 1 -1 1 
0,580909090909091 0,405263157894737 -0,32 0,426984126984127 0,641269841269841 -0,9 -1 1 1 -1 -1 1 -1 -1 1 
0,598181818181818 0,48 -0,824 0,405555555555556 0,61984126984127 -0,996 1 1 -1 -1 -1 1 -1 -1 1 
0,549090909090909 0,478947368421053 -0,672 0,376984126984127 0,591269841269841 -0,992 1 1 1 -1 -1 -1 1 -1 1 
0,520909090909091 0,448421052631579 -0,728 0,398412698412698 0,612698412698413 -0,952 -1 1 1 -1 -1 -1 1 1 -1 
0,477272727272727 0,667368421052633 -0,464 0,357142857142857 0,571428571428571 -1 -1 -1 -1 -1 -1 -1 1 1 -1 
0,555454545454545 0,54421052631579 -0,28 0,437301587301587 0,651587301587301 -0,984 -1 1 -1 -1 -1 1 -1 -1 1 
0,578181818181818 0,46 0,048 0,431746031746032 0,646031746031746 -0,748 -1 1 1 -1 -1 1 -1 -1 1 
0,559090909090909 0,517894736842106 0,184 0,446031746031746 0,66031746031746 -0,992 -1 1 -1 -1 -1 1 -1 -1 1 
0,510909090909091 0,632631578947367 -0,264 0,423015873015873 0,637301587301587 -1 -1 -1 -1 -1 -1 1 -1 -1 1 
0,646363636363636 0,652631578947368 -0,728 0,487301587301587 0,701587301587302 -1 1 -1 -1 -1 -1 1 -1 -1 1 
0,626363636363636 0,696842105263158 -0,672 0,453968253968254 0,668253968253968 -1 1 -1 -1 -1 -1 1 -1 -1 1 
0,608181818181818 0,715789473684211 -0,688 0,444444444444444 0,658730158730159 -1 1 -1 -1 -1 -1 1 -1 1 -1 
0,532727272727273 0,692631578947368 -0,824 0,381746031746032 0,596031746031746 -1 1 -1 -1 -1 -1 1 -1 1 -1 
0,557272727272727 0,621052631578947 -0,416 0,394444444444444 0,608730158730159 -0,996 1 1 -1 -1 -1 1 -1 1 -1 
0,645454545454546 0,447368421052632 -0,376 0,468253968253968 0,682539682539683 -1 -1 1 -1 -1 -1 1 -1 1 -1 
0,636363636363636 0,463157894736842 -0,464 0,467460317460317 0,681746031746032 -0,876 1 1 -1 -1 -1 1 -1 1 -1 
0,625454545454545 0,484210526315789 -0,448 0,465873015873016 0,68015873015873 -0,692 1 1 -1 -1 -1 1 -1 1 -1 
0,554545454545455 0,468421052631579 -0,28 0,417460317460317 0,631746031746032 -1 1 -1 1 -1 -1 1 -1 1 -1 
0,564545454545455 0,441052631578947 -0,288 0,408730158730159 0,623015873015873 -0,96 -1 1 1 -1 -1 1 -1 1 -1 
0,663636363636364 0,425263157894737 -0,4 0,482539682539682 0,696825396825397 -0,964 1 1 -1 -1 -1 1 -1 1 -1 
0,624545454545455 0,457894736842105 -0,4 0,467460317460317 0,681746031746032 -0,976 -1 1 -1 -1 -1 1 -1 -1 1 
0,589090909090909 0,506315789473685 -0,712 0,434126984126984 0,648412698412698 -1 -1 -1 -1 -1 -1 1 -1 -1 1 
0,606363636363636 0,539999999999999 -0,688 0,444444444444444 0,658730158730159 -0,984 -1 1 -1 -1 -1 -1 1 -1 1 
0,596363636363636 0,557894736842105 -0,44 0,441269841269841 0,655555555555556 -0,872 -1 1 -1 -1 -1 1 -1 1 -1 
0,403636363636364 0,629473684210526 0,128 0,296825396825397 0,511111111111111 -1 -1 -1 1 -1 -1 -1 1 -1 1 
0,41 0,616842105263158 -0,456 0,275396825396825 0,48968253968254 -1 -1 -1 -1 -1 -1 -1 1 1 -1 
0,570909090909091 0,558947368421053 -0,2 0,355555555555556 0,56984126984127 -0,952 -1 1 1 -1 -1 -1 1 1 -1 
0,607272727272727 0,556842105263158 -0,32 0,432539682539683 0,646825396825397 -0,96 1 1 -1 -1 -1 1 -1 -1 1 
0,565454545454545 0,572631578947368 -0,336 0,423015873015873 0,637301587301587 -1 -1 1 -1 -1 -1 1 -1 -1 1 
0,573636363636364 0,531578947368421 0,264 0,453968253968254 0,668253968253968 -0,968 -1 1 -1 -1 -1 -1 1 -1 1 
0,524545454545455 0,595789473684211 0,0720000000000001 0,392857142857143 0,607142857142857 -1 -1 -1 -1 -1 -1 -1 -1 -1 -1 
0,520909090909091 0,616842105263158 -0,416 0,344444444444444 0,558730158730159 -0,996 1 -1 1 -1 -1 -1 1 1 -1 
0,591818181818182 0,602105263157895 -0,168 0,417460317460317 0,631746031746032 -0,988 1 1 1 -1 -1 -1 -1 -1 -1 
0,567272727272727 0,576842105263157 0,208 0,457142857142857 0,671428571428571 -0,984 -1 1 -1 1 -1 -1 1 1 -1 
0,479090909090909 0,737894736842104 -0,712 0,323015873015873 0,537301587301587 -1 1 -1 -1 -1 -1 -1 1 1 -1 
0,491818181818182 0,65578947368421 -0,592 0,331746031746032 0,546031746031746 -1 -1 1 -1 -1 -1 -1 1 1 -1 
0,562727272727273 0,58421052631579 -0,376 0,424603174603175 0,638888888888889 -0,936 -1 1 -1 -1 -1 -1 1 1 -1 
0,605454545454545 0,58 -0,304 0,431746031746032 0,646031746031746 -0,916 -1 -1 -1 -1 -1 1 -1 -1 1 
0,565454545454545 0,632631578947367 -0,416 0,423015873015873 0,637301587301587 -1 -1 -1 -1 -1 -1 -1 1 1 -1 
0,504545454545455 0,615789473684211 -0,776 0,341269841269841 0,555555555555556 -1 -1 -1 -1 -1 -1 -1 1 1 -1 
0,526363636363636 0,549473684210527 -0,784 0,337301587301587 0,551587301587302 -1 1 1 -1 -1 -1 -1 1 1 -1 
0,589090909090909 0,489473684210526 -0,624 0,418253968253968 0,632539682539683 -0,992 1 1 -1 -1 -1 -1 -1 -1 -1 
0,621818181818182 0,403157894736842 -0,416 0,448412698412698 0,662698412698413 -0,984 -1 1 -1 -1 -1 -1 -1 -1 -1 
0,643636363636364 0,343157894736842 -0,376 0,43015873015873 0,644444444444444 -1 -1 1 -1 -1 -1 1 -1 -1 1 
0,541818181818182 0,433684210526316 -0,496 0,405555555555556 0,61984126984127 -1 -1 -1 -1 -1 -1 -1 -1 -1 -1 
0,554545454545455 0,5 -0,552 0,41031746031746 0,624603174603175 -0,968 1 -1 1 -1 -1 -1 -1 -1 -1 
0,541818181818182 0,475789473684211 -0,784 0,401587301587302 0,615873015873016 -1 1 -1 -1 -1 -1 -1 1 -1 1 
0,566363636363636 0,514736842105263 -0,688 0,403174603174603 0,617460317460317 -0,964 1 -1 1 -1 -1 -1 1 -1 1 
0,560909090909091 0,607368421052632 -0,456 0,421428571428571 0,635714285714286 -1 1 -1 -1 -1 -1 1 -1 -1 1 
0,543636363636364 0,687368421052631 -0,368 0,375396825396825 0,58968253968254 -1 -1 -1 -1 -1 -1 1 -1 -1 1 
0,555454545454545 0,594736842105263 -0,472 0,401587301587302 0,615873015873016 -1 -1 -1 -1 -1 -1 -1 -1 -1 -1 
0,573636363636364 0,427368421052632 -0,264 0,423015873015873 0,637301587301587 -0,952 1 1 1 -1 -1 -1 1 -1 1 
0,515454545454546 0,542105263157895 -0,368 0,36984126984127 0,584126984126984 -0,98 -1 -1 1 -1 -1 -1 -1 -1 -1 
0,500909090909091 0,627368421052631 -0,624 0,371428571428571 0,585714285714286 -0,988 -1 -1 -1 -1 -1 1 -1 1 -1 
0,517272727272727 0,502105263157895 -0,696 0,331746031746032 0,546031746031746 -0,96 -1 -1 1 -1 -1 1 -1 1 -1 
0,523636363636364 0,466315789473684 -0,096 0,378571428571429 0,592857142857143 -0,7 -1 -1 1 -1 -1 1 -1 1 -1 
0,496363636363636 0,570526315789474 -0,504 0,36031746031746 0,574603174603175 -0,86 -1 -1 1 -1 -1 1 -1 1 -1 
0,474545454545455 0,696842105263158 -0,848 0,325396825396825 0,53968253968254 -0,988 -1 1 1 -1 -1 1 -1 1 -1 
0,565454545454545 0,682105263157894 -0,528 0,374603174603175 0,588888888888889 -0,984 1 1 -1 -1 -1 1 -1 1 -1 
0,523636363636364 0,466315789473684 -0,096 0,378571428571429 0,592857142857143 -0,7 -1 -1 1 -1 -1 1 -1 1 -1 
0,496363636363636 0,570526315789474 -0,504 0,36031746031746 0,574603174603175 -0,86 -1 -1 1 -1 -1 1 -1 1 -1 
0,474545454545455 0,696842105263158 -0,848 0,325396825396825 0,53968253968254 -0,988 -1 1 1 -1 -1 1 -1 1 -1 
0,565454545454545 0,682105263157894 -0,528 0,374603174603175 0,588888888888889 -0,984 1 1 -1 -1 -1 1 -1 -1 1 
0,561818181818182 0,665263157894737 -0,544 0,408730158730159 0,623015873015873 -0,988 1 -1 -1 -1 -1 1 -1 -1 1 
0,565454545454545 0,682105263157894 -0,528 0,374603174603175 0,588888888888889 -0,984 1 1 -1 -1 -1 -1 -1 -1 -1 
0,561818181818182 0,665263157894737 -0,544 0,408730158730159 0,623015873015873 -0,988 1 -1 -1 -1 -1 -1 1 1 -1 
0,561818181818182 0,716842105263157 -0,608 0,396031746031746 0,61031746031746 -0,988 -1 -1 -1 -1 -1 1 -1 1 -1 
0,524545454545455 0,672631578947369 -0,488 0,382539682539683 0,596825396825397 -1 -1 -1 -1 -1 -1 1 -1 1 -1 
0,498181818181818 0,647368421052632 -0,536 0,353174603174603 0,567460317460317 -1 -1 -1 -1 -1 -1 1 -1 1 -1 
0,496363636363636 0,42 0,128 0,374603174603175 0,588888888888889 -0,568 -1 -1 1 -1 -1 -1 -1 -1 -1 
0,490909090909091 0,508421052631578 -0,08 0,364285714285714 0,578571428571429 -0,992 -1 -1 1 -1 -1 1 -1 1 -1 
0,465454545454545 0,55578947368421 -0,352 0,275396825396825 0,48968253968254 -1 -1 -1 1 -1 -1 -1 -1 -1 -1 
0,567272727272727 0,414736842105263 -0,032 0,394444444444444 0,608730158730159 -0,888 -1 1 1 -1 -1 -1 -1 -1 -1 
0,49 0,561052631578947 0,344 0,373015873015873 0,587301587301587 -0,972 -1 -1 1 -1 -1 1 -1 1 -1 
0,581818181818182 0,346315789473684 -0,36 0,444444444444444 0,658730158730159 -0,968 -1 1 -1 -1 -1 1 -1 1 -1 
0,549090909090909 0,377894736842105 -0,48 0,417460317460317 0,631746031746032 -0,968 -1 1 -1 -1 -1 1 -1 1 -1 
0,524545454545455 0,481052631578948 -0,616 0,41031746031746 0,624603174603175 -1 -1 -1 1 -1 -1 1 -1 1 -1 
0,535454545454545 0,501052631578948 -0,68 0,36031746031746 0,574603174603175 -0,996 1 1 1 -1 -1 1 -1 1 -1 
0,532727272727273 0,56421052631579 -0,68 0,36031746031746 0,574603174603175 -0,924 -1 -1 -1 -1 -1 -1 1 1 -1 
0,52 0,627368421052631 -0,648 0,353174603174603 0,567460317460317 -1 -1 -1 -1 -1 -1 -1 -1 -1 -1 
0,534545454545455 0,583157894736842 -0,536 0,384126984126984 0,598412698412699 -1 -1 -1 -1 -1 -1 -1 -1 -1 -1 
0,546363636363636 0,54421052631579 -0,688 0,403968253968254 0,618253968253968 -1 -1 -1 -1 -1 -1 -1 1 -1 1 
0,592727272727273 0,521052631578947 -0,672 0,424603174603175 0,638888888888889 -1 -1 -1 -1 -1 -1 1 -1 1 -1 
0,617272727272727 0,573684210526316 -0,512 0,475396825396825 0,68968253968254 -0,996 1 1 -1 -1 -1 1 -1 1 -1 
0,595454545454545 0,481052631578948 -0,552 0,438888888888889 0,653174603174603 -0,948 1 1 -1 -1 -1 -1 1 1 -1 
0,608181818181818 0,302105263157895 -0,336 0,451587301587302 0,665873015873016 -1 -1 1 -1 -1 -1 -1 1 1 -1 
0,595454545454545 0,421052631578947 -0,36 0,457142857142857 0,671428571428571 -0,976 -1 1 -1 -1 -1 -1 1 1 -1 
0,563636363636364 0,601052631578948 -0,688 0,424603174603175 0,638888888888889 -1 -1 -1 -1 -1 -1 -1 1 1 -1 
0,549090909090909 0,561052631578947 -0,608 0,414285714285714 0,628571428571429 -1 -1 -1 -1 -1 -1 -1 1 1 -1 
0,505454545454545 0,638947368421053 -0,608 0,368253968253968 0,582539682539683 -1 1 -1 -1 -1 -1 -1 1 1 -1 
0,501818181818182 0,627368421052631 -0,576 0,358730158730159 0,573015873015873 -1 1 -1 -1 -1 -1 1 -1 1 -1 
0,508181818181818 0,628421052631579 -0,496 0,362698412698413 0,576984126984127 -1 -1 -1 -1 -1 -1 -1 -1 -1 -1 
0,52 0,627368421052631 -0,648 0,353174603174603 0,567460317460317 -1 -1 -1 -1 -1 -1 1 -1 1 -1 
0,534545454545455 0,583157894736842 -0,536 0,384126984126984 0,598412698412699 -1 -1 -1 -1 -1 -1 1 -1 1 -1 
