0,61 0,462105263157895 -0,36 0,473015873015873 0,687301587301587 -1 -1 1 -1 -1 -1 1 -1 1 -1 
0,668181818181818 0,496842105263158 -0,456 0,48015873015873 0,694444444444444 -1 -1 -1 -1 -1 -1 1 -1 -1 1 
0,692727272727273 0,507368421052632 -0,536 0,546825396825397 0,761111111111111 -1 -1 -1 -1 -1 -1 -1 1 -1 1 
0,705454545454545 0,533684210526316 -0,512 0,585714285714286 0,8 -1 -1 -1 -1 -1 -1 1 -1 -1 1 
0,694545454545455 0,526315789473684 -0,304 0,584126984126984 0,798412698412698 -1 -1 -1 -1 -1 -1 -1 1 1 -1 
0,650909090909091 0,551578947368421 -0,472 0,505555555555556 0,71984126984127 -1 -1 -1 -1 -1 -1 -1 1 -1 1 
0,712727272727273 0,552631578947368 -0,416 0,546031746031746 0,76031746031746 -1 -1 1 -1 -1 -1 -1 1 1 -1 
0,692727272727273 0,588421052631579 -0,552 0,524603174603175 0,738888888888889 -0,936 -1 1 -1 -1 -1 1 -1 1 -1 
0,683636363636364 0,557894736842105 -0,768 0,503174603174603 0,717460317460317 -1 -1 -1 -1 -1 -1 -1 1 1 -1 
0,714545454545454 0,534736842105263 -0,496 0,551587301587302 0,765873015873016 -0,904 -1 1 -1 -1 -1 1 -1 1 -1 
0,641818181818182 0,68842105263158 -0,672 0,525396825396825 0,73968253968254 -1 -1 -1 -1 -1 -1 -1 1 1 -1 
0,686363636363636 0,623157894736843 -0,808 0,534126984126984 0,748412698412698 -1 -1 -1 -1 -1 -1 -1 1 1 -1 
0,703636363636364 0,549473684210527 -0,704 0,553968253968254 0,768253968253968 -1 -1 -1 -1 -1 -1 -1 1 1 -1 
0,694545454545455 0,504210526315789 -0,728 0,551587301587302 0,765873015873016 -1 -1 -1 -1 -1 -1 -1 1 1 -1 
0,702727272727273 0,477894736842105 -0,36 0,56984126984127 0,784126984126984 -1 -1 -1 -1 -1 -1 -1 1 1 -1 
0,568181818181818 0,534736842105263 -0,44 0,475396825396825 0,68968253968254 -1 -1 -1 -1 -1 -1 1 -1 1 -1 
0,632727272727273 0,507368421052632 -0,648 0,494444444444444 0,708730158730159 -1 -1 -1 -1 -1 -1 -1 1 1 -1 
0,631818181818182 0,502105263157895 -0,512 0,541269841269841 0,755555555555556 -1 -1 -1 -1 -1 -1 -1 1 1 -1 
0,676363636363636 0,454736842105264 -0,456 0,558730158730159 0,773015873015873 -1 -1 -1 -1 -1 -1 -1 1 1 -1 
0,702727272727273 0,477894736842105 -0,512 0,581746031746032 0,796031746031746 -0,968 -1 -1 -1 -1 -1 -1 1 1 -1 
0,640909090909091 0,668421052631579 -0,36 0,474603174603175 0,688888888888889 -1 -1 -1 -1 -1 -1 -1 1 1 -1 
0,685454545454546 0,597894736842105 -0,56 0,507142857142857 0,721428571428571 -1 -1 -1 -1 -1 -1 -1 -1 -1 -1 
0,657272727272727 0,572631578947368 -0,472 0,557142857142857 0,771428571428571 -1 -1 -1 -1 -1 -1 -1 1 1 -1 
0,662727272727273 0,566315789473684 -0,672 0,532539682539683 0,746825396825397 -1 -1 -1 -1 -1 -1 -1 1 -1 1 
0,667272727272727 0,538947368421053 -0,752 0,557142857142857 0,771428571428571 -1 -1 -1 -1 -1 -1 1 -1 1 -1 
0,714545454545454 0,554736842105264 -0,624 0,546031746031746 0,76031746031746 -0,984 -1 1 -1 -1 -1 -1 1 1 -1 
0,74 0,522105263157895 -0,784 0,537301587301587 0,751587301587302 -0,952 1 1 -1 -1 1 -1 1 1 -1 
0,692727272727273 0,530526315789473 -0,576 0,581746031746032 0,796031746031746 -1 -1 1 -1 -1 -1 1 -1 -1 1 
0,74 0,5 -0,36 0,561111111111111 0,775396825396825 -1 -1 1 -1 -1 1 1 -1 -1 1 
0,725454545454545 0,587368421052631 -0,44 0,553968253968254 0,768253968253968 -0,86 -1 1 -1 -1 -1 1 -1 -1 1 
0,673636363636364 0,492631578947368 -0,288 0,544444444444444 0,758730158730159 -1 -1 -1 -1 -1 -1 1 -1 -1 1 
0,7 0,585263157894737 -0,576 0,55 0,764285714285714 -1 -1 -1 -1 -1 -1 1 -1 -1 1 
0,686363636363636 0,614736842105263 -0,536 0,575396825396825 0,78968253968254 -1 -1 -1 -1 -1 -1 1 -1 -1 1 
0,699090909090909 0,623157894736843 -0,48 0,578571428571429 0,792857142857143 -1 -1 -1 -1 -1 -1 1 -1 1 -1 
0,702727272727273 0,567368421052631 -0,376 0,582539682539683 0,796825396825397 -1 -1 1 -1 -1 -1 1 -1 1 -1 
0,574545454545455 0,553684210526316 -0,44 0,41984126984127 0,634126984126984 -1 1 -1 -1 -1 -1 1 -1 1 -1 
0,533636363636364 0,52 -0,472 0,434126984126984 0,648412698412698 -1 -1 -1 -1 -1 -1 -1 -1 -1 -1 
0,565454545454545 0,556842105263158 -0,744 0,424603174603175 0,638888888888889 -1 -1 -1 -1 -1 -1 -1 1 -1 -1 
0,561818181818182 0,593684210526316 -0,824 0,461111111111111 0,675396825396825 -1 -1 -1 -1 -1 -1 1 -1 -1 1 
0,581818181818182 0,593684210526316 -0,904 0,476984126984127 0,691269841269841 -1 -1 -1 -1 -1 -1 1 -1 -1 1 
0,685454545454546 0,585263157894737 -0,592 0,58015873015873 0,794444444444444 -1 -1 -1 -1 -1 -1 1 -1 1 -1 
0,692727272727273 0,572631578947368 -0,776 0,531746031746032 0,746031746031746 -0,984 -1 1 -1 -1 -1 1 -1 1 -1 
0,626363636363636 0,572631578947368 -0,592 0,53015873015873 0,744444444444444 -1 -1 -1 -1 -1 -1 1 -1 1 -1 
0,635454545454545 0,493684210526316 -0,632 0,488888888888889 0,703174603174603 -1 -1 1 -1 -1 -1 1 -1 1 -1 
0,743636363636364 0,415789473684211 -0,784 0,587301587301587 0,801587301587302 -0,916 1 1 -1 -1 -1 1 -1 1 -1 
0,692727272727273 0,452631578947368 0,024 0,531746031746032 0,746031746031746 -0,576 -1 1 -1 -1 -1 1 -1 -1 1 
0,726363636363636 0,513684210526315 -0,44 0,538888888888889 0,753174603174603 -0,764 -1 1 -1 -1 -1 1 -1 -1 1 
0,693636363636364 0,592631578947368 -0,608 0,523015873015873 0,737301587301587 -0,984 -1 1 -1 -1 -1 1 -1 -1 1 
0,657272727272727 0,609473684210526 -0,712 0,48015873015873 0,694444444444444 -1 -1 -1 -1 -1 -1 -1 1 -1 1 
0,650909090909091 0,568421052631579 -0,512 0,492857142857143 0,707142857142857 -1 -1 -1 -1 -1 -1 1 -1 -1 1 
0,657272727272727 0,609473684210526 -0,712 0,48015873015873 0,694444444444444 -1 -1 -1 -1 -1 -1 1 -1 -1 1 
0,650909090909091 0,568421052631579 -0,512 0,492857142857143 0,707142857142857 -1 -1 -1 -1 -1 -1 -1 1 -1 1 
0,676363636363636 0,550526315789473 -0,56 0,528571428571429 0,742857142857143 -1 -1 -1 -1 -1 -1 -1 1 1 -1 
0,653636363636364 0,546315789473684 -0,6 0,508730158730159 0,723015873015873 -1 -1 -1 -1 -1 -1 -1 1 1 -1 
0,663636363636364 0,507368421052632 -0,24 0,535714285714286 0,75 -1 -1 -1 -1 -1 -1 1 -1 1 -1 
0,705454545454545 0,526315789473684 -0,336 0,55 0,764285714285714 -1 -1 -1 -1 -1 -1 1 -1 1 -1 
0,716363636363636 0,467368421052631 -0,512 0,535714285714286 0,75 -0,984 -1 -1 -1 -1 1 -1 -1 -1 -1 
0,726363636363636 0,44421052631579 -0,648 0,538888888888889 0,753174603174603 -1 -1 -1 -1 -1 -1 -1 1 1 -1 
0,739090909090909 0,357894736842105 -0,536 0,56031746031746 0,774603174603175 -0,968 -1 1 -1 -1 -1 1 -1 1 -1 
0,674545454545455 0,323157894736843 0,264 0,511111111111111 0,725396825396825 -0,608 -1 1 -1 -1 -1 -1 1 -1 -1 
0,697272727272727 0,546315789473684 -0,672 0,511111111111111 0,725396825396825 -1 1 -1 -1 -1 -1 1 -1 -1 1 
0,699090909090909 0,539999999999999 -0,52 0,531746031746032 0,746031746031746 -1 -1 1 -1 -1 -1 1 -1 1 -1 
0,693636363636364 0,553684210526316 -0,552 0,546825396825397 0,761111111111111 -0,984 -1 1 -1 -1 -1 1 -1 -1 1 
0,711818181818182 0,548421052631579 -0,44 0,546031746031746 0,76031746031746 -1 -1 1 -1 -1 -1 -1 1 1 -1 
0,73 0,539999999999999 -0,52 0,573015873015873 0,787301587301587 -1 -1 1 -1 -1 -1 -1 1 1 -1 
0,699090909090909 0,568421052631579 -0,616 0,557142857142857 0,771428571428571 -1 -1 -1 -1 -1 -1 -1 1 -1 1 
0,652727272727273 0,6 -0,632 0,514285714285714 0,728571428571429 -1 -1 -1 -1 -1 -1 1 -1 -1 1 
0,673636363636364 0,550526315789473 -0,528 0,531746031746032 0,746031746031746 -0,988 -1 1 -1 -1 -1 1 -1 -1 1 
0,637272727272727 0,509473684210526 -0,4 0,558730158730159 0,773015873015873 -0,988 -1 1 -1 -1 -1 1 -1 -1 1 
0,602727272727273 0,541052631578947 -0,568 0,515873015873016 0,73015873015873 -1 -1 -1 -1 -1 -1 1 -1 -1 1 
0,711818181818182 0,414736842105263 -0,44 0,538888888888889 0,753174603174603 -1 -1 -1 -1 -1 -1 1 -1 -1 1 
0,73 0,363157894736842 -0,368 0,603174603174603 0,817460317460317 -1 -1 1 -1 -1 -1 1 -1 -1 1 
0,738181818181818 0,338947368421053 -0,312 0,594444444444444 0,808730158730159 -1 -1 -1 -1 -1 -1 1 -1 -1 1 
0,741818181818182 0,332631578947369 -0,664 0,584126984126984 0,798412698412698 -1 -1 1 -1 -1 -1 1 -1 -1 1 
0,666363636363636 0,388421052631579 -0,488 0,523015873015873 0,737301587301587 -0,992 -1 1 -1 -1 -1 1 -1 -1 1 
0,456363636363636 0,721052631578947 -0,696 0,374603174603175 0,588888888888889 -1 -1 -1 -1 -1 -1 1 -1 -1 1 
0,480909090909091 0,70421052631579 -0,712 0,408730158730159 0,623015873015873 -1 -1 -1 -1 -1 -1 1 -1 1 -1 
0,483636363636364 0,689473684210526 -0,824 0,43015873015873 0,644444444444444 -1 -1 -1 -1 -1 -1 1 -1 -1 1 
0,528181818181818 0,679999999999999 -0,736 0,453968253968254 0,668253968253968 -1 -1 -1 -1 -1 -1 1 -1 -1 1 
0,545454545454545 0,628421052631579 -0,592 0,481746031746032 0,696031746031746 -1 -1 -1 -1 -1 -1 1 -1 -1 1 
0,626363636363636 0,44 -0,408 0,528571428571429 0,742857142857143 -1 -1 -1 -1 -1 -1 -1 1 -1 1 
0,613636363636364 0,566315789473684 -0,344 0,485714285714286 0,7 -0,996 -1 1 -1 -1 -1 -1 1 -1 1 
0,557272727272727 0,652631578947368 -0,6 0,457142857142857 0,671428571428571 -0,996 -1 -1 -1 -1 -1 -1 1 1 -1 
0,588181818181818 0,609473684210526 -0,712 0,442857142857143 0,657142857142857 -1 -1 -1 -1 -1 -1 -1 1 -1 1 
0,630909090909091 0,501052631578948 -0,688 0,481746031746032 0,696031746031746 -1 -1 -1 -1 -1 -1 -1 1 1 -1 
0,679090909090909 0,498947368421052 -0,464 0,534126984126984 0,748412698412698 -0,976 -1 1 -1 -1 -1 -1 -1 -1 -1 
0,628181818181818 0,543157894736842 -0,592 0,503968253968254 0,718253968253968 -0,948 1 1 -1 -1 -1 -1 1 1 -1 
0,658181818181818 0,542105263157895 -0,504 0,512698412698413 0,726984126984127 -0,904 -1 1 -1 -1 -1 -1 1 -1 1 
0,62 0,595789473684211 -0,456 0,48015873015873 0,694444444444444 -0,912 -1 1 -1 -1 -1 -1 1 1 -1 
0,578181818181818 0,576842105263157 -0,736 0,455555555555556 0,66984126984127 -1 -1 -1 -1 -1 -1 -1 1 1 -1 
0,626363636363636 0,492631578947368 -0,304 0,482539682539682 0,696825396825397 -0,976 -1 1 -1 -1 -1 -1 1 1 -1 
0,657272727272727 0,505263157894737 -0,336 0,518253968253968 0,732539682539682 -0,936 1 1 -1 -1 -1 -1 -1 -1 -1 
0,651818181818182 0,575789473684211 -0,32 0,5 0,714285714285714 -0,944 -1 -1 -1 -1 -1 1 -1 -1 1 
0,629090909090909 0,614736842105263 -0,4 0,523015873015873 0,737301587301587 -1 -1 -1 -1 -1 -1 -1 1 1 -1 
0,517272727272727 0,661052631578947 -0,576 0,41984126984127 0,634126984126984 -1 -1 -1 -1 -1 -1 1 -1 -1 1 
0,68 0,561052631578947 -0,632 0,55 0,764285714285714 -1 -1 1 -1 -1 -1 1 -1 -1 1 
0,594545454545455 0,547368421052632 -0,4 0,464285714285714 0,678571428571429 -0,98 -1 1 -1 -1 -1 1 -1 -1 1 
0,524545454545455 0,521052631578947 -0,464 0,403968253968254 0,618253968253968 -1 -1 -1 -1 -1 -1 1 -1 -1 1 
0,470909090909091 0,552631578947368 -0,376 0,388888888888889 0,603174603174603 -0,996 -1 -1 -1 -1 -1 1 -1 -1 1 
0,477272727272727 0,560000000000001 -0,536 0,36984126984127 0,584126984126984 -1 -1 -1 -1 -1 -1 1 -1 -1 1 
0,477272727272727 0,560000000000001 -0,536 0,36984126984127 0,584126984126984 -1 -1 -1 -1 -1 -1 1 -1 1 -1 
0,530909090909091 0,528421052631579 -0,496 0,482539682539682 0,696825396825397 -1 -1 -1 -1 -1 -1 -1 1 1 -1 
0,538181818181818 0,527368421052632 -0,864 0,435714285714286 0,65 -1 -1 -1 -1 -1 -1 1 -1 1 -1 
0,578181818181818 0,513684210526315 -0,632 0,491269841269841 0,705555555555556 -1 -1 -1 -1 -1 -1 1 -1 1 -1 
0,683636363636364 0,514736842105263 -0,336 0,542857142857143 0,757142857142857 -0,936 -1 1 -1 -1 -1 -1 1 1 -1 
0,649090909090909 0,383157894736842 -0,592 0,482539682539682 0,696825396825397 -0,976 -1 1 -1 -1 -1 -1 1 -1 1 
0,552727272727273 0,417894736842106 -0,176 0,442857142857143 0,657142857142857 -0,916 -1 1 1 -1 -1 1 -1 -1 1 
0,630909090909091 0,415789473684211 -0,592 0,438888888888889 0,653174603174603 -1 -1 -1 -1 -1 -1 1 -1 -1 1 
0,701818181818182 0,35578947368421 -0,44 0,568253968253968 0,782539682539683 -1 -1 1 -1 -1 -1 -1 1 -1 1 
0,725454545454545 0,388421052631579 -0,592 0,523015873015873 0,737301587301587 -0,996 -1 -1 -1 -1 1 -1 1 1 -1 
0,677272727272727 0,391578947368422 -0,552 0,485714285714286 0,7 -0,932 1 1 -1 -1 -1 -1 1 1 -1 
0,675454545454545 0,441052631578947 -0,496 0,517460317460318 0,731746031746032 -0,852 1 1 -1 -1 -1 1 -1 -1 1 
0,663636363636364 0,497894736842105 -0,632 0,521428571428571 0,735714285714286 -0,992 -1 1 -1 -1 -1 1 -1 -1 1 
0,634545454545455 0,46421052631579 -0,4 0,48968253968254 0,703968253968254 -1 -1 1 -1 -1 -1 1 -1 -1 1 
0,590909090909091 0,511578947368421 -0,4 0,484126984126984 0,698412698412698 -0,952 -1 1 -1 -1 -1 1 -1 -1 1 
0,617272727272727 0,58421052631579 -0,648 0,482539682539682 0,696825396825397 -1 -1 -1 -1 -1 -1 1 -1 -1 1 
0,597272727272727 0,539999999999999 -0,744 0,496031746031746 0,71031746031746 -1 -1 -1 -1 -1 -1 1 -1 -1 1 
0,643636363636364 0,537894736842106 -0,592 0,523015873015873 0,737301587301587 -1 -1 -1 -1 -1 -1 1 -1 1 -1 
0,685454545454546 0,541052631578947 -0,672 0,553174603174603 0,767460317460318 -1 -1 -1 -1 -1 1 1 -1 1 -1 
0,655454545454545 0,553684210526316 -0,576 0,523015873015873 0,737301587301587 -1 1 -1 -1 -1 -1 1 -1 1 -1 
0,700909090909091 0,506315789473685 -0,296 0,564285714285714 0,778571428571429 -1 -1 -1 -1 -1 -1 1 -1 1 -1 
0,696363636363636 0,527368421052632 -0,576 0,534126984126984 0,748412698412698 -1 -1 -1 -1 -1 -1 1 -1 1 -1 
0,716363636363636 0,486315789473685 -0,536 0,546825396825397 0,761111111111111 -1 -1 1 -1 -1 -1 1 -1 1 -1 
0,635454545454545 0,465263157894737 0,136 0,507142857142857 0,721428571428571 -1 -1 -1 -1 -1 -1 1 -1 1 -1 
0,585454545454546 0,485263157894737 0,136 0,46984126984127 0,684126984126984 -1 -1 1 -1 -1 -1 1 -1 1 -1 
0,624545454545455 0,46421052631579 -0,48 0,465873015873016 0,68015873015873 -0,92 -1 1 -1 -1 -1 1 -1 1 -1 
0,516363636363636 0,569473684210527 0,24 0,418253968253968 0,632539682539683 -1 -1 1 1 -1 -1 1 -1 -1 1 
0,472727272727273 0,625263157894738 -0,456 0,376984126984127 0,591269841269841 -1 -1 -1 -1 -1 -1 1 -1 -1 1 
0,505454545454545 0,603157894736842 -0,712 0,401587301587302 0,615873015873016 -1 -1 -1 -1 -1 -1 -1 1 -1 1 
0,573636363636364 0,557894736842105 -0,552 0,438888888888889 0,653174603174603 -1 -1 -1 -1 -1 -1 1 -1 1 -1 
0,497272727272727 0,530526315789473 -0,584 0,36984126984127 0,584126984126984 -1 -1 1 1 -1 -1 -1 1 -1 1 
0,502727272727273 0,56421052631579 -0,672 0,407142857142857 0,621428571428571 -1 -1 -1 -1 -1 -1 -1 1 1 -1 
0,497272727272727 0,624210526315789 -0,632 0,405555555555556 0,61984126984127 -1 -1 -1 -1 -1 -1 -1 1 1 -1 
0,504545454545455 0,628421052631579 -0,576 0,387301587301587 0,601587301587302 -1 -1 -1 -1 -1 -1 1 -1 -1 1 
0,517272727272727 0,577894736842105 -0,512 0,411111111111111 0,625396825396825 -1 -1 -1 -1 -1 -1 1 -1 -1 1 
0,485454545454545 0,412631578947369 -0,88 0,398412698412698 0,612698412698413 -1 -1 -1 -1 -1 -1 -1 1 -1 1 
0,46 0,482105263157894 -0,648 0,425396825396825 0,63968253968254 -1 -1 -1 -1 -1 -1 -1 -1 -1 -1 
0,515454545454546 0,510526315789474 -0,456 0,421428571428571 0,635714285714286 -1 -1 -1 -1 -1 -1 -1 1 1 -1 
0,555454545454545 0,525263157894737 -0,728 0,467460317460317 0,681746031746032 -1 -1 -1 -1 -1 -1 -1 -1 -1 -1 
0,565454545454545 0,470526315789474 -0,552 0,485714285714286 0,7 -1 -1 -1 -1 -1 -1 -1 1 1 -1 
0,681818181818182 0,46421052631579 -0,16 0,548412698412698 0,762698412698413 -0,904 -1 1 -1 -1 -1 -1 1 1 -1 
0,678181818181818 0,484210526315789 -0,648 0,507142857142857 0,721428571428571 -0,888 1 1 -1 -1 1 -1 1 1 -1 
0,660909090909091 0,493684210526316 -0,632 0,494444444444444 0,708730158730159 -0,976 -1 1 -1 -1 -1 -1 1 1 -1 
0,655454545454545 0,478947368421053 -0,456 0,473015873015873 0,687301587301587 -0,996 -1 1 -1 -1 -1 1 -1 -1 1 
0,598181818181818 0,489473684210526 -0,16 0,46984126984127 0,684126984126984 -0,888 -1 1 -1 -1 -1 -1 1 1 -1 
0,520909090909091 0,538947368421053 -0,56 0,423015873015873 0,637301587301587 -1 -1 -1 -1 -1 -1 -1 1 1 -1 
0,596363636363636 0,474736842105263 -0,456 0,464285714285714 0,678571428571429 -1 -1 -1 -1 -1 -1 -1 1 1 -1 
0,65 0,470526315789474 -0,672 0,51984126984127 0,734126984126984 -1 -1 -1 -1 -1 -1 -1 -1 -1 -1 
0,629090909090909 0,465263157894737 -0,552 0,517460317460318 0,731746031746032 -1 -1 -1 -1 -1 -1 -1 -1 -1 -1 
0,623636363636364 0,449473684210527 -0,28 0,501587301587302 0,715873015873016 -1 -1 -1 -1 -1 -1 1 -1 -1 1 
0,65 0,470526315789474 -0,672 0,51984126984127 0,734126984126984 -1 -1 -1 -1 -1 -1 -1 -1 -1 -1 
0,629090909090909 0,465263157894737 -0,552 0,517460317460318 0,731746031746032 -1 -1 -1 -1 -1 -1 -1 -1 -1 -1 
0,623636363636364 0,449473684210527 -0,28 0,501587301587302 0,715873015873016 -1 -1 -1 -1 -1 -1 -1 1 -1 1 
0,637272727272727 0,512631578947369 -0,456 0,478571428571429 0,692857142857143 -1 -1 -1 -1 -1 -1 -1 1 -1 1 
0,654545454545455 0,543157894736842 -0,776 0,508730158730159 0,723015873015873 -1 -1 -1 -1 -1 -1 1 -1 -1 1 
0,571818181818182 0,350526315789473 -0,56 0,431746031746032 0,646031746031746 -0,872 -1 1 1 -1 -1 1 -1 -1 1 
0,554545454545455 0,432631578947369 -0,336 0,43968253968254 0,653968253968254 -0,992 -1 1 1 -1 -1 -1 -1 -1 -1 
0,556363636363636 0,517894736842106 -0,536 0,41031746031746 0,624603174603175 -0,968 -1 1 1 -1 -1 -1 1 -1 1 
0,520909090909091 0,56421052631579 -0,784 0,373015873015873 0,587301587301587 -1 1 1 1 -1 -1 -1 -1 -1 -1 
0,546363636363636 0,577894736842105 -0,712 0,412698412698413 0,626984126984127 -0,996 -1 1 1 -1 -1 1 -1 1 -1 
0,550909090909091 0,456842105263158 -0,688 0,408730158730159 0,623015873015873 -1 -1 -1 -1 -1 -1 1 -1 1 -1 
0,562727272727273 0,491578947368422 -0,512 0,467460317460317 0,681746031746032 -1 -1 -1 -1 -1 -1 1 -1 1 -1 
0,544545454545455 0,574736842105263 -0,28 0,432539682539683 0,646825396825397 -1 -1 -1 -1 -1 -1 1 -1 1 -1 
0,527272727272727 0,597894736842105 -0,576 0,411111111111111 0,625396825396825 -1 -1 -1 1 -1 -1 1 -1 1 -1 
0,547272727272727 0,550526315789473 -0,904 0,392857142857143 0,607142857142857 -1 -1 -1 -1 -1 -1 1 -1 1 -1 
0,568181818181818 0,476842105263157 -0,0640000000000001 0,45 0,664285714285714 -1 -1 1 -1 -1 -1 1 -1 1 -1 
0,567272727272727 0,490526315789474 0 0,451587301587302 0,665873015873016 -0,984 -1 1 -1 -1 -1 1 -1 1 -1 
0,530909090909091 0,561052631578947 0,032 0,421428571428571 0,635714285714286 -0,984 -1 1 1 -1 -1 1 -1 1 -1 
0,485454545454545 0,518947368421052 -0,632 0,387301587301587 0,601587301587302 -1 -1 -1 -1 -1 -1 1 -1 -1 1 
0,519090909090909 0,463157894736842 -0,632 0,423015873015873 0,637301587301587 -1 -1 -1 -1 -1 -1 1 -1 -1 1 
0,608181818181818 0,556842105263158 -0,576 0,464285714285714 0,678571428571429 -0,936 -1 1 1 -1 -1 -1 -1 -1 -1 
0,625454545454545 0,532631578947369 -0,728 0,474603174603175 0,688888888888889 -0,992 1 1 -1 -1 -1 -1 1 1 -1 
0,632727272727273 0,510526315789474 -0,688 0,48015873015873 0,694444444444444 -1 -1 1 -1 -1 -1 1 -1 1 -1 
0,653636363636364 0,511578947368421 -0,672 0,508730158730159 0,723015873015873 -0,996 -1 1 -1 -1 -1 1 -1 1 -1 
0,64 0,454736842105264 -0,376 0,51031746031746 0,724603174603175 -1 -1 1 -1 -1 -1 1 -1 1 -1 
0,63 0,4 -0,496 0,48015873015873 0,694444444444444 -0,996 -1 1 -1 -1 -1 -1 -1 -1 -1 
0,622727272727273 0,447368421052632 -0,376 0,488888888888889 0,703174603174603 -0,968 -1 1 -1 -1 -1 1 -1 1 -1 
0,58 0,498947368421052 0,192 0,424603174603175 0,638888888888889 -0,996 1 1 1 -1 -1 -1 -1 -1 -1 
0,517272727272727 0,524210526315789 -0,104 0,401587301587302 0,615873015873016 -1 -1 -1 1 -1 -1 -1 -1 -1 -1 
0,509090909090909 0,508421052631578 -0,688 0,423015873015873 0,637301587301587 -1 -1 -1 -1 -1 -1 1 -1 1 -1 
0,544545454545455 0,516842105263158 -0,632 0,431746031746032 0,646031746031746 -1 -1 -1 -1 -1 -1 1 -1 1 -1 
0,545454545454545 0,54421052631579 -0,456 0,437301587301587 0,651587301587301 -1 -1 -1 -1 -1 -1 1 -1 1 -1 
0,535454545454545 0,566315789473684 -0,552 0,487301587301587 0,701587301587302 -1 -1 -1 -1 -1 -1 1 -1 1 -1 
0,551818181818182 0,58 -0,768 0,461111111111111 0,675396825396825 -1 -1 -1 -1 -1 -1 1 -1 1 -1 
0,591818181818182 0,496842105263158 -0,376 0,423015873015873 0,637301587301587 -1 -1 1 -1 -1 -1 -1 1 1 -1 
0,689090909090909 0,352631578947368 -0,592 0,53968253968254 0,753968253968254 -0,852 -1 1 -1 -1 -1 -1 -1 -1 -1 
0,630909090909091 0,44 0,0640000000000001 0,478571428571429 0,692857142857143 -0,684 -1 1 -1 -1 -1 -1 -1 -1 -1 
0,571818181818182 0,546315789473684 -0,36 0,432539682539683 0,646825396825397 -1 -1 -1 -1 -1 -1 -1 1 -1 1 
0,622727272727273 0,496842105263158 -0,608 0,485714285714286 0,7 -0,952 -1 1 -1 -1 -1 1 -1 1 -1 
0,657272727272727 0,409473684210526 -0,336 0,458730158730159 0,673015873015873 -0,748 -1 1 -1 -1 -1 1 -1 1 -1 
0,635454545454545 0,44421052631579 -0,00800000000000001 0,501587301587302 0,715873015873016 -0,876 -1 1 -1 -1 -1 -1 1 1 -1 
0,610909090909091 0,454736842105264 -0,176 0,458730158730159 0,673015873015873 -0,968 -1 1 -1 -1 -1 -1 1 1 -1 
0,516363636363636 0,597894736842105 -0,2 0,424603174603175 0,638888888888889 -1 -1 1 -1 -1 -1 -1 1 1 -1 
0,580909090909091 0,522105263157895 -0,28 0,43015873015873 0,644444444444444 -0,996 -1 1 -1 -1 -1 -1 1 1 -1 
0,619090909090909 0,438947368421053 0,032 0,48968253968254 0,703968253968254 -0,92 -1 1 -1 -1 -1 -1 1 1 -1 
0,58 0,618947368421052 -0,712 0,434126984126984 0,648412698412698 -1 -1 -1 -1 -1 -1 -1 1 1 -1 
0,570909090909091 0,641052631578948 -0,472 0,438888888888889 0,653174603174603 -1 -1 -1 -1 -1 -1 1 -1 1 -1 
0,566363636363636 0,662105263157896 -0,608 0,446031746031746 0,66031746031746 -1 -1 -1 -1 -1 -1 -1 -1 -1 -1 
0,55 0,633684210526316 -0,848 0,442857142857143 0,657142857142857 -1 -1 -1 -1 -1 -1 1 -1 1 -1 
0,550909090909091 0,571578947368421 -0,984 0,424603174603175 0,638888888888889 -1 -1 -1 -1 -1 -1 1 -1 1 -1 
