268630 99999  19860101    11.9  8    11.1  8  1014.9  8  9999.9  0    1.6  8    2.2  8    3.9  999.9    18.5*    5.5   0.00E   3.1  101000 
268630 99999  19860102    10.8  8     9.8  8  1014.2  8  9999.9  0    1.6  8    4.4  8    5.8  999.9    13.8     2.3*  0.01E   3.1  100000 
268630 99999  19860103    14.7  9    12.5  9  1010.2  9  9999.9  0    3.1  9    6.0  9    7.8  999.9    19.6     4.6*  0.04E   3.1  001000 
268630 99999  19860104    23.7  8    22.3  8  1010.4  8  9999.9  0    1.5  8    4.6  8    5.8  999.9    26.1    19.0   0.01F 999.9  101000 
268630 99999  19860105    27.9  8    27.1  8  1006.7  8  9999.9  0    0.7  8    9.0  8   13.6   19.4    30.6    24.6   0.00G   3.5  101000 
268630 99999  19860106    17.8  8    14.2  8  1009.4  8  9999.9  0    4.3  8   12.9  8   35.0  999.9    21.0*   14.5*  0.35G   5.5  001000 
268630 99999  19860107    15.3  8    13.6  8  1012.4  8  9999.9  0    1.5  8    5.1  8    7.8  999.9    21.9*   10.9*  0.00G   5.9  100000 
268630 99999  19860108    19.3  8    18.3  8  1007.4  8  9999.9  0    0.7  8    6.7  7   11.7  999.9    21.2    13.8   0.08E   5.9  101000 
268630 99999  19860109    15.6  7    12.5  7  1005.5  7  9999.9  0    3.2  7   13.9  7   19.4  999.9    19.6*   12.4*  0.20F   9.1  001000 
268630 99999  19860110    12.5  8    10.3  8  1012.2  8  9999.9  0    4.0  8    8.7  8   11.7  999.9    15.6     7.7*  0.04F   9.4  001000 
268630 99999  19860111    13.9  8    12.3  8  1013.2  8  9999.9  0    4.6  8    6.8  8    9.7  999.9    16.2*    5.2   0.02F   9.4  001000 
268630 99999  19860112    19.7  8    18.6  8  1006.8  8  9999.9  0    1.4  8    6.3  8    7.8  999.9    24.6*   15.3   0.05F   9.4  101000 
268630 99999  19860113    28.9  8    27.6  8  1004.5  8  9999.9  0    1.2  8    7.3  8    9.7  999.9    30.2    21.9   0.04F 999.9  101000 
268630 99999  19860114    30.8  8    29.4  8   994.1  8  9999.9  0    1.9  8   11.2  8   11.7   19.4    32.0    29.3   0.11F   9.4  001000 
268630 99999  19860115    31.5  8    30.1  8   985.3  8  9999.9  0    4.5  8   10.0  8   11.7   21.4    33.1    29.7   0.24G  12.2  001000 
268630 99999  19860116    26.4  8    24.0  8   990.4  7  9999.9  0    4.8  8   15.8  8   23.3   29.1    31.6*   20.1*  0.08G  11.4  001000 
268630 99999  19860117    10.6  7     7.1  7  1006.9  7  9999.9  0    8.9  7    7.8  7   11.7   23.3    16.9*    2.5*  0.08G  11.0  001000 
268630 99999  19860118     7.3  8     5.0  8  1010.5  8  9999.9  0    7.2  8    7.5  8   11.7  999.9    16.0*    2.3   0.02G  11.4  001000 
268630 99999  19860119    17.4  8    14.9  8  1001.1  8  9999.9  0    6.4  8    9.0  8   11.7  999.9    21.6*   11.7   0.03G  11.8  001000 
268630 99999  19860120    30.1  8    29.0  8   988.2  7  9999.9  0    2.6  8   15.3  8   21.4   35.0    33.1    17.4   0.03G  12.6  011000 
268630 99999  19860121    15.2  8    10.9  8  1010.5  8  9999.9  0    8.3  8   12.9  8   25.3   42.7    25.5*    6.3   0.35G  14.6  001000 
268630 99999  19860122    31.4  8    27.9  8  1009.3  8  9999.9  0    5.6  8   10.9  8   11.7  999.9    32.7*   19.4   0.03G  13.0  001000 
268630 99999  19860123    31.9  8    29.1  7  1004.5  8  9999.9  0    4.1  8    9.7  8   13.6  999.9    35.2    28.4*  0.00G  13.0  001000 
268630 99999  19860124    30.4  8    28.5  8   997.1  8  9999.9  0    1.8  8   14.3  8   17.5   27.2    32.7    27.7   0.00E  13.0  110000 
268630 99999  19860125    33.6  8    33.4  8   997.1  8  9999.9  0    0.7  8   11.2  8   13.6   21.4    34.9*   31.8   0.04E  13.0  110000 
268630 99999  19860126    32.6  8    31.0  8   999.6  8  9999.9  0    5.7  8   14.6  8   19.4   35.0    34.7*   31.8   0.12G  10.2  011000 
268630 99999  19860127    29.7  8    25.6  8  1013.8  8  9999.9  0    7.8  8   14.6  8   21.4   33.0    31.8    26.6*  0.12G  13.0  001000 
268630 99999  19860128    25.6  8    22.3  8  1028.8  8  9999.9  0    3.3  8    8.5  8    9.7  999.9    28.0    19.0   0.00G  13.0  000000 
268630 99999  19860129    25.7  8    21.2  8  1034.6  7  9999.9  0    7.0  8    9.2  8   13.6  999.9    28.9    23.5   0.00G  13.4  000000 
268630 99999  19860130    25.7  8    21.2  8  1033.7  8  9999.9  0    8.3  8    9.0  8    9.7  999.9    27.7*   19.6   0.00E  13.4  001000 
268630 99999  19860131    20.8  8    15.1  8  1038.9  8  9999.9  0    9.5  8   13.8  8   15.5   23.3    24.3*   14.7*  0.00C  13.4  000000 
268630 99999  19860201     6.9  8     0.7  8  1043.4  7  9999.9  0    7.6  8   10.9  8   15.5  999.9    12.4     1.6*  0.00C 999.9  000000 
268630 99999  19860202     4.9  8    -2.2  8  1040.3  8  9999.9  0    8.9  8    5.6  8    7.8  999.9    14.2    -3.1   0.00C  13.4  000000 
268630 99999  19860203     2.3  8    -4.7  8  1037.4  8  9999.9  0    9.9  8    5.1  8    5.8  999.9     7.5*   -2.6   0.00H 999.9  001000 
268630 99999  19860204    -0.9  8    -6.8  7  1031.4  8  9999.9  0    3.3  8    1.2  8    3.9  999.9     9.1    -6.5   0.01E  13.4  001000 
268630 99999  19860205    -3.6  8   -10.0  8  1021.7  7  9999.9  0    3.0  8    4.9  8    5.8  999.9     1.6   -10.8  99.99   13.4  001000 
268630 99999  19860206     7.6  8     3.9  8  1017.2  7  9999.9  0    1.1  8   11.2  8   17.5   21.4    13.8    -2.0   0.20F  13.8  001000 
268630 99999  19860207    13.2  8     9.9  8  1022.4  8  9999.9  0    2.5  8   11.9  8   15.5   21.4    15.1    10.0*  0.16F  15.7  001000 
268630 99999  19860208     8.5  8     1.6  8  1026.4  8  9999.9  0    7.1  8    8.5  8   11.7  999.9    14.0     2.7   0.00E  15.0  001000 
268630 99999  19860209     9.8  7     1.6  7  1029.4  6  9999.9  0   10.2  7    6.7  7    7.8  999.9    15.6     3.2   0.00B 999.9  000000 
268630 99999  19860210     5.7  8    -2.5  8  1033.1  8  9999.9  0    7.7  8    4.6  8    5.8  999.9    15.4    -4.9*  0.00C 999.9  000000 
268630 99999  19860211     5.0  8    -3.4  8  1036.0  8  9999.9  0    5.7  8    3.6  8    5.8  999.9    16.7    -5.1   0.00C  15.0  000000 
268630 99999  19860212     7.5  8     0.1  8  1039.1  8  9999.9  0    3.3  8    2.4  8    3.9  999.9    18.0    -2.0   0.00C  15.0  100000 
268630 99999  19860213     2.4  8    -0.9  8  1032.4  8  9999.9  0    1.5  8    3.2  8    3.9  999.9    12.0    -3.8   0.00C  15.0  100000 
268630 99999  19860214     9.8  8     6.5  8  1034.6  8  9999.9  0    3.5  8    6.6  8    9.7  999.9    15.6    -2.0   0.00G 999.9  100000 
268630 99999  19860215    16.5  8    12.0  8  1038.2  7  9999.9  0    5.4  8    6.1  8    7.8  999.9    23.5     3.7*  0.01E  15.0  011000 
268630 99999  19861211    31.0  7    30.0  7  1031.2  7  9999.9  0    1.2  7    6.9  7    7.8  999.9    35.4    24.3   0.00C 999.9  100000 
268630 99999  19861212    30.9  8    26.8  8  1028.8  8  9999.9  0    5.4  8    6.6  8    7.8  999.9    33.4    29.5*  0.00G 999.9  000000 
268630 99999  19861213    26.0  8    19.8  8  1026.6  8  9999.9  0    7.9  8    6.3  8    9.7  999.9    29.7    24.4   0.00G 999.9  001000 
268630 99999  19861214    25.8  8    22.1  8  1017.3  8  9999.9  0    4.6  8    7.3  8    9.7  999.9    27.1    25.0   0.00G 999.9  001000 
268630 99999  19861215    14.6  8     9.9  8  1023.5  8  9999.9  0    3.9  8    9.2  8   13.6  999.9    25.0*    8.1*  0.03G   1.6  001000 
268630 99999  19861216     9.7  6     5.2  6  1019.4  6  9999.9  0    4.1  6   10.7  6   11.7  999.9    11.8     8.1   0.08G   2.0  001000 
268630 99999  19861217    15.5  8    12.1  8  1009.5  8  9999.9  0    1.6  8   13.6  8   15.5   25.3    24.8*    9.7   0.03G   2.0  001000 
268630 99999  19861218    29.9  8    27.4  8  1004.6  8  9999.9  0    3.1  8   10.0  8   13.6  999.9    32.9    21.6   0.12G   2.0  011000 
268630 99999  19861219    28.6  8    26.6  8   997.0  8  9999.9  0    1.5  8   10.7  8   15.5   27.2    30.9*   26.4*  0.04G 999.9  001000 
268630 99999  19861220    27.6  8    25.8  8   989.9  8  9999.9  0    1.6  8   10.7  8   13.6   25.3    30.0    25.5   0.00G 999.9  001000 
268630 99999  19861221    23.0  8    20.9  8   984.7  8  9999.9  0    1.4  8   11.2  8   13.6  999.9    24.6*   21.7*  0.31F   4.3  001000 
268630 99999  19861222    19.1  8    16.0  8  1001.0  8  9999.9  0    5.0  8   10.2  8   11.7  999.9    26.4     9.1*  0.04E 999.9  001000 
268630 99999  19861223    16.1  8    13.9  8  1012.5  8  9999.9  0    2.1  8    8.5  8   11.7  999.9    18.5*    8.2   0.02G 999.9  001000 
268630 99999  19861224    13.5  8    10.0  8  1018.7  8  9999.9  0    4.4  8   10.4  8   13.6  999.9    15.6*   12.0*  0.00G 999.9  001000 
268630 99999  19861225     6.1  8     2.4  8  1026.2  8  9999.9  0    3.5  8    7.0  8   11.7  999.9    11.7*    2.5*  0.01G 999.9  001000 
268630 99999  19861226     0.0  8    -4.4  8  1020.2  8  9999.9  0    3.6  8    1.7  8    5.8  999.9     5.2*   -8.5*  0.00G 999.9  101000 
268630 99999  19861227    -2.4  8    -6.4  8  1014.8  8  9999.9  0    1.9  8    2.2  8    3.9  999.9     3.7*   -9.2   0.00F   6.7  001000 
268630 99999  19861228     8.1  7     4.2  7  1010.0  7  9999.9  0    4.4  7    8.3  7   13.6  999.9     9.7    -4.2   0.01F 999.9  001000 
268630 99999  19861229    11.7  8     8.5  8  1002.6  8  9999.9  0    1.5  8   12.1  8   21.4  999.9    15.3     7.5   0.02F 999.9  001000 
268630 99999  19861230    23.7  8    21.4  8   986.2  8  9999.9  0    4.1  8   11.2  8   15.5   19.4    31.3    11.5   0.47F   5.9  001000 
268630 99999  19861231     7.5  6     4.1  6  1005.6  6  9999.9  0    2.3  6    9.7  6   15.5   21.4    14.9*   -3.3*  0.01F 999.9  101000 
