0,561818181818182 0,645263157894736 -0,848 0,405555555555556 0,61984126984127 -0,992 1 -1 -1 -1 -1 
0,554545454545455 0,553684210526316 -0,688 0,357142857142857 0,571428571428571 -1 1 1 -1 -1 -1 
0,595454545454545 0,429473684210526 -0,376 0,48968253968254 0,703968253968254 -0,996 -1 1 -1 -1 -1 
0,654545454545455 0,361052631578947 -0,552 0,5 0,714285714285714 -0,968 -1 1 -1 -1 -1 
0,611818181818182 0,487368421052631 -0,808 0,431746031746032 0,646031746031746 -1 1 -1 -1 -1 -1 
0,562727272727273 0,657894736842105 -0,92 0,428571428571429 0,642857142857143 -0,98 1 1 1 -1 -1 
0,635454545454545 0,609473684210526 -0,648 0,441269841269841 0,655555555555556 -0,964 1 1 -1 -1 -1 
0,585454545454546 0,610526315789474 -0,848 0,43968253968254 0,653968253968254 -1 1 -1 -1 -1 -1 
0,563636363636364 0,621052631578947 -0,824 0,412698412698413 0,626984126984127 -1 1 -1 -1 -1 -1 
0,581818181818182 0,569473684210527 -0,848 0,453174603174603 0,667460317460317 -1 -1 1 -1 -1 -1 
0,563636363636364 0,621052631578947 -0,824 0,412698412698413 0,626984126984127 -1 1 -1 -1 -1 -1 
0,581818181818182 0,569473684210527 -0,848 0,453174603174603 0,667460317460317 -1 -1 1 -1 -1 -1 
0,644545454545455 0,445263157894736 -0,576 0,457142857142857 0,671428571428571 -0,972 -1 1 -1 -1 1 
0,670909090909091 0,303157894736842 -0,6 0,523015873015873 0,737301587301587 -1 -1 1 -1 -1 -1 
0,674545454545455 0,132631578947369 -0,472 0,544444444444444 0,758730158730159 -0,7 -1 1 -1 -1 -1 
0,674545454545455 0,132631578947369 -0,472 0,544444444444444 0,758730158730159 -0,7 -1 1 -1 -1 -1 
0,554545454545455 0,213684210526315 -0,648 0,453174603174603 0,667460317460317 -1 -1 -1 -1 -1 -1 
0,570909090909091 0,321052631578947 -0,728 0,364285714285714 0,578571428571429 -1 -1 -1 -1 -1 -1 
0,59 0,393684210526316 -0,728 0,471428571428571 0,685714285714286 0,324 -1 1 -1 -1 -1 
0,572727272727273 0,476842105263157 -0,808 0,403968253968254 0,618253968253968 -1 -1 -1 -1 -1 -1 
0,604545454545455 0,562105263157895 -0,848 0,45 0,664285714285714 -0,996 1 -1 -1 -1 -1 
0,625454545454545 0,552631578947368 -0,824 0,475396825396825 0,68968253968254 -0,968 -1 1 -1 -1 -1 
0,611818181818182 0,504210526315789 -0,728 0,426984126984127 0,641269841269841 -1 1 -1 -1 -1 -1 
0,663636363636364 0,450526315789473 -0,728 0,5 0,714285714285714 -1 -1 -1 -1 -1 -1 
0,690909090909091 0,446315789473684 -0,688 0,546031746031746 0,76031746031746 -1 -1 -1 -1 -1 -1 
0,574545454545455 0,625263157894738 -0,88 0,41984126984127 0,634126984126984 -1 -1 -1 -1 -1 -1 
0,551818181818182 0,713684210526315 -0,864 0,371428571428571 0,585714285714286 -1 1 -1 -1 -1 -1 
0,596363636363636 0,734736842105263 -0,848 0,414285714285714 0,628571428571429 -1 1 -1 -1 -1 -1 
0,587272727272727 0,772631578947369 -0,848 0,41984126984127 0,634126984126984 -1 1 -1 -1 -1 -1 
0,577272727272727 0,766315789473684 -0,848 0,388888888888889 0,603174603174603 -1 1 -1 -1 -1 -1 
0,502727272727273 0,746315789473685 -0,672 0,335714285714286 0,55 -1 -1 -1 -1 -1 -1 
0,552727272727273 0,677894736842106 -0,672 0,43015873015873 0,644444444444444 -1 -1 -1 -1 -1 -1 
0,595454545454545 0,557894736842105 -0,424 0,435714285714286 0,65 -1 -1 -1 -1 -1 -1 
0,608181818181818 0,545263157894736 -0,44 0,528571428571429 0,742857142857143 -1 -1 -1 -1 -1 -1 
0,585454545454546 0,615789473684211 -0,768 0,403174603174603 0,617460317460317 -1 1 -1 -1 -1 -1 
0,627272727272727 0,618947368421052 -0,776 0,457142857142857 0,671428571428571 -1 -1 -1 -1 -1 -1 
0,644545454545455 0,573684210526316 -0,824 0,476984126984127 0,691269841269841 -1 1 -1 -1 -1 -1 
0,568181818181818 0,623157894736843 -0,808 0,398412698412698 0,612698412698413 -1 1 -1 -1 -1 -1 
0,529090909090909 0,709473684210527 -0,848 0,378571428571429 0,592857142857143 -1 -1 -1 -1 -1 -1 
0,540909090909091 0,762105263157896 -0,864 0,405555555555556 0,61984126984127 -1 -1 -1 -1 -1 -1 
0,58 0,738947368421053 -0,848 0,376984126984127 0,591269841269841 -1 -1 -1 -1 -1 -1 
0,607272727272727 0,66 -0,784 0,41984126984127 0,634126984126984 -1 -1 -1 -1 -1 -1 
0,657272727272727 0,614736842105263 -0,784 0,458730158730159 0,673015873015873 -1 -1 -1 -1 -1 -1 
0,675454545454545 0,551578947368421 -0,816 0,473015873015873 0,687301587301587 -1 -1 -1 -1 -1 -1 
0,682727272727273 0,560000000000001 -0,744 0,501587301587302 0,715873015873016 -0,968 -1 1 -1 -1 -1 
0,579090909090909 0,533684210526316 -0,808 0,446825396825397 0,661111111111111 -1 -1 1 -1 -1 -1 
0,608181818181818 0,501052631578948 -0,744 0,474603174603175 0,688888888888889 -1 -1 -1 -1 -1 -1 
0,597272727272727 0,509473684210526 -0,568 0,471428571428571 0,685714285714286 -1 -1 -1 -1 -1 -1 
0,603636363636364 0,565263157894737 -0,864 0,487301587301587 0,701587301587302 -1 -1 -1 -1 -1 -1 
0,599090909090909 0,553684210526316 -0,768 0,488888888888889 0,703174603174603 -1 -1 -1 -1 -1 -1 
0,485454545454545 0,681052631578948 -0,728 0,41984126984127 0,634126984126984 -1 -1 -1 -1 -1 -1 
0,497272727272727 0,69578947368421 -0,688 0,385714285714286 0,6 -1 -1 -1 -1 -1 -1 
0,519090909090909 0,617894736842106 -0,864 0,381746031746032 0,596031746031746 -1 -1 -1 -1 -1 -1 
0,552727272727273 0,712631578947369 -0,728 0,412698412698413 0,626984126984127 -1 1 -1 -1 -1 -1 
0,57 0,7 -0,8 0,441269841269841 0,655555555555556 -1 -1 -1 -1 -1 -1 
0,461818181818182 0,653684210526315 -0,336 0,391269841269841 0,605555555555556 -1 -1 -1 -1 -1 -1 
0,446363636363636 0,651578947368422 -0,24 0,398412698412698 0,612698412698413 -1 -1 -1 -1 -1 -1 
0,487272727272727 0,56421052631579 -0,104 0,437301587301587 0,651587301587301 -1 -1 -1 -1 -1 -1 
0,522727272727273 0,58421052631579 -0,688 0,435714285714286 0,65 -1 -1 -1 -1 -1 -1 
0,544545454545455 0,578947368421053 -0,576 0,468253968253968 0,682539682539683 -1 -1 -1 -1 -1 -1 
0,566363636363636 0,676842105263157 -0,784 0,418253968253968 0,632539682539683 -1 1 -1 -1 -1 -1 
0,570909090909091 0,678947368421053 -0,688 0,403968253968254 0,618253968253968 -1 1 1 -1 -1 -1 
0,603636363636364 0,658947368421052 -0,808 0,458730158730159 0,673015873015873 -0,984 1 1 -1 -1 -1 
0,622727272727273 0,578947368421053 -0,784 0,446031746031746 0,66031746031746 -1 1 1 -1 -1 -1 
0,673636363636364 0,547368421052632 -0,624 0,488888888888889 0,703174603174603 -0,984 -1 -1 -1 -1 -1 
0,550909090909091 0,671578947368421 -0,472 0,496031746031746 0,71031746031746 -1 -1 1 -1 -1 -1 
0,544545454545455 0,591578947368422 -0,552 0,464285714285714 0,678571428571429 -1 -1 -1 -1 -1 -1 
0,609090909090909 0,487368421052631 -0,496 0,471428571428571 0,685714285714286 -1 -1 1 -1 -1 -1 
0,559090909090909 0,456842105263158 0,576 0,508730158730159 0,723015873015873 -0,92 -1 -1 -1 -1 -1 
0,617272727272727 0,478947368421053 0,0560000000000001 0,514285714285714 0,728571428571429 -1 -1 -1 -1 -1 -1 
0,518181818181818 0,531578947368421 -0,304 0,468253968253968 0,682539682539683 -1 -1 -1 -1 -1 -1 
0,498181818181818 0,630526315789475 -0,584 0,45 0,664285714285714 -1 -1 -1 -1 -1 -1 
0,546363636363636 0,654736842105264 -0,536 0,446031746031746 0,66031746031746 -1 -1 -1 1 -1 -1 
0,665454545454546 0,517894736842106 -0,136 0,474603174603175 0,688888888888889 -1 -1 -1 -1 -1 -1 
0,604545454545455 0,475789473684211 -0,2 0,551587301587302 0,765873015873016 -1 -1 -1 -1 -1 -1 
0,555454545454545 0,595789473684211 -0,416 0,45 0,664285714285714 -1 -1 -1 -1 -1 -1 
0,583636363636364 0,605263157894737 -0,632 0,476984126984127 0,691269841269841 -1 -1 -1 -1 -1 -1 
0,558181818181818 0,606315789473684 -0,736 0,462698412698413 0,676984126984127 -1 -1 -1 -1 -1 -1 
0,566363636363636 0,538947368421053 -0,632 0,464285714285714 0,678571428571429 -1 -1 -1 -1 -1 -1 
0,585454545454546 0,422105263157895 -0,552 0,453968253968254 0,668253968253968 -0,992 -1 1 -1 -1 -1 
0,548181818181818 0,635789473684211 -0,448 0,437301587301587 0,651587301587301 -1 -1 -1 -1 -1 -1 
0,536363636363636 0,65578947368421 -0,336 0,414285714285714 0,628571428571429 -1 -1 -1 -1 -1 -1 
0,479090909090909 0,572631578947368 -0,224 0,405555555555556 0,61984126984127 -1 -1 -1 1 -1 -1 
0,507272727272727 0,478947368421053 -0,576 0,411111111111111 0,625396825396825 -1 -1 -1 1 -1 -1 
0,519090909090909 0,485263157894737 -0,512 0,408730158730159 0,623015873015873 -1 -1 1 1 -1 -1 
0,441818181818182 0,677894736842106 -0,672 0,371428571428571 0,585714285714286 -1 -1 -1 1 -1 -1 
0,446363636363636 0,678947368421053 -0,504 0,346031746031746 0,56031746031746 -1 -1 -1 -1 -1 -1 
0,501818181818182 0,603157894736842 -0,712 0,381746031746032 0,596031746031746 -0,992 -1 -1 1 -1 -1 
0,516363636363636 0,617894736842106 -0,576 0,351587301587302 0,565873015873016 -1 1 -1 1 -1 -1 
0,526363636363636 0,64 -0,456 0,348412698412698 0,562698412698413 -0,996 1 1 -1 -1 -1 
0,424545454545455 0,588421052631579 -0,576 0,387301587301587 0,601587301587302 -1 -1 -1 -1 -1 -1 
0,44 0,595789473684211 -0,576 0,373015873015873 0,587301587301587 -1 -1 1 1 -1 -1 
0,447272727272727 0,54421052631579 -0,672 0,365873015873016 0,58015873015873 -1 -1 -1 -1 -1 -1 
0,470909090909091 0,536842105263158 -0,688 0,421428571428571 0,635714285714286 -1 -1 -1 -1 -1 -1 
0,423636363636364 0,614736842105263 -0,52 0,396031746031746 0,61031746031746 -1 -1 -1 -1 -1 -1 
0,455454545454545 0,641052631578948 -0,288 0,378571428571429 0,592857142857143 -1 -1 -1 -1 -1 -1 
0,410909090909091 0,686315789473685 -0,472 0,378571428571429 0,592857142857143 -1 -1 -1 -1 -1 -1 
0,41 0,654736842105264 -0,368 0,396031746031746 0,61031746031746 -1 -1 -1 -1 -1 -1 
0,45 0,664210526315788 -0,288 0,391269841269841 0,605555555555556 -1 -1 -1 -1 -1 -1 
0,452727272727273 0,651578947368422 -0,6 0,403968253968254 0,618253968253968 -1 -1 -1 -1 -1 -1 
0,562727272727273 0,468421052631579 -0,568 0,418253968253968 0,632539682539683 -0,984 1 -1 1 -1 -1 
0,578181818181818 0,315789473684211 -0,472 0,425396825396825 0,63968253968254 -0,968 1 1 -1 -1 -1 
0,497272727272727 0,310526315789474 -0,344 0,432539682539683 0,646825396825397 -1 -1 -1 -1 -1 -1 
0,484545454545455 0,411578947368421 -0,0640000000000001 0,415873015873016 0,63015873015873 -1 -1 -1 -1 -1 -1 
0,461818181818182 0,514736842105263 -0,248 0,403968253968254 0,618253968253968 -1 -1 -1 -1 -1 -1 
0,647272727272727 0,521052631578947 -0,736 0,468253968253968 0,682539682539683 -1 -1 -1 -1 -1 -1 
0,564545454545455 0,511578947368421 -0,408 0,461111111111111 0,675396825396825 -1 -1 -1 -1 -1 -1 
0,538181818181818 0,597894736842105 -0,608 0,423015873015873 0,637301587301587 -1 -1 -1 -1 -1 -1 
0,496363636363636 0,610526315789474 -0,632 0,407142857142857 0,621428571428571 -1 -1 -1 -1 -1 -1 
0,482727272727273 0,654736842105264 -0,656 0,388888888888889 0,603174603174603 -1 -1 -1 -1 -1 -1 
0,440909090909091 0,602105263157895 0,0720000000000001 0,407142857142857 0,621428571428571 -0,988 -1 1 1 -1 -1 
0,461818181818182 0,684210526315789 -0,576 0,384126984126984 0,598412698412699 -1 -1 -1 -1 -1 -1 
0,530909090909091 0,598947368421052 -0,448 0,428571428571429 0,642857142857143 -1 -1 -1 -1 -1 -1 
0,615454545454545 0,537894736842106 0,152 0,531746031746032 0,746031746031746 -1 -1 -1 -1 -1 -1 
0,655454545454545 0,445263157894736 0,416 0,546825396825397 0,761111111111111 -0,988 -1 1 -1 -1 1 
0,461818181818182 0,684210526315789 -0,576 0,384126984126984 0,598412698412699 -1 -1 -1 -1 -1 -1 
0,530909090909091 0,598947368421052 -0,448 0,428571428571429 0,642857142857143 -1 -1 -1 -1 -1 -1 
0,615454545454545 0,537894736842106 0,152 0,531746031746032 0,746031746031746 -1 -1 -1 -1 -1 -1 
0,655454545454545 0,445263157894736 0,416 0,546825396825397 0,761111111111111 -0,988 -1 1 -1 -1 1 
0,540909090909091 0,533684210526316 -0,352 0,425396825396825 0,63968253968254 -0,988 -1 1 1 -1 -1 
0,391818181818182 0,454736842105264 -0,68 0,331746031746032 0,546031746031746 -1 -1 -1 -1 -1 -1 
0,436363636363636 0,509473684210526 -0,576 0,323015873015873 0,537301587301587 -1 1 -1 -1 -1 -1 
0,535454545454545 0,397894736842105 -0,752 0,398412698412698 0,612698412698413 -0,812 1 -1 1 -1 -1 
0,55 0,431578947368421 -0,752 0,4 0,614285714285714 -0,988 1 -1 -1 -1 -1 
0,58 0,357894736842105 -0,696 0,415873015873016 0,63015873015873 -0,716 1 1 1 -1 -1 
0,436363636363636 0,509473684210526 -0,576 0,323015873015873 0,537301587301587 -1 1 -1 -1 -1 -1 
0,535454545454545 0,397894736842105 -0,752 0,398412698412698 0,612698412698413 -0,812 1 -1 1 -1 -1 
0,55 0,431578947368421 -0,752 0,4 0,614285714285714 -0,988 1 -1 -1 -1 -1 
0,58 0,357894736842105 -0,696 0,415873015873016 0,63015873015873 -0,716 1 1 1 -1 -1 
0,66 0,388421052631579 -0,608 0,453174603174603 0,667460317460317 -0,848 1 1 -1 -1 1 
0,666363636363636 0,387368421052631 -0,24 0,492857142857143 0,707142857142857 -0,888 -1 1 -1 -1 -1 
0,625454545454545 0,438947368421053 -0,464 0,481746031746032 0,696031746031746 -0,992 -1 1 -1 -1 -1 
0,444545454545455 0,493684210526316 -0,088 0,464285714285714 0,678571428571429 -0,988 -1 -1 -1 -1 -1 
0,520909090909091 0,483157894736842 -0,72 0,405555555555556 0,61984126984127 -0,94 -1 -1 1 -1 -1 
0,554545454545455 0,412631578947369 -0,768 0,408730158730159 0,623015873015873 -0,888 1 1 1 -1 -1 
0,392727272727273 0,677894736842106 -0,76 0,323015873015873 0,537301587301587 -1 -1 -1 -1 -1 -1 
0,450909090909091 0,609473684210526 -0,472 0,378571428571429 0,592857142857143 -1 -1 -1 1 -1 -1 
0,528181818181818 0,571578947368421 -0,712 0,421428571428571 0,635714285714286 -0,904 1 -1 1 -1 -1 
0,551818181818182 0,621052631578947 -0,816 0,43015873015873 0,644444444444444 -1 -1 1 -1 -1 -1 
0,525454545454545 0,653684210526315 -0,656 0,45 0,664285714285714 -0,996 1 -1 -1 -1 -1 
0,539090909090909 0,491578947368422 -0,736 0,408730158730159 0,623015873015873 -0,996 1 -1 1 -1 -1 
0,509090909090909 0,482105263157894 -0,8 0,364285714285714 0,578571428571429 -0,992 1 -1 1 -1 -1 
0,507272727272727 0,477894736842105 -0,704 0,353968253968254 0,568253968253968 -1 -1 -1 1 -1 -1 
0,56 0,457894736842105 -0,704 0,426984126984127 0,641269841269841 -0,992 1 1 1 -1 -1 
0,578181818181818 0,465263157894737 -0,568 0,428571428571429 0,642857142857143 -0,768 -1 1 -1 -1 -1 
0,564545454545455 0,474736842105263 -0,536 0,417460317460317 0,631746031746032 -0,836 1 1 -1 -1 -1 
0,588181818181818 0,489473684210526 -0,568 0,438888888888889 0,653174603174603 -1 1 1 -1 -1 -1 
0,6 0,490526315789474 -0,504 0,446825396825397 0,661111111111111 -1 -1 -1 -1 -1 -1 
0,609090909090909 0,514736842105263 -0,576 0,458730158730159 0,673015873015873 -1 -1 1 -1 -1 -1 
0,572727272727273 0,558947368421053 -0,768 0,444444444444444 0,658730158730159 -1 1 -1 -1 -1 -1 
0,522727272727273 0,472631578947368 -0,704 0,365873015873016 0,58015873015873 -0,968 -1 -1 1 -1 -1 
0,464545454545455 0,507368421052632 -0,76 0,353174603174603 0,567460317460317 -0,92 -1 -1 1 -1 -1 
0,390909090909091 0,490526315789474 -0,784 0,28015873015873 0,494444444444444 -0,992 -1 -1 -1 -1 -1 
0,442727272727273 0,431578947368421 -0,624 0,323015873015873 0,537301587301587 -1 -1 -1 -1 -1 -1 
0,477272727272727 0,454736842105264 -0,696 0,326984126984127 0,541269841269841 -1 1 -1 -1 -1 -1 
0,461818181818182 0,473684210526316 -0,616 0,33968253968254 0,553968253968254 -0,876 -1 -1 -1 -1 -1 
0,361818181818182 0,516842105263158 -0,416 0,334126984126984 0,548412698412698 -1 -1 -1 -1 -1 -1 
0,414545454545455 0,549473684210527 -0,6 0,341269841269841 0,555555555555556 -1 -1 -1 -1 -1 -1 
0,475454545454545 0,482105263157894 -0,504 0,31984126984127 0,534126984126984 -0,988 -1 -1 1 -1 -1 
0,578181818181818 0,414736842105263 -0,624 0,412698412698413 0,626984126984127 -0,976 -1 1 1 -1 -1 
0,458181818181818 0,582105263157894 0,032 0,384126984126984 0,598412698412699 -1 -1 -1 1 -1 -1 
0,471818181818182 0,58 -0,36 0,385714285714286 0,6 -0,9 -1 -1 -1 -1 -1 
0,498181818181818 0,585263157894737 -0,64 0,391269841269841 0,605555555555556 -1 -1 -1 -1 -1 -1 
0,532727272727273 0,591578947368422 -0,744 0,424603174603175 0,638888888888889 -1 -1 -1 1 -1 -1 
0,542727272727273 0,585263157894737 -0,712 0,414285714285714 0,628571428571429 -0,96 -1 1 1 -1 -1 
0,550909090909091 0,538947368421053 -0,752 0,434126984126984 0,648412698412698 -1 -1 -1 -1 -1 -1 
0,57 0,567368421052631 -0,784 0,455555555555556 0,66984126984127 -1 -1 -1 -1 -1 -1 
0,590909090909091 0,516842105263158 -0,856 0,462698412698413 0,676984126984127 -0,952 1 1 -1 -1 -1 
0,525454545454545 0,550526315789473 -0,64 0,396031746031746 0,61031746031746 -1 1 -1 -1 -1 -1 
0,492727272727273 0,591578947368422 -0,712 0,384126984126984 0,598412698412699 -1 -1 -1 -1 -1 -1 
0,448181818181818 0,576842105263157 -0,784 0,33968253968254 0,553968253968254 -1 -1 -1 1 -1 -1 
0,501818181818182 0,503157894736842 -0,552 0,373015873015873 0,587301587301587 -1 -1 -1 1 -1 -1 
0,401818181818182 0,552631578947368 -0,576 0,331746031746032 0,546031746031746 -0,912 -1 -1 -1 -1 -1 
0,404545454545455 0,588421052631579 -0,608 0,31031746031746 0,524603174603175 -1 -1 -1 -1 -1 -1 
0,387272727272727 0,631578947368421 -0,616 0,307142857142857 0,521428571428571 -1 -1 -1 -1 -1 -1 
0,542727272727273 0,397894736842105 -0,88 0,401587301587302 0,615873015873016 -0,888 -1 -1 1 -1 -1 
0,574545454545455 0,424210526315789 -0,88 0,425396825396825 0,63968253968254 -1 -1 -1 -1 -1 -1 
0,548181818181818 0,414736842105263 -0,824 0,405555555555556 0,61984126984127 -0,984 1 1 -1 -1 -1 
0,466363636363636 0,487368421052631 -1 0,36031746031746 0,574603174603175 -1 -1 -1 1 -1 -1 
0,477272727272727 0,52 -0,96 0,346825396825397 0,561111111111111 -1 -1 -1 -1 -1 -1 
0,468181818181818 0,481052631578948 -0,952 0,288888888888889 0,503174603174603 -1 1 -1 1 -1 -1 
0,391818181818182 0,494736842105263 -0,624 0,257142857142857 0,471428571428571 -0,936 -1 -1 1 -1 -1 
0,343636363636364 0,578947368421053 -0,768 0,161111111111111 0,375396825396825 -1 -1 -1 -1 -1 -1 
0,336363636363636 0,683157894736843 -0,656 0,237301587301587 0,451587301587302 -1 -1 -1 -1 -1 -1 
0,293636363636364 0,76 -0,96 0,146031746031746 0,36031746031746 -1 1 -1 -1 -1 -1 
0,523636363636364 0,531578947368421 -0,944 0,394444444444444 0,608730158730159 -1 -1 -1 1 -1 -1 
0,464545454545455 0,582105263157894 -0,808 0,367460317460317 0,581746031746032 -1 -1 -1 1 -1 -1 
0,367272727272727 0,539999999999999 -0,864 0,326984126984127 0,541269841269841 -1 -1 -1 1 -1 -1 
0,29 0,549473684210527 -0,44 0,23968253968254 0,453968253968254 -1 -1 -1 -1 -1 -1 
0,310909090909091 0,627368421052631 -0,912 0,207142857142857 0,421428571428571 -1 -1 -1 -1 -1 -1 
0,517272727272727 0,708421052631579 -0,808 0,348412698412698 0,562698412698413 -1 -1 -1 -1 -1 -1 
0,511818181818182 0,590526315789474 -0,808 0,382539682539683 0,596825396825397 -1 1 -1 -1 -1 -1 
0,533636363636364 0,504210526315789 -0,88 0,394444444444444 0,608730158730159 -1 -1 -1 1 -1 -1 
0,551818181818182 0,474736842105263 -0,88 0,407142857142857 0,621428571428571 -0,992 -1 1 1 -1 -1 
0,491818181818182 0,54421052631579 -0,6 0,351587301587302 0,565873015873016 -0,988 -1 1 1 -1 -1 
0,475454545454545 0,511578947368421 -0,744 0,351587301587302 0,565873015873016 -0,968 -1 -1 1 -1 -1 
0,481818181818182 0,561052631578947 -0,848 0,318253968253968 0,532539682539683 -1 1 -1 1 -1 -1 
0,503636363636364 0,511578947368421 -0,608 0,357142857142857 0,571428571428571 -1 1 -1 -1 -1 -1 
0,491818181818182 0,538947368421053 -0,608 0,362698412698413 0,576984126984127 -1 -1 -1 -1 -1 -1 
0,499090909090909 0,587368421052631 -0,824 0,362698412698413 0,576984126984127 -0,992 -1 -1 1 -1 -1 
