268630 99999  19860616    67.2  7    52.8  7  1019.1  7  9999.9  0   11.5  7    8.6  7   13.6   25.3    76.3    51.6   0.00B 999.9  000000 
268630 99999  19860617    63.3  9    48.5  9  1019.6  9  9999.9  0   12.4  9    5.6  9    9.7  999.9    73.9    51.1   0.00C 999.9  000000 
268630 99999  19860618    65.6  8    50.2  8  1019.6  8  9999.9  0   12.4  8    5.3  8    9.7  999.9    76.1*   49.3   0.00C 999.9  000000 
268630 99999  19860619    70.7  8    52.9  8  1018.8  8  9999.9  0   12.0  8    5.6  8    7.8  999.9    82.9    54.5   0.00C 999.9  000000 
268630 99999  19860620    69.5  8    57.9  8  1014.1  8  9999.9  0   10.5  8    6.6  8   19.4  999.9    81.7    59.4   0.02E 999.9  010010 
268630 99999  19860621    62.5  8    51.2  8  1007.6  8  9999.9  0   12.0  8    8.3  8   11.7  999.9    70.3    54.0*  0.00C 999.9  000000 
268630 99999  19860622    57.6  8    50.0  8  1003.4  8  9999.9  0    8.8  8    7.0  8    9.7  999.9    66.2    50.7   0.00G 999.9  010000 
268630 99999  19860623    53.1  8    43.0  8  1004.9  8  9999.9  0    9.6  8    8.0  8   11.7  999.9    58.5    49.1*  0.03F 999.9  010000 
268630 99999  19860624    49.7  8    42.7  8  1009.7  8  9999.9  0   11.3  8   10.2  8   15.5   25.3    53.1    46.0   0.08E 999.9  010000 
268630 99999  19860625    50.7  8    43.2  8  1012.1  8  9999.9  0   10.3  8   12.1  8   15.5   23.3    55.6    46.6   0.04F 999.9  010000 
268630 99999  19860626    53.1  7    51.1  7  1010.0  7  9999.9  0    6.9  7    8.3  7    9.7   21.4    56.5*   48.7   0.16G 999.9  010000 
268630 99999  19860627    56.6  8    49.8  8  1017.2  8  9999.9  0    7.7  8    5.8  8   11.7  999.9    66.6    51.3*  0.51G 999.9  010000 
268630 99999  19860628    61.2  8    49.0  8  1014.5  8  9999.9  0    9.8  8    1.9  8    3.9  999.9    71.4    45.3   0.00G 999.9  000000 
268630 99999  19860629    59.4  8    54.7  8  1008.1  8  9999.9  0    6.4  8    1.9  8    5.8  999.9    68.5    53.6   0.35F 999.9  010010 
268630 99999  19860630    62.7  8    53.4  8  1010.1  8  9999.9  0   11.5  8    7.0  8   11.7   23.3    70.5    54.0   0.00C 999.9  000000 
268630 99999  19860701    62.4  8    52.7  8  1013.4  8  9999.9  0   12.4  8    9.0  8   11.7   21.4    72.1    55.4   0.00C 999.9  000000 
268630 99999  19860702    63.9  8    51.4  8  1017.5  8  9999.9  0   12.4  8    3.6  8    7.8  999.9    76.5    48.2   0.00C 999.9  000000 
268630 99999  19860703    70.4  8    55.7  8  1014.4  8  9999.9  0   12.4  8    6.1  8   11.7  999.9    83.3    54.3   0.00C 999.9  000000 
268630 99999  19860704    70.4  8    59.9  8  1016.0  8  9999.9  0   10.9  8    4.1  8    5.8  999.9    81.5*   56.8   0.00C 999.9  000000 
268630 99999  19860705    70.6  8    58.6  8  1014.6  8  9999.9  0    7.8  8    4.9  8    9.7  999.9    81.0    59.7   0.00G 999.9  000010 
268630 99999  19860706    74.5  8    59.2  8  1011.5  8  9999.9  0   10.5  8    5.8  7    9.7  999.9    86.9    59.4   0.00C 999.9  000000 
268630 99999  19860707    78.0  8    56.6  7  1005.9  8  9999.9  0   11.7  8   10.7  8   17.5   21.4    90.1    61.9   0.00C 999.9  000000 
268630 99999  19860708    66.2  8    63.8  7  1004.2  8  9999.9  0    2.6  8    4.9  8    7.8  999.9    73.9    62.6   0.01G 999.9  010010 
268630 99999  19860709    57.7  8    56.3  8  1002.2  7  9999.9  0    4.4  8    9.7  8   13.6   21.4    78.1    52.9*  0.59G 999.9  010000 
268630 99999  19860710    54.3  8    49.5  8  1001.1  8  9999.9  0    8.1  8   16.0  8   19.4   23.3    57.4    51.4   0.00G 999.9  010000 
268630 99999  19860711    54.9  8    46.0  7   999.7  8  9999.9  0   12.4  8   18.9  8   25.3   35.0    65.5    50.4   0.39G 999.9  000000 
268630 99999  19860712    52.5  8    47.7  8  1001.4  8  9999.9  0   12.4  8   17.7  8   23.3   31.1    60.3    49.5   0.00G 999.9  010000 
268630 99999  19860713    54.6  8    49.3  8  1006.1  8  9999.9  0   12.4  8   14.3  8   19.4   29.1    59.9    50.9   0.04F 999.9  010000 
268630 99999  19860714    57.0  8    46.8  8  1012.1  8  9999.9  0   11.7  8   10.7  8   15.5   23.3    64.6    49.8   0.00E 999.9  010000 
268630 99999  19860715    58.1  8    54.9  8  1014.3  8  9999.9  0    7.1  8    8.5  8    9.7  999.9    64.4    54.3   0.04G 999.9  010000 
268630 99999  19860716    60.3  8    54.4  8  1018.0  8  9999.9  0    6.2  8    8.7  8   11.7  999.9    69.1*   52.7   0.28G 999.9  000000 
268630 99999  19860717    61.0  8    56.7  8  1016.6  7  9999.9  0    6.9  8    5.8  8    7.8   27.2    71.8    53.1   0.00G 999.9  000010 
268630 99999  19860718    63.4  8    55.0  8  1015.1  8  9999.9  0    7.4  8    3.2  8    5.8  999.9    74.1    49.5   0.00B 999.9  100000 
268630 99999  19860719    64.5  7    54.6  7  1016.0  7  9999.9  0    7.8  7    2.5  7    7.8  999.9    76.5    53.1   0.00C 999.9  000000 
268630 99999  19860720    68.9  8    55.2  7  1017.3  8  9999.9  0    8.2  8    2.4  8    5.8  999.9    80.4    54.1   0.00G 999.9  000000 
268630 99999  19860721    67.1  8    60.6  8  1014.5  8  9999.9  0    5.2  8    4.9  8    7.8   31.1    78.4    59.9   0.04E 999.9  010000 
268630 99999  19860722    60.8  8    51.6  8  1014.1  8  9999.9  0    8.2  8    7.3  8   11.7   19.4    68.9    54.7*  0.00C 999.9  000000 
268630 99999  19860723    61.8  8    51.9  8  1015.6  8  9999.9  0    6.4  8    1.9  8    5.8  999.9    73.0    52.3   0.00G 999.9  000000 
268630 99999  19860724    64.1  8    51.6  8  1013.9  8  9999.9  0    5.7  8    5.8  8   11.7  999.9    76.8    48.9   0.00C 999.9  000000 
268630 99999  19860725    65.3  8    55.9  8  1006.5  8  9999.9  0    6.4  8    9.5  8   19.4   31.1    77.9    55.2*  0.00G 999.9  000000 
268630 99999  19860726    55.7  8    53.1  8  1009.8  8  9999.9  0    4.6  8    3.6  8    9.7  999.9    61.0    50.0*  0.04G 999.9  110000 
268630 99999  19860727    60.4  8    51.4  8  1015.3  8  9999.9  0    4.9  8    4.9  8    9.7  999.9    69.4    47.8   0.08G 999.9  110000 
268630 99999  19860728    63.9  8    54.4  8  1019.1  8  9999.9  0    7.5  8    5.1  8    9.7  999.9    78.1    49.5   0.00G 999.9  000010 
268630 99999  19860729    67.1  8    55.6  8  1016.8  8  9999.9  0    6.1  8    6.6  8   13.6   23.3    78.8    53.6   0.00C 999.9  000000 
268630 99999  19860730    65.2  7    55.1  7  1013.8  7  9999.9  0    6.4  7    4.4  7    7.8  999.9    78.4    52.2   0.00C 999.9  000000 
268630 99999  19860731    68.0  8    56.3  8  1014.7  8  9999.9  0    7.5  8    3.2  8    5.8  999.9    79.9    54.1   0.00G 999.9  000000 
268630 99999  19860801    71.0  8    56.2  8  1018.3  8  9999.9  0    8.0  8    6.6  8   13.6  999.9    83.5    54.5   0.00C 999.9  000000 
268630 99999  19860802    70.4  8    61.6  8  1019.1  8  9999.9  0    8.8  8    5.1  8    9.7   21.4    79.3    61.5   0.00C 999.9  000010 
268630 99999  19860803    69.7  8    59.3  8  1022.5  8  9999.9  0    6.3  8    4.1  8    5.8  999.9    80.1    60.4   0.00G 999.9  100000 
268630 99999  19860804    69.1  8    56.2  8  1023.2  8  9999.9  0    8.5  8    2.4  8    3.9  999.9    82.2    55.2   0.00C 999.9  000000 
268630 99999  19860805    70.5  8    54.7  8  1020.3  8  9999.9  0    8.8  8    4.6  8    5.8  999.9    83.7    54.9   0.00G 999.9  000000 
268630 99999  19860806    66.8  8    58.3  7  1018.8  8  9999.9  0    6.1  8    6.3  8    9.7  999.9    78.1    57.0*  0.00C 999.9  000000 
268630 99999  19860807    64.1  8    50.7  8  1020.5  8  9999.9  0    8.2  8    3.4  8    5.8  999.9    76.8    48.7   0.00C 999.9  000000 
268630 99999  19860808    66.7  9    51.9  9  1018.2  9  9999.9  0    9.7  9    2.4  9    3.9  999.9    80.1    50.5   0.00C 999.9  000000 
268630 99999  19860809    70.2  8    57.0  7  1014.2  8  9999.9  0    9.4  8    5.3  8    7.8  999.9    81.5    57.6   0.00G 999.9  010000 
268630 99999  19860810    65.6  8    54.0  8  1017.2  8  9999.9  0    8.7  8    7.8  8    9.7  999.9    75.7    57.9*  0.12G 999.9  010000 
268630 99999  19860811    63.2  8    48.9  8  1019.1  8  9999.9  0    6.8  7    5.8  8   11.7  999.9    74.8    50.2   0.00G 999.9  000000 
268630 99999  19860812    65.3  8    55.0  8  1016.6  8  9999.9  0    6.3  8    5.1  8    7.8  999.9    75.7    56.1   0.04G 999.9  010000 
268630 99999  19860813    59.1  8    57.9  8  1009.3  8  9999.9  0    1.8  8    6.1  8    9.7  999.9    61.5    56.7   0.59F 999.9  010000 
268630 99999  19860814    59.9  8    51.3  8  1009.2  8  9999.9  0    7.5  8   10.2  8   13.6   25.3    70.7    52.3*  0.12E 999.9  010000 
268630 99999  19860815    53.6  9    50.6  9  1012.4  9  9999.9  0    5.0  9    8.8  9   13.6   21.4    64.8    47.1   0.12G 999.9  010010 
268630 99999  19870616    69.2  8    62.2  8  1003.9  8  9999.9  0    6.4  8   10.4  8   19.4  999.9    81.1    59.4   0.04E 999.9  010010 
268630 99999  19870617    57.9  8    49.2  8  1011.7  8  9999.9  0    9.7  8    5.6  8    7.8  999.9    63.9*   49.6   0.02E 999.9  000000 
268630 99999  19870618    53.1  7    50.5  7  1008.5  7  9999.9  0    6.3  7    7.2  7   11.7  999.9    55.8*   49.5*  0.00G 999.9  010000 
268630 99999  19870619    57.1  8    46.5  8  1012.2  8  9999.9  0    6.4  8    4.9  8    7.8  999.9    67.8    43.5   0.00C 999.9  000000 
268630 99999  19870620    61.6  8    48.6  8  1014.0  8  9999.9  0    7.3  8    3.9  8    5.8  999.9    71.1    47.1   0.00G 999.9  000000 
268630 99999  19870621    58.9  8    53.7  8  1012.8  8  9999.9  0    7.2  8    6.3  8    9.7  999.9    64.9*   50.4   0.00E 999.9  010000 
268630 99999  19870622    60.9  7    54.1  7  1015.6  7  9999.9  0    5.8  7    4.2  7    7.8  999.9    68.7*   54.3* 99.99  999.9  010000 
268630 99999  19870623    61.8  8    54.1  8  1016.2  8  9999.9  0    6.2  8    2.2  8    5.8  999.9    68.5    54.0   0.04E 999.9  010000 
268630 99999  19870624    61.1  8    54.5  8  1012.1  8  9999.9  0    5.7  8    3.2  8    7.8   25.3    72.1    48.9   0.12E 999.9  010010 
268630 99999  19870625    60.3  8    52.8  8  1012.8  8  9999.9  0    5.2  8    7.3  8   11.7  999.9    71.2    51.6   0.08E 999.9  110000 
268630 99999  19870626    59.2  8    48.9  8  1018.1  8  9999.9  0    8.0  8    8.0  8   11.7  999.9    65.3    54.9   0.08E 999.9  010000 
268630 99999  19870627    63.8  8    52.4  8  1020.1  8  9999.9  0    8.5  8   10.7  8   15.5   19.4    73.8    50.4   0.00H 999.9  010000 
268630 99999  19870628    61.0  9    53.5  9  1017.3  9  9999.9  0    5.3  9    7.3  9   11.7  999.9    70.0    50.5*  0.24F 999.9  010000 
268630 99999  19870629    57.9  8    47.8  8  1021.3  8  9999.9  0    8.9  8    9.5  8   13.6  999.9    67.3    47.3   0.00C 999.9  000000 
268630 99999  19870630    62.4  8    50.5  8  1018.0  8  9999.9  0    9.7  8   10.7  8   17.5  999.9    69.8    54.7*  0.00E 999.9  010000 
268630 99999  19870701    64.4  8    57.8  8  1018.1  7  9999.9  0    8.2  8    5.6  8   11.7   23.3    76.8    50.2   0.08E 999.9  010010 
268630 99999  19870702    67.9  8    61.2  7  1015.9  8  9999.9  0    5.4  8    6.8  8   13.6  999.9    74.8    57.4*  0.39E 999.9  000010 
268630 99999  19870703    61.0  8    50.2  8  1021.1  8  9999.9  0    7.2  8    6.6  8    9.7  999.9    70.3    48.2   0.00G 999.9  000000 
268630 99999  19870704    61.5  8    50.5  8  1019.5  8  9999.9  0    8.2  8    3.6  8    5.8  999.9    69.8*   47.5   0.00C 999.9  000000 
268630 99999  19870705    57.4  7    43.9  7  1021.1  7  9999.9  0    9.1  7    9.2  7   11.7  999.9    64.2    48.4*  0.00G 999.9  000000 
268630 99999  19870706    57.5  8    44.2  8  1023.1  8  9999.9  0    8.6  8    6.6  8    9.7  999.9    69.8    40.6   0.00G 999.9  000000 
268630 99999  19870707    64.4  8    54.0  8  1017.7  7  9999.9  0    6.1  8    9.0  8   11.7  999.9    74.8    50.7   0.00C 999.9  000000 
268630 99999  19870708    69.6  8    57.7  8  1013.2  8  9999.9  0    6.3  8    6.6  8    9.7  999.9    80.1    57.4   0.00C 999.9  000000 
268630 99999  19870709    71.1  9    59.5  8  1008.6  9  9999.9  0    5.8  9    8.6  9   13.6  999.9    83.3    62.2*  0.05F 999.9  010010 
268630 99999  19870710    60.4  7    52.6  7  1010.9  7  9999.9  0    5.9  7   10.0  7   17.5   27.2    68.2    50.2*  0.08E 999.9  110000 
268630 99999  19870711    56.5  8    45.7  8  1014.2  8  9999.9  0    9.1  8   10.4  8   15.5   27.2    66.6    45.5   0.04G 999.9  000000 
268630 99999  19870712    57.1  8    51.0  8  1013.7  8  9999.9  0    4.9  8    5.6  8    7.8  999.9    66.4    46.6   0.00G 999.9  010000 
268630 99999  19870713    60.6  8    54.6  8  1010.0  8  9999.9  0    5.4  8    9.2  8   17.5   23.3    66.9    56.5*  0.75G 999.9  110000 
268630 99999  19870714    56.7  8    50.8  8  1014.8  8  9999.9  0    6.2  8    7.8  8    9.7  999.9    61.0    53.8   0.04G 999.9  010000 
268630 99999  19870715    57.7  8    52.5  8  1018.4  8  9999.9  0    6.4  8    7.0  8    9.7  999.9    65.8    48.7   0.00G 999.9  100000 
268630 99999  19870716    57.4  8    49.2  8  1018.6  8  9999.9  0    5.8  8    5.3  8    9.7  999.9    66.2    47.8   0.02E 999.9  000000 
268630 99999  19870717    56.2  8    47.9  8  1016.9  8  9999.9  0    7.8  8    2.9  8    5.8  999.9    65.3    42.8   0.00C 999.9  000000 
268630 99999  19870718    57.7  8    46.7  8  1014.3  8  9999.9  0    7.6  8    6.8  8    9.7  999.9    67.1    46.4   0.00G 999.9  000000 
268630 99999  19870719    57.6  8    46.9  8  1016.7  8  9999.9  0    7.8  8    5.6  8    7.8  999.9    68.4    42.1   0.00C 999.9  000000 
268630 99999  19870720    56.0  8    50.4  8  1016.5  8  9999.9  0    7.8  8    5.1  8    9.7  999.9    62.2    46.4   0.00C 999.9  000000 
268630 99999  19870721    60.5  8    54.0  8  1017.4  8  9999.9  0    7.0  8    4.4  8    7.8  999.9    67.8    54.3   0.00G 999.9  000000 
268630 99999  19870722    65.8  8    55.8  8  1017.5  8  9999.9  0    6.4  8    2.9  8    3.9  999.9    75.4*   50.2   0.00G 999.9  000000 
268630 99999  19870723    68.9  8    57.9  8  1017.2  8  9999.9  0    6.1  8    0.2  8    1.9  999.9    79.7    52.9   0.00C 999.9  000000 
268630 99999  19870724    71.4  8    60.6  8  1012.5  8  9999.9  0    5.4  8    4.6  8    9.7  999.9    82.9    58.1   0.00C 999.9  000000 
268630 99999  19870725    69.3  8    57.8  8  1008.0  8  9999.9  0    4.7  8    7.5  8   11.7  999.9    77.9    63.3   0.00E 999.9  000000 
268630 99999  19870726    66.5  8    57.1  8  1007.9  8  9999.9  0    4.5  8    3.4  8    5.8  999.9    74.7    58.1   0.00H 999.9  010000 
268630 99999  19870727    57.8  8    51.7  8  1004.2  8  9999.9  0    5.5  8    9.0  8   13.6  999.9    64.0*   50.9*  0.67F 999.9  010000 
268630 99999  19870728    57.0  8    47.0  8  1008.8  8  9999.9  0    8.5  8   10.7  8   15.5   21.4    64.0    45.9   0.00E 999.9  010000 
268630 99999  19870729    59.9  8    52.7  8  1013.3  8  9999.9  0    4.9  8    4.6  8    7.8  999.9    69.8    52.5   0.00G 999.9  000000 
268630 99999  19870730    59.4  8    50.0  8  1013.8  8  9999.9  0    6.7  8    5.1  8    7.8  999.9    68.9    48.7   0.00C 999.9  000000 
268630 99999  19870731    63.9  8    53.1  8  1011.8  8  9999.9  0    5.2  8    5.3  8    9.7  999.9    74.7    51.8   0.00C 999.9  000000 
268630 99999  19870801    59.4  8    53.4  8  1008.8  8  9999.9  0    5.4  8    4.6  8    7.8  999.9    62.8    53.6*  0.13F 999.9  010000 
268630 99999  19870802    59.0  8    55.4  8  1006.6  8  9999.9  0    5.3  8    4.9  8    7.8  999.9    65.3    49.5   0.12F 999.9  010000 
268630 99999  19870803    56.9  6    54.3  6  1006.5  6  9999.9  0    4.4  6    5.5  6    7.8  999.9    58.5    54.9   0.51G 999.9  010000 
268630 99999  19870804    57.2  8    49.3  8  1008.7  8  9999.9  0    6.6  8    8.7  8   13.6  999.9    68.0    47.7   0.00G 999.9  000000 
268630 99999  19870805    57.2  8    50.8  8  1008.7  8  9999.9  0    5.2  8    6.6  8    9.7  999.9    63.0    49.5*  0.28G 999.9  010010 
268630 99999  19870806    51.2  8    49.0  8  1005.0  8  9999.9  0    4.7  8    8.3  8   19.4  999.9    54.3    48.4   0.00G 999.9  010000 
268630 99999  19870807    54.6  8    47.4  8  1005.6  8  9999.9  0    7.4  8   16.3  8   21.4   27.2    60.6    48.6   1.22G 999.9  010000 
268630 99999  19870808    55.5  8    44.7  8  1012.0  8  9999.9  0    8.2  8   10.7  8   15.5  999.9    64.8    46.0   0.00G 999.9  000000 
268630 99999  19870809    55.5  8    47.0  8  1014.1  8  9999.9  0    7.2  8    8.5  8   13.6  999.9    65.5    44.8   0.00C 999.9  000000 
268630 99999  19870810    56.8  7    50.9  7  1013.4  7  9999.9  0    3.1  7    5.8  7   11.7   19.4    68.2    44.2   0.01E 999.9  010010 
268630 99999  19870811    56.0  8    53.9  8  1007.7  8  9999.9  0    4.2  8    6.1  8    9.7  999.9    61.2    50.7*  0.75F 999.9  010000 
268630 99999  19870812    52.3  8    50.2  8  1006.1  8  9999.9  0    5.0  8    6.3  8    9.7  999.9    55.0    48.2   0.05F 999.9  010000 
268630 99999  19870813    57.6  8    52.5  8  1009.1  8  9999.9  0    4.3  8    6.8  8    9.7  999.9    68.2    51.3   0.01F 999.9  110000 
268630 99999  19870814    56.4  8    52.0  8  1012.6  8  9999.9  0    3.6  8    4.6  8    7.8  999.9    66.7    44.1   0.13F 999.9  100010 
268630 99999  19870815    56.2  7    51.2  7  1007.2  7  9999.9  0    4.0  7    6.9  7    9.7  999.9    68.0    45.1   0.02E 999.9  010000 
268630 99999  19880616    56.5  7    55.1  7   998.1  7  9999.9  0    3.2  7   12.2  7   19.4  999.9    60.3    52.7*  1.10G 999.9  010000 
268630 99999  19880617    52.5  8    51.0  8   997.6  8  9999.9  0    3.9  8    9.2  8   15.5   25.3    54.7    50.9*  0.39G 999.9  010000 
268630 99999  19880618    57.4  8    53.4  8  1002.8  8  9999.9  0    5.0  8    4.6  8    5.8  999.9    63.7    50.7   0.00G 999.9  010000 
268630 99999  19880619    59.4  8    56.6  8  1003.7  8  9999.9  0    3.3  8    4.9  8    7.8  999.9    67.6    53.6   0.12G 999.9  010010 
268630 99999  19880620    58.6  8    56.7  8  1001.9  8  9999.9  0    3.0  8    4.9  8    9.7  999.9    65.7    53.1   0.00G 999.9  110010 
268630 99999  19880621    59.7  8    56.4  8  1002.2  8  9999.9  0    3.8  8    3.9  8    7.8  999.9    67.1    55.6*  0.20G 999.9  010010 
268630 99999  19880622    60.0  8    56.2  8  1007.3  8  9999.9  0    4.3  8    6.8  8    9.7   27.2    64.9    55.2*  0.00G 999.9  010000 
268630 99999  19880623    63.5  7    57.8  7  1009.5  7  9999.9  0    3.8  7    3.3  7    5.8  999.9    72.7    57.0   0.12G 999.9  100010 
268630 99999  19880624    63.7  9    57.4  9  1011.5  9  9999.9  0    3.9  9    2.8  9    5.8  999.9    76.3    53.4   0.03G 999.9  100000 
268630 99999  19880625    67.4  8    60.8  8  1011.6  8  9999.9  0    4.3  8    4.6  8    5.8  999.9    78.8    56.5   0.00G 999.9  010010 
268630 99999  19880626    69.1  8    62.9  8  1012.4  8  9999.9  0    4.2  8    4.6  8    9.7  999.9    79.5    58.8   0.02E 999.9  000010 
268630 99999  19880627    70.6  8    62.3  8  1014.0  8  9999.9  0    4.7  8    2.9  8    5.8  999.9    79.3    59.2   0.00B 999.9  000000 
268630 99999  19880628    68.3  8    60.9  8  1012.3  8  9999.9  0    4.9  8    4.4  8    9.7  999.9    77.5    59.2   0.00E 999.9  010010 
268630 99999  19880629    67.6  8    61.5  8  1011.4  8  9999.9  0    3.3  8    1.2  8    3.9   38.9    82.4    56.1   0.08F 999.9  100010 
268630 99999  19880630    69.8  8    63.6  8  1014.1  8  9999.9  0    2.6  8    3.6  7   17.5  999.9    81.7    60.6*  0.35E 999.9  010010 
268630 99999  19880701    67.9  8    63.7  8  1013.3  8  9999.9  0    3.3  8    1.5  8    5.8  999.9    80.2    61.2   0.04E 999.9  110010 
268630 99999  19880702    70.5  8    63.1  8  1008.1  8  9999.9  0    5.9  8    4.4  8    7.8  999.9    81.9*   61.3   0.16E 999.9  110010 
268630 99999  19880703    71.2  8    62.4  8  1007.4  8  9999.9  0    8.5  8    4.6  8    5.8  999.9    79.7    60.3   0.08E 999.9  000010 
268630 99999  19880704    72.8  8    62.8  8  1009.6  8  9999.9  0    6.1  8    4.6  8    9.7  999.9    80.4*   63.3   0.00C 999.9  000000 
268630 99999  19880705    71.3  8    60.1  8  1011.6  8  9999.9  0    5.2  8    4.9  8   11.7  999.9    81.0    60.4   0.00C 999.9  000010 
268630 99999  19880706    69.6  8    59.5  8  1011.8  8  9999.9  0    4.9  8    3.2  8    7.8  999.9    80.1    56.7   0.00G 999.9  000000 
268630 99999  19880707    69.6  8    60.1  8  1011.9  8  9999.9  0    5.0  8    6.6  8    9.7  999.9    78.8    59.4   0.00C 999.9  000000 
268630 99999  19880708    66.8  8    57.8  8  1012.1  8  9999.9  0    5.6  8    7.3  8   11.7  999.9    74.3    59.9*  0.00C 999.9  000000 
268630 99999  19880709    65.6  8    56.7  8  1012.7  8  9999.9  0    4.8  8    3.6  8    5.8  999.9    72.9    54.3   0.00E 999.9  000010 
268630 99999  19880710    63.7  8    56.3  8  1013.9  8  9999.9  0    4.9  8    4.9  8    9.7  999.9    73.6    54.5   0.00E 999.9  000000 
268630 99999  19880711    67.1  8    58.0  8  1016.0  8  9999.9  0    5.7  8    6.8  8    9.7  999.9    76.5    55.8   0.00C 999.9  000000 
268630 99999  19880712    69.1  8    58.6  8  1014.0  8  9999.9  0    7.8  8    5.8  8    9.7  999.9    77.5    58.6   0.00C 999.9  000000 
268630 99999  19880713    66.4  8    60.8  8  1011.9  8  9999.9  0    6.7  8    5.8  8    9.7  999.9    74.5    58.5   0.04E 999.9  010000 
268630 99999  19880714    68.7  8    61.5  7  1009.4  7  9999.9  0    6.2  8    5.8  8    7.8  999.9    76.5    58.6   0.00B 999.9  000000 
268630 99999  19880715    69.3  8    65.8  8  1009.7  8  9999.9  0    4.5  8    3.6  8    7.8  999.9    74.8    61.0   0.02E 999.9  010010 
268630 99999  19880716    73.8  9    65.3  9  1011.2  9  9999.9  0    4.6  9    1.1  9    3.9  999.9    82.6    59.7   0.00E 999.9  100000 
268630 99999  19880717    70.1  7    65.5  7  1010.6  7  9999.9  0    3.9  7    6.1  7   15.5   27.2    82.2    63.0   0.03E 999.9  010010 
268630 99999  19880718    61.6  8    59.7  8  1010.1  7  9999.9  0    3.9  8    5.8  8    9.7  999.9    65.1*   56.7*  0.80F 999.9  010000 
268630 99999  19880719    63.0  8    54.6  8  1014.5  8  9999.9  0    4.6  8    2.7  8    5.8  999.9    72.5    50.9   0.00C 999.9  000000 
268630 99999  19880720    63.7  6    57.1  6  1014.3  6  9999.9  0    6.6  6    4.2  6    7.8  999.9    73.4    53.8*  0.03E 999.9  000000 
268630 99999  19880721    68.0  8    61.9  8  1012.2  8  9999.9  0    5.6  8    4.4  8    7.8  999.9    75.2    61.9   0.02E 999.9  000000 
268630 99999  19880722    67.3  8    62.2  8  1013.2  8  9999.9  0    5.1  8    2.7  8    5.8  999.9    75.6    56.8   0.12E 999.9  010000 
268630 99999  19880723    70.2  8    61.7  8  1013.5  8  9999.9  0    4.2  8    3.4  8    5.8  999.9    79.5    58.3   0.00H 999.9  110000 
268630 99999  19880724    64.5  7    58.0  7  1015.7  7  9999.9  0    7.1  7    6.7  7    9.7  999.9    73.9    57.7*  0.03G 999.9  010000 
268630 99999  19880725    66.7  7    55.7  7  1019.3  7  9999.9  0    6.7  7    1.9  7    5.8  999.9    79.7    52.9   0.00G 999.9  000000 
268630 99999  19880726    65.4  8    59.5  8  1019.1  8  9999.9  0    5.9  8    7.5  8   11.7  999.9    71.4    61.0*  0.51E 999.9  000010 
268630 99999  19880727    67.9  8    57.3  8  1019.2  8  9999.9  0    7.8  8    2.4  8    5.8  999.9    78.6    53.6   0.00C 999.9  000000 
268630 99999  19880728    68.2  8    59.2  8  1013.2  8  9999.9  0    6.7  8    8.0  8   13.6   31.1    80.4    57.9*  0.00E 999.9  010000 
268630 99999  19880729    59.9  6    50.1  6  1014.5  6  9999.9  0    6.2  6    6.5  6    9.7  999.9    70.7    50.4*  0.00B 999.9  000000 
268630 99999  19880730    64.4  8    52.6  8  1015.3  8  9999.9  0    5.7  8    6.6  8   11.7  999.9    75.4    49.1   0.00C 999.9  000000 
268630 99999  19880731    61.0  8    51.1  8  1020.8  8  9999.9  0    5.8  8    5.6  8    9.7  999.9    70.3    53.4*  0.00E 999.9  000000 
268630 99999  19880801    61.6  8    50.2  8  1020.6  8  9999.9  0    7.4  8    4.9  8   11.7  999.9    73.6    48.0   0.00E 999.9  010000 
268630 99999  19880802    65.5  7    53.5  7  1015.8  6  9999.9  0    4.4  7    4.4  7    5.8  999.9    73.8    50.4   0.04E 999.9  010010 
268630 99999  19880803    62.9  7    58.0  7  1008.2  7  9999.9  0    4.4  7    5.5  7    7.8  999.9    71.2    58.3   0.08E 999.9  010000 
268630 99999  19880804    57.9  8    51.0  8  1006.0  8  9999.9  0    6.9  8   15.3  8   23.3   36.9    66.4    51.3   0.71G 999.9  010000 
268630 99999  19880805    58.5  8    49.3  8  1014.4  8  9999.9  0    9.3  8    7.8  8    9.7  999.9    68.0    48.0   0.00G 999.9  000000 
268630 99999  19880806    57.9  8    50.5  8  1010.7  7  9999.9  0    6.1  8    7.8  8   11.7  999.9    65.5    53.2   0.00E 999.9  010000 
268630 99999  19880807    57.4  8    52.8  8  1006.7  8  9999.9  0    6.4  8   10.2  8   13.6   25.3    65.3    53.8*  0.16F 999.9  010010 
268630 99999  19880808    57.9  8    52.1  8  1009.9  8  9999.9  0    6.7  8   10.8  7   15.5  999.9    64.6    52.9   0.08F 999.9  010000 
268630 99999  19880809    58.1  8    51.1  8  1012.0  8  9999.9  0    4.3  8    8.0  8   11.7  999.9    67.5    50.0   0.00B 999.9  000000 
268630 99999  19880810    59.0  8    52.6  8  1010.9  8  9999.9  0    7.2  8    7.0  8    9.7  999.9    68.5    50.0   0.35E 999.9  010010 
268630 99999  19880811    60.4  8    52.4  8  1010.5  8  9999.9  0    5.8  8    7.5  8   11.7  999.9    69.4    47.7   0.00C 999.9  000000 
268630 99999  19880812    64.8  8    58.1  8  1012.1  8  9999.9  0    5.5  8    6.3  8    7.8  999.9    73.6*   54.9   0.00C 999.9  000000 
268630 99999  19880813    65.2  8    61.2  8  1012.2  8  9999.9  0    4.2  8    5.3  8    7.8  999.9    72.5    57.9   0.00C 999.9  000000 
268630 99999  19880814    62.0  8    53.5  8  1013.2  8  9999.9  0    8.9  8   11.7  8   17.5   21.4    70.0    55.6*  0.20E 999.9  000000 
268630 99999  19880815    60.0  8    50.8  8  1014.8  8  9999.9  0    8.9  8    8.7  8   11.7  999.9    70.2    49.1   0.00C 999.9  000000 

































































































































































































































































































































































































































































































































































































































































































































































































































































































































































































































































































































































































































































































































