268630 99999  19860516    65.2  9    47.0  8  1017.6  9  9999.9  0    8.7  9    9.9  9   13.6   23.3    77.5    53.6   0.00G 999.9  000000 
268630 99999  19860517    51.6  8    49.2  8  1021.7  8  9999.9  0    4.4  8    6.3  8    7.8  999.9    58.3*   45.5*  0.35F 999.9  010000 
268630 99999  19860518    52.4  8    39.6  8  1023.8  8  9999.9  0    9.9  8    8.0  8   11.7  999.9    61.2    42.6*  0.01E 999.9  000000 
268630 99999  19860519    54.8  8    42.6  8  1022.0  8  9999.9  0   11.3  8    4.6  8    9.7  999.9    62.8    45.3   0.00C 999.9  000000 
268630 99999  19860520    55.4  8    49.5  8  1018.6  8  9999.9  0    3.7  8    5.6  8   11.7  999.9    65.1    48.7   0.08E 999.9  010010 
268630 99999  19860521    56.7  8    47.7  8  1017.4  8  9999.9  0    5.4  8    7.8  8   11.7  999.9    67.5    44.6   0.08G 999.9  000000 
268630 99999  19860522    59.4  8    46.1  8  1017.9  8  9999.9  0    8.9  8    4.6  8    5.8  999.9    70.2    45.1   0.00G 999.9  000000 
268630 99999  19860523    59.0  7    49.2  6  1022.5  7  9999.9  0    7.5  7    6.7  7   11.7  999.9    70.3    47.8   0.00I 999.9  000000 
268630 99999  19860524    62.7  8    49.2  8  1022.7  8  9999.9  0    7.4  8    2.2  8    3.9  999.9    74.8    44.8   0.00I 999.9  000000 
268630 99999  19860525    58.9  8    47.8  8  1017.5  8  9999.9  0    7.4  8   13.1  8   23.3   33.0    75.9    48.4*  0.02E 999.9  010000 
268630 99999  19860526    53.8  8    46.7  8  1021.7  8  9999.9  0    6.6  8   10.7  8   15.5   19.4    63.0    41.4   0.00I 999.9  000000 
268630 99999  19860527    66.1  9    51.2  9  1017.7  9  9999.9  0    6.4  9   11.2  9   17.5   19.4    76.1    50.5   0.00I 999.9  000000 
268630 99999  19860528    68.3  8    52.4  8  1014.8  8  9999.9  0    6.3  8    5.3  8    9.7  999.9    80.8    52.2   0.00I 999.9  000000 
268630 99999  19860529    71.1  8    50.8  8  1012.1  8  9999.9  0    7.8  8    7.5  8   11.7  999.9    82.4    56.5   0.00I 999.9  000000 
268630 99999  19860530    65.7  8    58.8  8  1013.1  8  9999.9  0    3.9  8    4.6  8    9.7  999.9    79.0    57.6   0.00I 999.9  100000 
268630 99999  19860531    70.2  8    56.5  8  1012.1  8  9999.9  0    6.5  8    6.1  8    9.7  999.9    82.2    56.7   0.00I 999.9  000000 
268630 99999  19860601    66.6  8    58.8  8  1013.3  8  9999.9  0    6.7  8    3.9  8    7.8   27.2    80.1    55.4   0.00G 999.9  000010 
268630 99999  19860602    67.0  8    59.5  7  1012.1  8  9999.9  0    7.1  8    9.2  8   17.5   23.3    82.2    58.3   0.12E 999.9  010110 
268630 99999  19860603    62.4  7    56.9  7  1013.1  7  9999.9  0    5.6  7    3.3  7    5.8  999.9    72.7    54.1   0.24F 999.9  110000 
268630 99999  19860604    58.1  8    51.9  8  1009.9  8  9999.9  0    6.1  8    7.8  8   13.6  999.9    65.7    53.4*  0.31E 999.9  010000 
268630 99999  19860605    58.2  8    51.6  8  1009.6  7  9999.9  0    8.9  8    4.4  8    7.8  999.9    68.5    45.0   0.00A 999.9  000000 
268630 99999  19860606    65.1  8    56.8  8  1007.1  8  9999.9  0    7.6  8    7.3  8   13.6  999.9    75.9    51.3   0.00C 999.9  000000 
268630 99999  19860607    65.7  8    56.7  7  1008.8  8  9999.9  0    7.3  8   10.0  8   17.5   21.4    80.8    53.4*  0.00E 999.9  010000 
268630 99999  19860608    57.2  8    49.2  8  1017.1  8  9999.9  0    8.1  8    5.1  8    7.8  999.9    68.5    43.0   0.01E 999.9  110000 
268630 99999  19860609    64.0  8    58.5  8  1019.5  8  9999.9  0    8.8  8    7.0  8    9.7  999.9    70.9    55.9   0.28E 999.9  010010 
268630 99999  19860610    68.2  8    62.2  8  1022.1  8  9999.9  0    8.5  8    8.5  8   11.7  999.9    76.5    59.7   0.08E 999.9  000000 
268630 99999  19860611    69.9  8    60.3  8  1018.8  8  9999.9  0    9.6  8    8.0  8   13.6  999.9    81.5    61.3   0.00C 999.9  000000 
268630 99999  19860612    69.8  8    58.2  8  1017.4  8  9999.9  0    8.5  8    7.3  8   13.6  999.9    81.7    56.3   0.00G 999.9  000000 
268630 99999  19860613    72.9  8    60.1  8  1019.9  8  9999.9  0    8.9  8    2.2  8    3.9  999.9    83.8    59.0   0.00C 999.9  000000 
268630 99999  19860614    69.5  8    62.6  8  1019.7  8  9999.9  0    6.9  8    7.5  8   13.6   23.3    79.0    59.7   0.00G 999.9  000000 
268630 99999  19860615    66.1  8    53.1  8  1022.1  8  9999.9  0    9.7  8    6.6  8    7.8  999.9    74.7    57.0   0.00G 999.9  000000 
268630 99999  19870516    51.1  8    41.5  8  1019.6  8  9999.9  0    4.8  8    5.8  8    9.7  999.9    64.9    32.5   0.00C 999.9  000000 
268630 99999  19870517    56.8  8    51.8  8  1014.1  8  9999.9  0    4.3  8    8.0  8   13.6   21.4    68.4    50.0   0.00G 999.9  010000 
268630 99999  19870518    53.3  8    42.3  8  1021.7  8  9999.9  0    5.8  8    7.3  8   13.6  999.9    60.6    47.5   0.08E 999.9  010000 
268630 99999  19870519    56.7  8    46.6  8  1018.3  8  9999.9  0    7.3  8    7.0  8   11.7  999.9    66.0    43.9   0.00C 999.9  000000 
268630 99999  19870520    60.3  6    51.0  6  1011.8  6  9999.9  0    5.3  6    5.5  6    9.7  999.9    70.3    50.9   0.00C 999.9  000000 
268630 99999  19870521    63.8  8    56.1  8  1007.0  8  9999.9  0    6.1  8    5.6  8    9.7  999.9    74.1    55.4   0.03E 999.9  010000 
268630 99999  19870522    66.3  8    56.1  8  1003.8  8  9999.9  0    7.6  8    9.0  8   13.6   31.1    77.4    54.1   0.00C 999.9  000010 
268630 99999  19870523    58.5  7    53.9  7  1002.5  7  9999.9  0    7.8  7   11.7  7   13.6  999.9    61.0    55.4*  0.47G 999.9  010000 
268630 99999  19870524    56.8  8    44.0  8  1002.3  8  9999.9  0    8.9  8    8.5  8   11.7  999.9    65.5    45.7   0.00G 999.9  000000 
268630 99999  19870525    43.8  8    40.0  8  1010.9  8  9999.9  0    7.6  8   11.4  8   13.6  999.9    50.9*   37.9*  0.08G 999.9  010000 
268630 99999  19870526    44.4  8    33.6  7  1014.4  8  9999.9  0    7.8  8    5.8  8    9.7  999.9    52.2    33.1   0.08G 999.9  000000 
268630 99999  19870527    49.5  8    40.6  8  1014.2  8  9999.9  0    6.3  7    2.4  8    5.8  999.9    55.0*   39.6   0.00G 999.9  000000 
268630 99999  19870528    50.4  8    39.3  8  1017.4  8  9999.9  0    8.2  8    3.2  8    5.8  999.9    59.5    37.8   0.00C 999.9  000000 
268630 99999  19870529    51.1  8    46.9  8  1013.9  8  9999.9  0    4.9  8    6.3  8    7.8  999.9    56.1    41.0   0.00G 999.9  010000 
268630 99999  19870530    51.6  8    49.4  8  1016.4  8  9999.9  0    2.4  8    6.3  8    9.7  999.9    55.6    47.5*  0.02F 999.9  010000 
268630 99999  19870531    48.5  8    45.5  8  1018.2  8  9999.9  0    3.4  8    7.5  8    9.7  999.9    51.8    45.0   0.00G 999.9  110000 
268630 99999  19870601    55.6  8    51.6  8  1012.7  8  9999.9  0    3.0  8    7.3  8   11.7   31.1    64.9    47.5   0.00G 999.9  010010 
268630 99999  19870602    51.4  8    49.0  8  1011.2  8  9999.9  0    6.9  8    8.3  8   11.7  999.9    54.3*   49.5*  0.63G 999.9  010000 
268630 99999  19870603    51.4  8    46.5  8  1005.9  8  9999.9  0    6.2  8    9.0  8   13.6  999.9    55.9    47.7   0.24G 999.9  000000 
268630 99999  19870604    53.4  8    43.2  8  1006.6  8  9999.9  0    7.4  8    8.5  8   13.6  999.9    63.0    45.3   0.00G 999.9  000000 
268630 99999  19870605    58.6  9    44.4  9  1011.1  9  9999.9  0    8.6  9    4.1  9    7.8  999.9    68.5    39.9   0.00C 999.9  000000 
268630 99999  19870606    62.6  8    49.8  8  1012.8  8  9999.9  0    7.6  8    9.7  8   13.6   25.3    72.9    48.7   0.00C 999.9  000000 
268630 99999  19870607    64.5  8    53.9  8  1013.6  8  9999.9  0    5.5  8    5.6  8    7.8  999.9    72.3    56.8   0.00C 999.9  000000 
268630 99999  19870608    64.7  8    55.4  8  1012.0  8  9999.9  0    7.0  8    7.5  8   11.7  999.9    74.7    52.0   0.00C 999.9  000000 
268630 99999  19870609    65.6  7    59.7  7  1010.7  7  9999.9  0    5.8  7    9.7  7   17.5   21.4    75.9    58.1   0.08E 999.9  010010 
268630 99999  19870610    64.9  8    62.5  8  1012.0  8  9999.9  0    2.8  8    7.0  8    9.7  999.9    70.9    60.8   0.20F 999.9  010010 
268630 99999  19870611    62.8  8    55.1  8  1017.2  8  9999.9  0    6.4  7    8.5  8   11.7  999.9    74.3    55.6*  0.03E 999.9  010000 
268630 99999  19870612    62.4  8    50.1  8  1023.3  8  9999.9  0    7.4  8    3.4  8    3.9  999.9    72.5    47.5   0.00C 999.9  000000 
268630 99999  19870613    65.2  8    56.2  8  1017.4  8  9999.9  0    5.5  8    6.1  8    9.7  999.9    76.5    54.3   0.00C 999.9  000010 
268630 99999  19870614    70.0  8    58.3  8  1013.8  8  9999.9  0    6.4  8    2.7  8    3.9  999.9    80.4    57.4   0.00C 999.9  000010 
268630 99999  19870615    66.9  8    61.7  8  1011.7  8  9999.9  0    4.6  8    6.3  8    9.7  999.9    78.8    61.2   0.20F 999.9  010010 
268630 99999  19880516    54.6  8    36.9  8  1017.7  8  9999.9  0    6.2  8    4.4  8    7.8  999.9    65.5    40.6   0.00I 999.9  000000 
268630 99999  19880517    60.3  8    46.5  8  1013.1  8  9999.9  0    6.6  8    7.8  8    9.7  999.9    73.9    45.9   0.00G 999.9  000000 
268630 99999  19880518    56.5  8    51.5  8  1011.2  8  9999.9  0    5.6  8    7.0  8   11.7  999.9    63.1    50.4*  0.12F 999.9  010000 
268630 99999  19880519    55.3  8    48.0  8  1014.1  8  9999.9  0    4.9  8    2.9  8    5.8  999.9    66.2    42.1   0.00C 999.9  100000 
268630 99999  19880520    56.1  8    50.7  8  1019.6  8  9999.9  0    4.3  8    4.4  8    7.8  999.9    61.7    43.9   0.00C 999.9  100000 
268630 99999  19880521    61.7  9    54.6  9  1020.5  9  9999.9  0    4.3  9    5.4  9    9.7  999.9    71.1    53.4   0.00G 999.9  000000 
268630 99999  19880522    63.1  8    48.5  8  1022.1  8  9999.9  0    6.8  8    7.5  8   11.7   21.4    74.3    52.0   0.00C 999.9  000000 
268630 99999  19880523    62.0  8    49.3  8  1021.2  8  9999.9  0    5.6  8    6.3  8   13.6  999.9    76.3    49.6   0.12E 999.9  000000 
268630 99999  19880524    63.8  8    50.4  8  1019.0  8  9999.9  0    7.1  8    2.9  8    3.9  999.9    78.6    49.1   0.00C 999.9  000000 
268630 99999  19880525    66.1  8    51.8  8  1020.1  8  9999.9  0    6.7  8    2.9  8    7.8  999.9    75.6*   52.0   0.00C 999.9  000000 
268630 99999  19880526    62.8  8    52.3  8  1020.5  8  9999.9  0    5.7  8    8.0  8   13.6  999.9    72.9    52.7   0.00C 999.9  000000 
268630 99999  19880527    59.7  8    42.6  8  1021.3  8  9999.9  0    6.2  8    7.3  8   13.6  999.9    70.2    46.4   0.00C 999.9  000000 
268630 99999  19880528    62.3  8    45.7  8  1020.1  8  9999.9  0    6.6  8    1.2  8    3.9  999.9    74.3    45.7   0.00C 999.9  000000 
268630 99999  19880529    66.6  8    49.2  8  1018.8  8  9999.9  0    7.8  8    1.5  8    3.9  999.9    77.5    47.7   0.00C 999.9  000000 
268630 99999  19880530    69.4  8    49.9  8  1015.1  8  9999.9  0    6.8  8    6.6  8    9.7  999.9    80.6    51.4   0.00C 999.9  000000 
268630 99999  19880531    69.0  8    53.9  8  1009.8  7  9999.9  0    5.9  7    9.2  8   13.6   25.3    81.0    59.9*  0.24E 999.9  010010 
268630 99999  19880601    63.1  8    54.0  8  1009.4  8  9999.9  0    5.1  8    5.6  8    9.7  999.9    70.9    56.5   0.20E 999.9  000000 
268630 99999  19880602    57.6  8    55.6  8  1005.4  8  9999.9  0    3.4  8    6.3  8    9.7  999.9    61.3    53.8*  0.08G 999.9  010000 
268630 99999  19880603    56.8  8    54.1  8  1009.9  8  9999.9  0    4.9  8    8.5  8   11.7  999.9    62.8    52.9   0.00G 999.9  010000 
268630 99999  19880604    61.8  8    58.8  8  1010.3  8  9999.9  0    2.4  8    6.1  8    9.7  999.9    70.7    55.9   0.04F 999.9  010000 
268630 99999  19880605    67.3  8    60.2  8  1013.2  8  9999.9  0    4.3  8    5.6  8    7.8  999.9    74.7    58.6   0.02E 999.9  110010 
268630 99999  19880606    71.2  8    63.1  8  1013.0  8  9999.9  0    5.8  8    4.4  8    7.8  999.9    81.5    56.8   0.12G 999.9  010000 
268630 99999  19880607    68.8  8    61.0  8  1011.6  8  9999.9  0    6.8  8    8.5  8   17.5  999.9    82.0    61.9   0.00G 999.9  010010 
268630 99999  19880608    66.4  8    56.9  8  1013.1  8  9999.9  0    5.4  8    6.1  8    9.7  999.9    75.4*   56.5   0.04E 999.9  000000 
268630 99999  19880609    66.6  8    59.1  8  1010.7  8  9999.9  0    4.3  8    1.9  8    9.7  999.9    75.2    58.1   0.04F 999.9  010010 
268630 99999  19880610    64.9  8    59.7  8  1006.2  8  9999.9  0    5.4  8    5.3  8    9.7  999.9    73.9    58.8   0.09F 999.9  010010 
268630 99999  19880611    60.2  8    58.8  7  1003.0  8  9999.9  0    2.8  8    4.9  8    9.7  999.9    65.3    56.7   0.20F 999.9  110010 
268630 99999  19880612    54.6  8    47.5  8  1011.1  8  9999.9  0    7.1  8    8.0  8   11.7  999.9    61.3    49.3   0.02E 999.9  000000 
268630 99999  19880613    57.4  8    44.7  8  1012.4  8  9999.9  0    7.8  8    3.6  8    7.8  999.9    65.8    44.2   0.00C 999.9  000000 
268630 99999  19880614    58.7  9    50.7  9  1004.6  9  9999.9  0    5.5  9    2.9  8    5.8  999.9    70.3    46.4   0.04E 999.9  010000 
268630 99999  19880615    56.0  8    53.8  8  1001.3  8  9999.9  0    2.9  8    3.9  8    7.8  999.9    60.6    53.4   0.12G 999.9  010000 











































































































































































































































































































































































































































































































































































































































































