0,537272727272727 0,7 -1 0,355555555555556 0,56984126984127 -1 1 -1 -1 -1 -1 
0,549090909090909 0,679999999999999 -0,96 0,348412698412698 0,562698412698413 -1 1 -1 -1 -1 -1 
0,603636363636364 0,664210526315788 -0,904 0,41984126984127 0,634126984126984 -1 1 -1 -1 -1 -1 
0,623636363636364 0,668421052631579 -1 0,453968253968254 0,668253968253968 -1 -1 -1 -1 -1 -1 
0,600909090909091 0,670526315789474 -1 0,421428571428571 0,635714285714286 -1 1 -1 -1 -1 -1 
0,610909090909091 0,663157894736842 -0,984 0,411111111111111 0,625396825396825 -1 1 -1 -1 -1 -1 
0,624545454545455 0,650526315789473 -0,848 0,473015873015873 0,687301587301587 -1 1 -1 -1 -1 -1 
0,602727272727273 0,629473684210526 -0,784 0,474603174603175 0,688888888888889 -1 1 1 -1 -1 -1 
0,588181818181818 0,610526315789474 -1 0,46031746031746 0,674603174603175 -1 -1 1 -1 -1 -1 
0,588181818181818 0,572631578947368 -0,944 0,45 0,664285714285714 -0,992 -1 1 -1 -1 -1 
0,673636363636364 0,58 -0,896 0,498412698412698 0,712698412698413 -1 -1 -1 -1 -1 -1 
0,7 0,562105263157895 -0,784 0,524603174603175 0,738888888888889 -1 1 -1 -1 -1 -1 
0,682727272727273 0,578947368421053 -0,744 0,496825396825397 0,711111111111111 -1 -1 -1 -1 -1 -1 
0,727272727272727 0,505263157894737 -0,656 0,574603174603175 0,788888888888889 -1 -1 1 -1 -1 -1 
0,708181818181818 0,46 -0,768 0,55 0,764285714285714 -0,952 -1 1 -1 -1 -1 
0,589090909090909 0,578947368421053 -0,744 0,41984126984127 0,634126984126984 -1 1 -1 -1 -1 -1 
0,61 0,496842105263158 -0,304 0,468253968253968 0,682539682539683 -0,996 -1 1 -1 -1 -1 
0,634545454545455 0,481052631578948 -0,592 0,503174603174603 0,717460317460317 -0,888 1 1 -1 -1 -1 
0,642727272727273 0,457894736842105 -0,784 0,478571428571429 0,692857142857143 -1 -1 1 -1 -1 -1 
0,703636363636364 0,387368421052631 -0,672 0,531746031746032 0,746031746031746 -0,764 1 1 -1 -1 -1 
0,588181818181818 0,641052631578948 -0,648 0,474603174603175 0,688888888888889 -0,992 -1 -1 -1 -1 -1 
0,648181818181818 0,610526315789474 -0,808 0,518253968253968 0,732539682539682 -1 -1 -1 -1 -1 -1 
0,672727272727273 0,531578947368421 -0,672 0,515873015873016 0,73015873015873 -1 1 1 -1 -1 -1 
0,627272727272727 0,549473684210527 -0,688 0,521428571428571 0,735714285714286 -0,984 -1 1 -1 -1 -1 
0,591818181818182 0,608421052631578 -0,28 0,503174603174603 0,717460317460317 -0,984 -1 -1 -1 -1 -1 
0,603636363636364 0,585263157894737 -0,624 0,503174603174603 0,717460317460317 -1 -1 -1 -1 -1 -1 
0,651818181818182 0,618947368421052 -0,728 0,501587301587302 0,715873015873016 -1 -1 -1 -1 -1 -1 
0,669090909090909 0,613684210526315 -0,744 0,503174603174603 0,717460317460317 -1 -1 -1 -1 -1 -1 
0,666363636363636 0,598947368421052 -0,848 0,498412698412698 0,712698412698413 -1 1 -1 -1 -1 -1 
0,657272727272727 0,525263157894737 -0,736 0,496825396825397 0,711111111111111 -1 1 -1 -1 -1 -1 
0,584545454545454 0,656842105263159 -0,776 0,458730158730159 0,673015873015873 -1 -1 -1 -1 -1 -1 
0,634545454545455 0,562105263157895 -0,168 0,514285714285714 0,728571428571429 -1 -1 1 -1 -1 -1 
0,643636363636364 0,538947368421053 -0,288 0,537301587301587 0,751587301587302 -1 -1 -1 -1 -1 -1 
0,673636363636364 0,498947368421052 -0,336 0,546031746031746 0,76031746031746 -1 -1 -1 -1 -1 -1 
0,667272727272727 0,528421052631579 -0,624 0,544444444444444 0,758730158730159 -1 -1 -1 -1 -1 -1 
0,687272727272727 0,538947368421053 -0,536 0,544444444444444 0,758730158730159 -1 1 1 -1 -1 -1 
0,69 0,457894736842105 -0,424 0,553174603174603 0,767460317460318 -0,984 1 1 -1 -1 -1 
0,672727272727273 0,418947368421052 -0,536 0,544444444444444 0,758730158730159 -0,968 -1 -1 -1 -1 -1 
0,665454545454546 0,35578947368421 -0,536 0,512698412698413 0,726984126984127 -1 1 1 -1 -1 -1 
0,606363636363636 0,350526315789473 0 0,51031746031746 0,724603174603175 -0,968 -1 1 -1 -1 -1 
0,743636363636364 0,474736842105263 -0,488 0,582539682539683 0,796825396825397 -1 -1 1 -1 -1 -1 
0,703636363636364 0,486315789473685 -0,608 0,525396825396825 0,73968253968254 -0,984 1 1 -1 -1 -1 
0,699090909090909 0,502105263157895 -0,512 0,488888888888889 0,703174603174603 -0,984 1 1 -1 -1 -1 
0,711818181818182 0,43578947368421 -0,536 0,562698412698413 0,776984126984127 -1 -1 1 -1 -1 -1 
0,707272727272727 0,396842105263158 -0,568 0,501587301587302 0,715873015873016 -0,952 1 1 -1 -1 -1 
0,562727272727273 0,533684210526316 -0,784 0,425396825396825 0,63968253968254 -0,98 1 -1 -1 -1 -1 
0,572727272727273 0,436842105263158 -0,504 0,43015873015873 0,644444444444444 -1 1 1 1 -1 -1 
0,549090909090909 0,430526315789473 -0,256 0,432539682539683 0,646825396825397 -1 -1 -1 -1 -1 -1 
0,543636363636364 0,465263157894737 -0,664 0,4 0,614285714285714 -0,936 1 1 1 -1 -1 
0,585454545454546 0,553684210526316 -0,656 0,412698412698413 0,626984126984127 -0,992 1 -1 -1 -1 -1 
0,594545454545455 0,616842105263158 -0,8 0,441269841269841 0,655555555555556 -0,996 1 1 -1 -1 -1 
0,613636363636364 0,569473684210527 -0,472 0,465873015873016 0,68015873015873 -1 1 1 -1 -1 -1 
0,584545454545454 0,603157894736842 -0,312 0,511111111111111 0,725396825396825 -1 -1 -1 -1 -1 -1 
0,657272727272727 0,56421052631579 -0,544 0,503968253968254 0,718253968253968 -1 -1 -1 -1 -1 -1 
0,670909090909091 0,572631578947368 -0,696 0,501587301587302 0,715873015873016 -1 1 -1 -1 -1 -1 
0,581818181818182 0,494736842105263 -0,408 0,453174603174603 0,667460317460317 -0,876 -1 1 -1 -1 -1 
0,627272727272727 0,461052631578947 -0,4 0,442857142857143 0,657142857142857 -0,656 -1 1 -1 -1 -1 
0,583636363636364 0,532631578947369 -0,672 0,41984126984127 0,634126984126984 -0,968 1 -1 -1 -1 -1 
0,672727272727273 0,568421052631579 -0,72 0,512698412698413 0,726984126984127 -1 -1 -1 -1 -1 -1 
0,683636363636364 0,591578947368422 -0,712 0,521428571428571 0,735714285714286 -1 -1 1 -1 -1 -1 
0,606363636363636 0,647368421052632 -0,776 0,451587301587302 0,665873015873016 -1 -1 -1 -1 -1 -1 
0,624545454545455 0,690526315789473 -0,784 0,512698412698413 0,726984126984127 -1 -1 -1 -1 -1 -1 
0,640909090909091 0,675789473684211 -0,856 0,496825396825397 0,711111111111111 -1 -1 -1 -1 -1 -1 
0,628181818181818 0,692631578947368 -0,752 0,496031746031746 0,71031746031746 -1 -1 -1 -1 -1 -1 
0,608181818181818 0,684210526315789 -0,744 0,471428571428571 0,685714285714286 -1 -1 -1 -1 -1 -1 
0,637272727272727 0,493684210526316 -0,552 0,484126984126984 0,698412698412698 -1 -1 -1 -1 -1 -1 
0,667272727272727 0,576842105263157 -0,68 0,511111111111111 0,725396825396825 -1 -1 -1 -1 -1 -1 
0,646363636363636 0,588421052631579 -0,816 0,481746031746032 0,696031746031746 -1 1 1 -1 -1 -1 
0,664545454545454 0,572631578947368 -0,712 0,517460317460318 0,731746031746032 -1 1 -1 -1 -1 -1 
0,659090909090909 0,598947368421052 -0,712 0,521428571428571 0,735714285714286 -1 -1 -1 -1 -1 -1 
0,585454545454546 0,616842105263158 -0,616 0,481746031746032 0,696031746031746 -1 -1 -1 -1 -1 -1 
0,59 0,53578947368421 -0,744 0,468253968253968 0,682539682539683 -1 -1 -1 -1 -1 -1 
0,61 0,554736842105264 -0,704 0,467460317460317 0,681746031746032 -1 1 -1 -1 -1 -1 
0,657272727272727 0,543157894736842 -0,584 0,5 0,714285714285714 -1 1 -1 -1 -1 -1 
0,657272727272727 0,543157894736842 -0,672 0,498412698412698 0,712698412698413 -1 1 -1 -1 -1 -1 
0,555454545454545 0,489473684210526 -0,44 0,465873015873016 0,68015873015873 -1 -1 -1 -1 -1 -1 
0,617272727272727 0,443157894736842 -0,536 0,475396825396825 0,68968253968254 -0,92 -1 1 -1 -1 -1 
0,527272727272727 0,423157894736843 -0,408 0,442857142857143 0,657142857142857 -0,936 -1 1 -1 -1 -1 
0,530909090909091 0,415789473684211 -0,584 0,415873015873016 0,63015873015873 -0,996 -1 -1 1 -1 -1 
0,504545454545455 0,443157894736842 -0,28 0,417460317460317 0,631746031746032 -0,956 -1 -1 -1 -1 -1 
0,453636363636364 0,55578947368421 0,224 0,426984126984127 0,641269841269841 -1 -1 -1 -1 -1 -1 
0,439090909090909 0,64 -0,512 0,378571428571429 0,592857142857143 -1 -1 -1 -1 -1 -1 
0,47 0,598947368421052 -0,84 0,324603174603175 0,538888888888889 -1 1 -1 -1 -1 -1 
0,474545454545455 0,503157894736842 -0,784 0,311111111111111 0,525396825396825 -1 1 -1 1 -1 -1 
0,491818181818182 0,542105263157895 -0,912 0,341269841269841 0,555555555555556 -1 1 1 -1 -1 -1 
0,628181818181818 0,496842105263158 -0,52 0,468253968253968 0,682539682539683 -0,948 1 1 -1 -1 -1 
0,631818181818182 0,467368421052631 -0,776 0,488888888888889 0,703174603174603 -1 1 1 -1 -1 -1 
0,640909090909091 0,445263157894736 -0,704 0,487301587301587 0,701587301587302 -1 1 1 -1 -1 -1 
0,649090909090909 0,404210526315789 -0,4 0,496031746031746 0,71031746031746 -0,88 -1 1 -1 -1 -1 
0,65 0,448421052631579 -0,648 0,496825396825397 0,711111111111111 -0,744 -1 1 -1 -1 -1 
0,512727272727273 0,665263157894737 -0,984 0,348412698412698 0,562698412698413 -1 -1 -1 -1 -1 -1 
0,542727272727273 0,636842105263158 -0,976 0,35 0,564285714285714 -1 -1 -1 -1 -1 -1 
0,594545454545455 0,560000000000001 -0,608 0,408730158730159 0,623015873015873 -0,996 -1 -1 -1 -1 -1 
0,516363636363636 0,587368421052631 -0,712 0,423015873015873 0,637301587301587 -0,996 -1 -1 -1 -1 -1 
0,523636363636364 0,583157894736842 -0,944 0,357142857142857 0,571428571428571 -1 -1 -1 -1 -1 -1 
0,530909090909091 0,722105263157894 -1 0,388888888888889 0,603174603174603 -1 1 1 -1 -1 -1 
0,549090909090909 0,692631578947368 -1 0,408730158730159 0,623015873015873 -1 -1 -1 -1 -1 -1 
0,559090909090909 0,747368421052632 -0,8 0,428571428571429 0,642857142857143 -1 -1 -1 -1 -1 -1 
0,56 0,743157894736841 -0,864 0,417460317460317 0,631746031746032 -1 -1 -1 -1 -1 -1 
0,543636363636364 0,718947368421052 -0,984 0,414285714285714 0,628571428571429 -1 -1 1 -1 -1 -1 
0,592727272727273 0,653684210526315 -1 0,45 0,664285714285714 -1 1 1 -1 -1 -1 
0,567272727272727 0,702105263157895 -0,92 0,407142857142857 0,621428571428571 -1 -1 -1 -1 -1 -1 
0,545454545454545 0,721052631578947 -0,92 0,41984126984127 0,634126984126984 -1 -1 -1 -1 -1 -1 
0,532727272727273 0,671578947368421 -1 0,367460317460317 0,581746031746032 -1 -1 -1 -1 -1 -1 
0,588181818181818 0,624210526315789 -1 0,403174603174603 0,617460317460317 -1 1 -1 -1 -1 -1 
0,602727272727273 0,606315789473684 -1 0,434126984126984 0,648412698412698 -0,996 -1 1 -1 -1 -1 
0,607272727272727 0,450526315789473 -0,944 0,471428571428571 0,685714285714286 -0,9 -1 1 -1 -1 -1 
0,602727272727273 0,471578947368421 -0,784 0,461111111111111 0,675396825396825 -0,968 1 1 -1 -1 -1 
0,596363636363636 0,429473684210526 -0,808 0,434126984126984 0,648412698412698 -1 -1 1 -1 -1 -1 
0,56 0,449473684210527 -0,96 0,396825396825397 0,611111111111111 -1 1 -1 -1 -1 -1 
0,47 0,730526315789475 -0,92 0,281746031746032 0,496031746031746 -1 1 -1 -1 -1 -1 
0,497272727272727 0,638947368421053 -0,808 0,328571428571429 0,542857142857143 -1 1 1 -1 -1 -1 
0,522727272727273 0,534736842105263 -0,88 0,364285714285714 0,578571428571429 -0,936 1 -1 -1 -1 -1 
0,517272727272727 0,549473684210527 -0,728 0,385714285714286 0,6 -1 -1 -1 -1 -1 -1 
0,476363636363636 0,641052631578948 -0,688 0,378571428571429 0,592857142857143 -1 -1 -1 -1 -1 -1 
0,644545454545455 0,638947368421053 -0,864 0,448412698412698 0,662698412698413 -1 1 -1 -1 -1 -1 
0,624545454545455 0,662105263157896 -0,808 0,444444444444444 0,658730158730159 -1 1 -1 -1 -1 -1 
0,589090909090909 0,672631578947369 -0,88 0,4 0,614285714285714 -1 1 -1 -1 -1 -1 
0,544545454545455 0,658947368421052 -0,848 0,378571428571429 0,592857142857143 -1 1 -1 -1 -1 -1 
0,524545454545455 0,65578947368421 -0,864 0,376984126984127 0,591269841269841 -1 1 -1 -1 -1 -1 
0,668181818181818 0,468421052631579 -0,608 0,474603174603175 0,688888888888889 -0,948 1 1 -1 -1 -1 
0,692727272727273 0,441052631578947 -0,824 0,521428571428571 0,735714285714286 -0,936 1 1 -1 -1 -1 
0,679090909090909 0,453684210526316 -0,824 0,53015873015873 0,744444444444444 -0,92 1 -1 -1 -1 -1 
0,624545454545455 0,482105263157894 -0,712 0,5 0,714285714285714 -1 -1 -1 -1 -1 -1 
0,575454545454545 0,451578947368421 -0,752 0,453968253968254 0,668253968253968 -0,984 -1 1 -1 -1 -1 
0,703636363636364 0,387368421052631 -0,672 0,531746031746032 0,746031746031746 -0,764 1 1 -1 -1 -1 
0,636363636363636 0,44421052631579 -0,624 0,484126984126984 0,698412698412698 -0,732 -1 1 -1 -1 -1 
0,600909090909091 0,515789473684211 -0,584 0,46984126984127 0,684126984126984 -0,968 1 1 -1 -1 -1 
0,607272727272727 0,525263157894737 -0,808 0,46984126984127 0,684126984126984 -1 -1 1 -1 -1 -1 
0,644545454545455 0,524210526315789 -0,744 0,492857142857143 0,707142857142857 -0,984 -1 1 -1 -1 -1 
0,495454545454545 0,585263157894737 -0,752 0,392857142857143 0,607142857142857 -1 -1 -1 1 -1 -1 
0,491818181818182 0,631578947368421 -0,768 0,396031746031746 0,61031746031746 -1 -1 -1 -1 -1 -1 
0,500909090909091 0,648421052631578 -0,688 0,392857142857143 0,607142857142857 -1 -1 -1 -1 -1 -1 
0,537272727272727 0,631578947368421 -0,824 0,385714285714286 0,6 -1 1 -1 -1 -1 -1 
0,556363636363636 0,62 -0,728 0,414285714285714 0,628571428571429 -1 1 -1 -1 -1 -1 
0,579090909090909 0,582105263157894 -0,44 0,46031746031746 0,674603174603175 -1 1 -1 -1 -1 -1 
0,463636363636364 0,624210526315789 -0,496 0,423015873015873 0,637301587301587 -1 -1 -1 -1 -1 -1 
0,456363636363636 0,632631578947367 -0,864 0,387301587301587 0,601587301587302 -1 -1 -1 -1 -1 -1 
0,507272727272727 0,651578947368422 -0,768 0,396825396825397 0,611111111111111 -1 1 -1 -1 -1 -1 
0,53 0,643157894736841 -0,784 0,391269841269841 0,605555555555556 -1 1 -1 -1 -1 -1 
0,44 0,757894736842105 -0,776 0,337301587301587 0,551587301587302 -1 -1 -1 -1 -1 -1 
0,445454545454545 0,707368421052632 -0,824 0,294444444444444 0,508730158730159 -1 1 -1 -1 -1 -1 
0,516363636363636 0,65578947368421 -0,648 0,361111111111111 0,575396825396825 -0,996 1 1 -1 -1 -1 
0,537272727272727 0,652631578947368 -0,808 0,403968253968254 0,618253968253968 -0,984 1 -1 -1 -1 -1 
0,542727272727273 0,681052631578948 -0,848 0,412698412698413 0,626984126984127 -1 1 -1 -1 -1 -1 
0,505454545454545 0,610526315789474 -0,656 0,405555555555556 0,61984126984127 -1 -1 -1 -1 -1 -1 
0,545454545454545 0,572631578947368 -0,88 0,373015873015873 0,587301587301587 -1 1 -1 -1 -1 -1 
0,602727272727273 0,522105263157895 -0,648 0,457142857142857 0,671428571428571 -1 1 -1 -1 -1 -1 
0,66 0,466315789473684 -0,4 0,5 0,714285714285714 -0,996 1 1 -1 -1 -1 
0,706363636363636 0,378947368421053 -0,592 0,544444444444444 0,758730158730159 -0,992 -1 1 -1 -1 -1 
0,541818181818182 0,445263157894736 -0,512 0,417460317460317 0,631746031746032 -0,984 1 -1 1 -1 -1 
0,530909090909091 0,46421052631579 -0,464 0,408730158730159 0,623015873015873 -1 -1 -1 -1 -1 -1 
0,528181818181818 0,471578947368421 -0,632 0,448412698412698 0,662698412698413 -1 -1 -1 -1 -1 -1 
0,559090909090909 0,518947368421052 -0,784 0,438888888888889 0,653174603174603 -0,996 -1 1 -1 -1 -1 
0,509090909090909 0,609473684210526 -0,712 0,362698412698413 0,576984126984127 -1 1 -1 -1 -1 -1 
0,614545454545455 0,697894736842105 -0,696 0,45 0,664285714285714 -1 1 -1 -1 -1 -1 
0,585454545454546 0,632631578947367 -0,824 0,442857142857143 0,657142857142857 -0,988 1 1 -1 -1 -1 
0,590909090909091 0,476842105263157 -0,68 0,441269841269841 0,655555555555556 -1 1 1 -1 -1 -1 
0,546363636363636 0,549473684210527 -0,776 0,405555555555556 0,61984126984127 -0,976 -1 1 1 -1 -1 
0,474545454545455 0,62 -0,68 0,368253968253968 0,582539682539683 -0,988 -1 -1 -1 -1 -1 
0,552727272727273 0,473684210526316 -0,608 0,388888888888889 0,603174603174603 -0,78 1 1 1 -1 -1 
0,544545454545455 0,470526315789474 -0,544 0,408730158730159 0,623015873015873 -0,896 -1 1 1 -1 -1 
0,529090909090909 0,563157894736842 -0,68 0,394444444444444 0,608730158730159 -0,872 -1 -1 1 -1 -1 
0,505454545454545 0,697894736842105 -0,848 0,371428571428571 0,585714285714286 -0,988 -1 -1 -1 -1 -1 
0,537272727272727 0,750526315789473 -0,712 0,391269841269841 0,605555555555556 -1 1 -1 -1 -1 -1 
0,544545454545455 0,470526315789474 -0,544 0,408730158730159 0,623015873015873 -0,896 -1 1 1 -1 -1 
0,529090909090909 0,563157894736842 -0,68 0,394444444444444 0,608730158730159 -0,872 -1 -1 1 -1 -1 
0,505454545454545 0,697894736842105 -0,848 0,371428571428571 0,585714285714286 -0,988 -1 -1 -1 -1 -1 
0,537272727272727 0,750526315789473 -0,712 0,391269841269841 0,605555555555556 -1 1 -1 -1 -1 -1 
0,552727272727273 0,733684210526316 -0,624 0,417460317460317 0,631746031746032 -1 1 -1 -1 -1 -1 
0,537272727272727 0,750526315789473 -0,712 0,391269841269841 0,605555555555556 -1 1 -1 -1 -1 -1 
0,552727272727273 0,733684210526316 -0,624 0,417460317460317 0,631746031746032 -1 1 -1 -1 -1 -1 
0,540909090909091 0,770526315789474 -0,768 0,41984126984127 0,634126984126984 -1 -1 -1 -1 -1 -1 
0,534545454545455 0,768421052631579 -0,656 0,403968253968254 0,618253968253968 -1 -1 -1 -1 -1 -1 
0,516363636363636 0,724210526315789 -0,784 0,384126984126984 0,598412698412699 -1 -1 1 -1 -1 -1 
0,433636363636364 0,476842105263157 0,112 0,418253968253968 0,632539682539683 -1 -1 -1 -1 -1 -1 
0,450909090909091 0,548421052631579 -0,0159999999999999 0,418253968253968 0,632539682539683 -1 -1 -1 -1 -1 -1 
0,497272727272727 0,614736842105263 -0,504 0,378571428571429 0,592857142857143 -1 -1 -1 1 -1 -1 
0,566363636363636 0,503157894736842 -0,504 0,41984126984127 0,634126984126984 -0,992 1 1 1 -1 -1 
0,450909090909091 0,587368421052631 0,168 0,411111111111111 0,625396825396825 -0,972 -1 1 1 -1 -1 
0,602727272727273 0,358947368421053 -0,576 0,481746031746032 0,696031746031746 -0,968 -1 1 -1 -1 -1 
0,570909090909091 0,415789473684211 -0,664 0,432539682539683 0,646825396825397 -0,948 1 -1 -1 -1 -1 
0,544545454545455 0,521052631578947 -0,736 0,41031746031746 0,624603174603175 -1 1 -1 1 -1 -1 
0,576363636363636 0,503157894736842 -0,688 0,415873015873016 0,63015873015873 -0,956 1 1 -1 -1 -1 
0,512727272727273 0,530526315789473 -0,448 0,412698412698413 0,626984126984127 -0,984 -1 -1 1 -1 -1 
0,611818181818182 0,65578947368421 -0,712 0,442857142857143 0,657142857142857 -0,996 1 1 -1 -1 -1 
0,583636363636364 0,623157894736843 -0,784 0,426984126984127 0,641269841269841 -1 1 -1 -1 -1 -1 
0,581818181818182 0,586315789473685 -0,744 0,428571428571429 0,642857142857143 -1 -1 -1 -1 -1 -1 
0,596363636363636 0,581052631578948 -0,72 0,432539682539683 0,646825396825397 -1 -1 -1 -1 -1 -1 
0,609090909090909 0,596842105263158 -0,808 0,448412698412698 0,662698412698413 -1 1 -1 -1 -1 -1 
0,563636363636364 0,550526315789473 -0,744 0,396031746031746 0,61031746031746 -1 1 1 -1 -1 -1 
0,632727272727273 0,373684210526316 -0,368 0,431746031746032 0,646031746031746 -0,94 1 1 -1 -1 -1 
0,555454545454545 0,462105263157895 -0,448 0,446825396825397 0,661111111111111 -1 -1 -1 -1 -1 -1 
0,521818181818182 0,617894736842106 -0,608 0,421428571428571 0,635714285714286 -1 -1 -1 -1 -1 -1 
0,514545454545455 0,597894736842105 -0,776 0,38968253968254 0,603968253968254 -1 1 -1 -1 -1 -1 
0,516363636363636 0,622105263157894 -0,616 0,378571428571429 0,592857142857143 -0,96 1 -1 -1 -1 -1 
0,521818181818182 0,539999999999999 -0,6 0,401587301587302 0,615873015873016 -1 -1 1 -1 -1 -1 
0,609090909090909 0,6 -0,72 0,48015873015873 0,694444444444444 -0,992 -1 -1 -1 -1 -1 
0,611818181818182 0,65578947368421 -0,712 0,442857142857143 0,657142857142857 -0,996 1 1 -1 -1 -1 
0,583636363636364 0,623157894736843 -0,784 0,426984126984127 0,641269841269841 -1 1 -1 -1 -1 -1 
