0,62 0,626315789473684 -0,28 0,46031746031746 0,674603174603175 -0,988 -1 1 -1 -1 -1 
0,641818181818182 0,547368421052632 -0,032 0,528571428571429 0,742857142857143 -1 -1 -1 -1 -1 -1 
0,699090909090909 0,515789473684211 -0,304 0,542857142857143 0,757142857142857 -0,86 -1 1 -1 -1 -1 
0,66 0,55578947368421 -0,296 0,521428571428571 0,735714285714286 -1 -1 -1 -1 -1 -1 
0,72 0,525263157894737 -0,312 0,546031746031746 0,76031746031746 -0,984 -1 1 -1 -1 -1 
0,699090909090909 0,515789473684211 -0,304 0,542857142857143 0,757142857142857 -0,86 -1 1 -1 -1 -1 
0,66 0,55578947368421 -0,296 0,521428571428571 0,735714285714286 -1 -1 -1 -1 -1 -1 
0,72 0,525263157894737 -0,312 0,546031746031746 0,76031746031746 -0,984 -1 1 -1 -1 -1 
0,677272727272727 0,585263157894737 -0,44 0,496031746031746 0,71031746031746 -1 -1 -1 -1 -1 -1 
0,750909090909091 0,549473684210527 -0,224 0,578571428571429 0,792857142857143 -1 -1 -1 -1 -1 -1 
0,764545454545455 0,682105263157894 -0,92 0,553174603174603 0,767460317460318 -0,968 1 1 -1 -1 1 
0,752727272727273 0,670526315789474 -0,92 0,507142857142857 0,721428571428571 -0,996 1 -1 -1 -1 -1 
0,722727272727273 0,629473684210526 -0,944 0,532539682539683 0,746825396825397 -1 1 -1 -1 -1 -1 
0,736363636363636 0,604210526315789 -0,944 0,525396825396825 0,73968253968254 -1 1 -1 -1 -1 -1 
0,726363636363636 0,578947368421053 -0,88 0,524603174603175 0,738888888888889 -1 1 -1 -1 -1 -1 
0,725454545454545 0,572631578947368 -0,2 0,553174603174603 0,767460317460318 -1 -1 1 -1 -1 -1 
0,721818181818182 0,56421052631579 -0,128 0,565873015873016 0,78015873015873 -1 -1 -1 -1 -1 -1 
0,704545454545455 0,493684210526316 -0,112 0,567460317460317 0,781746031746032 -0,984 1 -1 -1 -1 -1 
0,642727272727273 0,501052631578948 -0,00800000000000001 0,51984126984127 0,734126984126984 -0,984 -1 -1 -1 -1 -1 
0,678181818181818 0,502105263157895 -0,104 0,521428571428571 0,735714285714286 -1 -1 -1 -1 -1 -1 
0,561818181818182 0,727368421052631 -0,648 0,403968253968254 0,618253968253968 -1 -1 -1 -1 -1 -1 
0,549090909090909 0,702105263157895 -0,44 0,396825396825397 0,611111111111111 -1 -1 -1 -1 -1 -1 
0,616363636363636 0,629473684210526 -0,728 0,453174603174603 0,667460317460317 -1 -1 -1 -1 -1 -1 
0,676363636363636 0,665263157894737 -0,904 0,457142857142857 0,671428571428571 -1 1 -1 -1 -1 -1 
0,696363636363636 0,654736842105264 -0,632 0,494444444444444 0,708730158730159 -1 1 -1 -1 -1 -1 
0,708181818181818 0,477894736842105 -0,24 0,573015873015873 0,787301587301587 -0,984 -1 1 -1 -1 -1 
0,739090909090909 0,534736842105263 -0,336 0,568253968253968 0,782539682539683 -0,888 -1 -1 -1 -1 -1 
0,757272727272727 0,52 -0,264 0,582539682539683 0,796825396825397 -1 -1 -1 -1 -1 -1 
0,782727272727273 0,437894736842106 -0,104 0,607142857142857 0,821428571428571 -1 -1 1 -1 -1 -1 
0,791818181818182 0,44 -0,712 0,603174603174603 0,817460317460317 -1 1 1 -1 -1 -1 
0,690909090909091 0,679999999999999 -0,88 0,503174603174603 0,717460317460317 -1 1 -1 -1 -1 -1 
0,707272727272727 0,689473684210526 -0,984 0,508730158730159 0,723015873015873 -1 -1 -1 -1 -1 -1 
0,652727272727273 0,693684210526317 -0,88 0,471428571428571 0,685714285714286 -1 1 -1 -1 -1 -1 
0,637272727272727 0,701052631578946 -0,864 0,435714285714286 0,65 -1 1 -1 -1 -1 -1 
0,613636363636364 0,685263157894736 -0,784 0,412698412698413 0,626984126984127 -1 1 -1 -1 -1 -1 
0,681818181818182 0,598947368421052 -0,224 0,474603174603175 0,688888888888889 -1 -1 -1 -1 -1 -1 
0,753636363636364 0,512631578947369 -0,32 0,546825396825397 0,761111111111111 -1 1 -1 -1 -1 -1 
0,7 0,517894736842106 -0,24 0,518253968253968 0,732539682539682 -1 -1 -1 -1 -1 -1 
0,613636363636364 0,609473684210526 -0,416 0,478571428571429 0,692857142857143 -1 -1 -1 -1 -1 -1 
0,622727272727273 0,592631578947368 -0,2 0,46031746031746 0,674603174603175 -1 -1 -1 -1 -1 -1 
0,713636363636364 0,583157894736842 -0,864 0,541269841269841 0,755555555555556 -1 -1 -1 -1 -1 -1 
0,729090909090909 0,548421052631579 -0,648 0,5 0,714285714285714 -0,984 1 1 -1 -1 -1 
0,786363636363636 0,483157894736842 -0,536 0,614285714285714 0,828571428571429 -0,984 -1 1 -1 -1 -1 
0,695454545454545 0,471578947368421 -0,0640000000000001 0,538888888888889 0,753174603174603 -0,812 -1 1 -1 -1 -1 
0,663636363636364 0,510526315789474 0,032 0,507142857142857 0,721428571428571 -1 -1 1 -1 -1 -1 
0,592727272727273 0,381052631578948 0,496 0,468253968253968 0,682539682539683 -0,828 -1 1 -1 -1 -1 
0,593636363636364 0,55578947368421 -0,312 0,446031746031746 0,66031746031746 -1 -1 -1 -1 -1 -1 
0,589090909090909 0,64 -0,864 0,405555555555556 0,61984126984127 -1 -1 -1 -1 -1 -1 
0,609090909090909 0,669473684210525 -0,88 0,41984126984127 0,634126984126984 -1 -1 -1 -1 -1 -1 
0,617272727272727 0,673684210526316 -0,976 0,424603174603175 0,638888888888889 -1 1 -1 -1 -1 -1 
0,721818181818182 0,570526315789474 -0,496 0,498412698412698 0,712698412698413 -0,992 1 1 -1 -1 -1 
0,63 0,558947368421053 -0,376 0,476984126984127 0,691269841269841 -1 -1 -1 -1 -1 -1 
0,579090909090909 0,637894736842104 -0,688 0,432539682539683 0,646825396825397 -1 -1 -1 -1 -1 -1 
0,558181818181818 0,716842105263157 -0,648 0,4 0,614285714285714 -1 -1 -1 -1 -1 -1 
0,608181818181818 0,692631578947368 -0,36 0,481746031746032 0,696031746031746 -1 -1 -1 -1 -1 -1 
0,598181818181818 0,603157894736842 -0,24 0,431746031746032 0,646031746031746 -1 -1 -1 -1 -1 -1 
0,493636363636364 0,691578947368422 -0,512 0,38015873015873 0,594444444444444 -1 -1 -1 -1 -1 -1 
0,557272727272727 0,610526315789474 0,24 0,403174603174603 0,617460317460317 -0,876 -1 1 -1 -1 -1 
0,710909090909091 0,516842105263158 0,208 0,468253968253968 0,682539682539683 -0,92 -1 1 -1 -1 -1 
0,683636363636364 0,483157894736842 0,264 0,551587301587302 0,765873015873016 -1 -1 -1 -1 -1 -1 
0,533636363636364 0,646315789473685 -0,4 0,418253968253968 0,632539682539683 -1 -1 -1 -1 -1 -1 
0,606363636363636 0,634736842105263 -0,784 0,412698412698413 0,626984126984127 -1 -1 -1 -1 -1 -1 
0,627272727272727 0,608421052631578 -0,648 0,451587301587302 0,665873015873016 -1 -1 -1 -1 -1 -1 
0,619090909090909 0,574736842105263 -0,768 0,426984126984127 0,641269841269841 -1 1 -1 -1 -1 -1 
0,613636363636364 0,591578947368422 -0,592 0,431746031746032 0,646031746031746 -1 1 -1 -1 -1 -1 
0,580909090909091 0,450526315789473 0,32 0,487301587301587 0,701587301587302 -0,988 -1 -1 -1 -1 -1 
0,681818181818182 0,481052631578948 -0,512 0,485714285714286 0,7 -0,968 1 1 -1 -1 -1 
0,727272727272727 0,489473684210526 -0,648 0,546825396825397 0,761111111111111 -0,988 1 1 -1 -1 -1 
0,75 0,437894736842106 -0,28 0,551587301587302 0,765873015873016 -0,968 1 1 -1 -1 -1 
0,746363636363636 0,324210526315789 -0,032 0,591269841269841 0,805555555555556 -0,984 -1 1 -1 -1 -1 
0,681818181818182 0,481052631578948 -0,512 0,485714285714286 0,7 -0,968 1 1 -1 -1 -1 
0,727272727272727 0,489473684210526 -0,648 0,546825396825397 0,761111111111111 -0,988 1 1 -1 -1 -1 
0,75 0,437894736842106 -0,28 0,551587301587302 0,765873015873016 -0,968 1 1 -1 -1 -1 
0,746363636363636 0,324210526315789 -0,032 0,591269841269841 0,805555555555556 -0,984 -1 1 -1 -1 -1 
0,709090909090909 0,263157894736842 -0,128 0,562698412698413 0,776984126984127 -0,996 -1 1 -1 -1 -1 
0,636363636363636 0,576842105263157 -0,264 0,481746031746032 0,696031746031746 -1 -1 -1 -1 -1 -1 
0,604545454545455 0,570526315789474 -0,576 0,453174603174603 0,667460317460317 -1 -1 1 -1 -1 -1 
0,607272727272727 0,588421052631579 -0,688 0,435714285714286 0,65 -1 -1 -1 -1 -1 -1 
0,712727272727273 0,501052631578948 -0,24 0,541269841269841 0,755555555555556 -1 -1 1 -1 -1 -1 
0,783636363636364 0,446315789473684 -0,664 0,603968253968254 0,818253968253968 -0,904 1 1 -1 -1 -1 
0,578181818181818 0,621052631578947 -0,592 0,43015873015873 0,644444444444444 -0,86 -1 1 1 -1 -1 
0,499090909090909 0,773684210526316 -0,88 0,374603174603175 0,588888888888889 -1 -1 -1 -1 -1 -1 
0,523636363636364 0,76 -0,648 0,36984126984127 0,584126984126984 -1 -1 -1 -1 -1 -1 
0,603636363636364 0,621052631578947 -0,336 0,46031746031746 0,674603174603175 -1 -1 -1 -1 -1 -1 
0,714545454545454 0,470526315789474 -0,264 0,53015873015873 0,744444444444444 -1 -1 1 -1 -1 1 
0,692727272727273 0,38 -0,184 0,546825396825397 0,761111111111111 -0,996 -1 1 -1 -1 -1 
0,663636363636364 0,447368421052632 -0,304 0,534126984126984 0,748412698412698 -0,996 -1 -1 -1 -1 -1 
0,706363636363636 0,471578947368421 -0,608 0,521428571428571 0,735714285714286 -0,968 -1 1 -1 -1 -1 
0,619090909090909 0,552631578947368 -0,576 0,46984126984127 0,684126984126984 -1 -1 -1 -1 -1 -1 
0,648181818181818 0,504210526315789 -0,304 0,46031746031746 0,674603174603175 -0,996 -1 -1 -1 -1 -1 
0,688181818181818 0,433684210526316 0,0720000000000001 0,555555555555556 0,76984126984127 -1 -1 -1 -1 -1 -1 
0,584545454545454 0,543157894736842 -0,264 0,461111111111111 0,675396825396825 -1 -1 -1 -1 -1 -1 
0,568181818181818 0,534736842105263 -0,608 0,412698412698413 0,626984126984127 -0,812 -1 1 1 -1 -1 
0,596363636363636 0,543157894736842 -0,264 0,438888888888889 0,653174603174603 -0,968 -1 1 -1 -1 -1 
0,606363636363636 0,602105263157895 -0,464 0,431746031746032 0,646031746031746 -0,968 -1 1 -1 -1 -1 
0,775454545454545 0,513684210526315 -0,768 0,58968253968254 0,803968253968254 -1 1 -1 -1 -1 -1 
0,79 0,513684210526315 -0,456 0,601587301587302 0,815873015873016 -1 -1 1 -1 -1 -1 
0,708181818181818 0,573684210526316 -0,552 0,532539682539683 0,746825396825397 -0,988 -1 1 -1 -1 -1 
0,675454545454545 0,550526315789473 -0,536 0,514285714285714 0,728571428571429 -0,684 -1 1 -1 -1 -1 
0,672727272727273 0,45578947368421 -0,248 0,517460317460318 0,731746031746032 -0,98 -1 1 -1 -1 -1 
0,483636363636364 0,703157894736842 -0,512 0,342857142857143 0,557142857142857 -1 -1 -1 -1 -1 -1 
0,504545454545455 0,637894736842104 0,144 0,357142857142857 0,571428571428571 -1 -1 -1 -1 -1 -1 
0,578181818181818 0,565263157894737 0,032 0,43015873015873 0,644444444444444 -0,984 -1 1 -1 -1 -1 
0,671818181818182 0,473684210526316 -0,288 0,48015873015873 0,694444444444444 -0,932 -1 1 -1 -1 -1 
0,695454545454545 0,393684210526316 -0,288 0,53968253968254 0,753968253968254 -0,96 -1 1 -1 -1 -1 
0,553636363636364 0,669473684210525 -0,512 0,448412698412698 0,662698412698413 -1 -1 -1 -1 -1 -1 
0,556363636363636 0,727368421052631 -0,808 0,405555555555556 0,61984126984127 -1 -1 -1 -1 -1 -1 
0,605454545454545 0,728421052631579 -0,784 0,43015873015873 0,644444444444444 -1 -1 -1 -1 -1 -1 
0,636363636363636 0,679999999999999 -0,824 0,503174603174603 0,717460317460317 -1 -1 -1 -1 -1 -1 
0,642727272727273 0,64 -0,576 0,478571428571429 0,692857142857143 -1 -1 -1 -1 -1 -1 
0,601818181818182 0,66 -0,552 0,442857142857143 0,657142857142857 -1 -1 -1 -1 -1 -1 
0,658181818181818 0,589473684210526 -0,496 0,51031746031746 0,724603174603175 -1 -1 -1 -1 -1 -1 
0,647272727272727 0,502105263157895 -0,304 0,48015873015873 0,694444444444444 -1 -1 -1 -1 -1 -1 
0,699090909090909 0,43578947368421 -0,264 0,523015873015873 0,737301587301587 -0,972 -1 1 -1 -1 -1 
0,66 0,452631578947368 -0,36 0,515873015873016 0,73015873015873 -0,992 -1 1 -1 -1 -1 
0,659090909090909 0,652631578947368 -0,672 0,526984126984127 0,741269841269841 -1 -1 -1 -1 -1 -1 
0,66 0,616842105263158 -0,576 0,532539682539683 0,746825396825397 -1 -1 -1 -1 -1 -1 
0,682727272727273 0,558947368421053 -0,808 0,518253968253968 0,732539682539682 -1 -1 -1 -1 -1 -1 
0,717272727272727 0,503157894736842 -0,848 0,565873015873016 0,78015873015873 -0,996 -1 -1 -1 -1 -1 
0,604545454545455 0,522105263157895 -0,168 0,485714285714286 0,7 -1 -1 -1 -1 -1 -1 
0,621818181818182 0,649473684210527 -0,536 0,444444444444444 0,658730158730159 -1 -1 -1 -1 -1 -1 
0,707272727272727 0,557894736842105 -0,456 0,55 0,764285714285714 -0,984 1 1 -1 -1 -1 
0,678181818181818 0,534736842105263 -0,264 0,538888888888889 0,753174603174603 -0,988 -1 -1 -1 -1 -1 
0,569090909090909 0,542105263157895 -0,2 0,464285714285714 0,678571428571429 -0,992 -1 1 -1 -1 -1 
0,519090909090909 0,557894736842105 -0,808 0,38968253968254 0,603968253968254 -1 -1 -1 -1 -1 -1 
0,53 0,593684210526316 -0,496 0,387301587301587 0,601587301587302 -1 -1 -1 -1 -1 -1 
0,588181818181818 0,513684210526315 -0,224 0,421428571428571 0,635714285714286 -1 -1 -1 -1 -1 -1 
0,52 0,541052631578947 -0,6 0,368253968253968 0,582539682539683 -1 -1 -1 -1 -1 -1 
0,559090909090909 0,495789473684211 -0,36 0,353174603174603 0,567460317460317 -0,936 1 1 -1 -1 -1 
0,576363636363636 0,486315789473685 -0,712 0,455555555555556 0,66984126984127 -0,984 -1 1 -1 -1 -1 
0,528181818181818 0,685263157894736 -0,56 0,407142857142857 0,621428571428571 -1 -1 -1 -1 -1 -1 
0,522727272727273 0,696842105263158 -0,304 0,428571428571429 0,642857142857143 -1 -1 -1 -1 -1 -1 
0,492727272727273 0,705263157894737 0,00800000000000001 0,423015873015873 0,637301587301587 -1 -1 -1 -1 -1 -1 
0,533636363636364 0,588421052631579 -0,136 0,415873015873016 0,63015873015873 -0,828 -1 -1 1 -1 -1 
0,632727272727273 0,448421052631579 -0,464 0,431746031746032 0,646031746031746 -0,888 1 1 -1 -1 -1 
0,522727272727273 0,696842105263158 -0,304 0,428571428571429 0,642857142857143 -1 -1 -1 -1 -1 -1 
0,492727272727273 0,705263157894737 0,00800000000000001 0,423015873015873 0,637301587301587 -1 -1 -1 -1 -1 -1 
0,533636363636364 0,588421052631579 -0,136 0,415873015873016 0,63015873015873 -0,828 -1 -1 1 -1 -1 
0,632727272727273 0,448421052631579 -0,464 0,431746031746032 0,646031746031746 -0,888 1 1 -1 -1 -1 
0,719090909090909 0,382105263157894 -0,288 0,526984126984127 0,741269841269841 -0,888 -1 1 -1 -1 -1 
0,520909090909091 0,494736842105263 -0,416 0,35 0,564285714285714 -0,984 -1 1 1 -1 -1 
0,644545454545455 0,362105263157894 -0,312 0,43015873015873 0,644444444444444 -0,748 -1 1 -1 -1 -1 
0,678181818181818 0,434736842105263 -0,776 0,494444444444444 0,708730158730159 -0,992 1 -1 -1 -1 -1 
0,599090909090909 0,537894736842106 -0,536 0,405555555555556 0,61984126984127 -0,812 -1 1 -1 -1 -1 
0,594545454545455 0,458947368421053 -0,264 0,414285714285714 0,628571428571429 -0,984 -1 1 -1 -1 -1 
0,631818181818182 0,363157894736842 0,152 0,53015873015873 0,744444444444444 -0,92 -1 -1 -1 -1 -1 
0,678181818181818 0,378947368421053 -0,36 0,53015873015873 0,744444444444444 -0,968 -1 1 -1 -1 -1 
0,665454545454546 0,343157894736842 -0,264 0,508730158730159 0,723015873015873 -0,592 -1 1 -1 -1 -1 
0,642727272727273 0,358947368421053 0,04 0,498412698412698 0,712698412698413 -0,62 -1 1 -1 -1 -1 
0,672727272727273 0,45578947368421 -0,264 0,496031746031746 0,71031746031746 -0,984 -1 1 -1 -1 -1 
0,665454545454546 0,343157894736842 -0,264 0,508730158730159 0,723015873015873 -0,592 -1 1 -1 -1 -1 
0,642727272727273 0,358947368421053 0,04 0,498412698412698 0,712698412698413 -0,62 -1 1 -1 -1 -1 
0,672727272727273 0,45578947368421 -0,264 0,496031746031746 0,71031746031746 -0,984 -1 1 -1 -1 -1 
0,659090909090909 0,475789473684211 -0,36 0,515873015873016 0,73015873015873 -0,968 -1 1 -1 -1 -1 
0,624545454545455 0,526315789473684 -0,576 0,487301587301587 0,701587301587302 -0,952 -1 1 -1 -1 -1 
0,499090909090909 0,741052631578948 -0,712 0,353968253968254 0,568253968253968 -1 -1 -1 -1 -1 -1 
0,503636363636364 0,667368421052633 -0,512 0,365873015873016 0,58015873015873 -1 -1 -1 -1 -1 -1 
0,553636363636364 0,587368421052631 -0,184 0,437301587301587 0,651587301587301 -1 -1 -1 -1 -1 -1 
0,62 0,489473684210526 -0,128 0,461111111111111 0,675396825396825 -0,968 -1 1 -1 -1 -1 
0,645454545454546 0,382105263157894 -0,088 0,498412698412698 0,712698412698413 -0,84 -1 1 -1 -1 -1 
0,659090909090909 0,417894736842106 -0,136 0,501587301587302 0,715873015873016 -0,968 -1 1 -1 -1 -1 
0,610909090909091 0,469473684210527 -0,2 0,482539682539682 0,696825396825397 -0,932 -1 1 -1 -1 -1 
0,58 0,569473684210527 -0,608 0,467460317460317 0,681746031746032 -1 -1 -1 -1 -1 -1 
0,601818181818182 0,587368421052631 -0,576 0,46031746031746 0,674603174603175 -0,992 -1 1 -1 -1 -1 
0,663636363636364 0,494736842105263 -0,2 0,496031746031746 0,71031746031746 -1 -1 1 -1 -1 -1 
0,614545454545455 0,505263157894737 -0,264 0,453174603174603 0,667460317460317 -1 -1 -1 -1 -1 -1 
0,716363636363636 0,456842105263158 -0,28 0,537301587301587 0,751587301587302 -0,98 -1 1 -1 -1 -1 
0,647272727272727 0,469473684210527 -0,2 0,45 0,664285714285714 -0,98 -1 1 -1 -1 -1 
0,5 0,590526315789474 -0,552 0,36984126984127 0,584126984126984 -0,98 -1 -1 1 -1 -1 
0,671818181818182 0,401052631578948 -0,024 0,431746031746032 0,646031746031746 -0,7 -1 1 -1 -1 -1 
0,660909090909091 0,487368421052631 -0,4 0,511111111111111 0,725396825396825 -1 -1 -1 -1 -1 -1 
0,660909090909091 0,537894736842106 -0,584 0,498412698412698 0,712698412698413 -0,992 -1 1 -1 -1 -1 
0,6 0,547368421052632 -0,168 0,465873015873016 0,68015873015873 -0,688 -1 1 -1 -1 -1 
0,611818181818182 0,649473684210527 -0,432 0,465873015873016 0,68015873015873 -0,96 -1 1 -1 -1 -1 
0,621818181818182 0,701052631578946 -0,664 0,48015873015873 0,694444444444444 -1 -1 1 -1 -1 -1 
0,665454545454546 0,558947368421053 -0,536 0,494444444444444 0,708730158730159 -0,92 -1 1 -1 -1 -1 
0,657272727272727 0,553684210526316 -0,736 0,496031746031746 0,71031746031746 -0,92 1 1 -1 -1 -1 
0,636363636363636 0,539999999999999 -0,688 0,45 0,664285714285714 -0,936 -1 1 -1 -1 -1 
0,638181818181818 0,585263157894737 -0,448 0,492857142857143 0,707142857142857 -0,992 1 -1 -1 -1 -1 
0,620909090909091 0,630526315789475 -0,472 0,494444444444444 0,708730158730159 -1 -1 -1 -1 -1 -1 
0,670909090909091 0,330526315789473 -0,28 0,468253968253968 0,682539682539683 -0,936 -1 1 -1 -1 -1 
0,638181818181818 0,458947368421053 -0,376 0,482539682539682 0,696825396825397 -0,936 -1 1 -1 -1 -1 
0,579090909090909 0,55578947368421 -0,592 0,421428571428571 0,635714285714286 -1 -1 -1 -1 -1 -1 
0,542727272727273 0,669473684210525 -0,784 0,362698412698413 0,576984126984127 -1 1 -1 -1 -1 -1 
0,546363636363636 0,749473684210527 -0,552 0,384126984126984 0,598412698412699 -1 -1 -1 -1 -1 -1 
0,549090909090909 0,775789473684211 -0,512 0,381746031746032 0,596031746031746 -1 1 -1 -1 -1 -1 
0,54 0,737894736842104 -0,712 0,385714285714286 0,6 -1 -1 -1 -1 -1 -1 
0,526363636363636 0,729473684210526 -0,792 0,36984126984127 0,584126984126984 -1 -1 -1 -1 -1 -1 
0,520909090909091 0,745263157894736 -0,264 0,362698412698413 0,576984126984127 -1 -1 -1 -1 -1 -1 
0,513636363636364 0,725263157894738 0,048 0,401587301587302 0,615873015873016 -1 -1 -1 -1 -1 -1 
0,609090909090909 0,709473684210527 -0,648 0,476984126984127 0,691269841269841 -1 -1 -1 -1 -1 -1 
0,599090909090909 0,733684210526316 -0,512 0,45 0,664285714285714 -1 -1 -1 -1 -1 -1 
0,595454545454545 0,709473684210527 -0,608 0,442857142857143 0,657142857142857 -1 -1 -1 -1 -1 -1 
0,592727272727273 0,684210526315789 -0,712 0,437301587301587 0,651587301587301 -1 -1 -1 -1 -1 -1 
0,54 0,717894736842106 -0,576 0,403174603174603 0,617460317460317 -1 -1 -1 -1 -1 -1 
0,535454545454545 0,494736842105263 -0,088 0,423015873015873 0,637301587301587 -1 -1 1 1 -1 -1 
0,555454545454545 0,532631578947369 -0,32 0,423015873015873 0,637301587301587 -0,984 -1 1 1 -1 -1 
0,558181818181818 0,486315789473685 -0,28 0,434126984126984 0,648412698412698 -0,996 -1 1 1 -1 -1 
0,504545454545455 0,591578947368422 0,104 0,385714285714286 0,6 -0,952 -1 -1 1 -1 -1 
0,508181818181818 0,625263157894738 -0,36 0,373015873015873 0,587301587301587 -1 -1 1 1 -1 -1 
