127720 99999  19860101    26.3  8    22.1  8  1006.7  8  9999.9  0    1.9  8    0.7  8    1.9  999.9    28.6    22.6   0.10F   2.0  101000 
127720 99999  19860102    24.9  8    24.0  8  1007.5  8  9999.9  0    0.8  8    0.2  8    1.9  999.9    26.6*   23.0*  0.02E   1.6  101000 
127720 99999  19860103    27.6  7    26.7  7  1008.1  7  9999.9  0    0.7  7    0.0  7    1.9  999.9    31.6    24.6   0.14F   3.1  101000 
127720 99999  19860104    32.9  8    32.5  8  1008.4  8  9999.9  0    0.4  8    0.2  8    1.9  999.9    35.4    29.1   0.14F   2.0  110000 
127720 99999  19860105    27.5  8    25.0  8  1013.4  8  9999.9  0    2.3  8    1.2  8    3.9  999.9    33.4*   14.9*  0.24F   2.0  111000 
127720 99999  19860106    20.7  8    20.1  8  1012.4  8  9999.9  0    0.1  8    0.0  8  999.9  999.9    24.6    13.1   0.00D   2.0  100000 
127720 99999  19860107    21.9  8    21.4  8  1010.0  8  9999.9  0    0.5  8    0.0  8  999.9  999.9    27.3    16.3   0.00D   2.0  100000 
127720 99999  19860108    25.6  8    24.2  8  1012.7  8  9999.9  0    1.3  8    0.2  8    1.9  999.9    31.1    20.5   0.00E   2.0  100000 
127720 99999  19860109    25.8  8    24.4  8  1020.2  8  9999.9  0    1.1  8    0.0  8  999.9  999.9    28.6    20.3   0.00D   1.6  100000 
127720 99999  19860110    17.2  8    13.3  8  1028.9  8  9999.9  0    1.6  8    0.2  8    1.9  999.9    23.7*    9.0*  0.00D   1.6  100000 
127720 99999  19860111    16.1  8    14.5  8  1022.5  8  9999.9  0    0.7  8    1.2  8    3.9  999.9    23.0     7.0   0.03E   2.4  101000 
127720 99999  19860112    22.5  8    21.4  8  1014.6  8  9999.9  0    1.0  8    0.0  8  999.9  999.9    24.4    20.3   0.03F   3.5  001000 
127720 99999  19860113    25.3  8    24.6  8  1013.4  8  9999.9  0    0.9  8    0.0  8  999.9  999.9    28.9    20.7*  0.00E   3.5  100000 
127720 99999  19860114    34.6  7    31.3  7  1003.8  7  9999.9  0    2.5  7    3.1  7    9.7  999.9    42.3*   20.7   0.03F   2.0  111000 
127720 99999  19860115    40.6  8    32.4  8   995.5  8  9999.9  0   10.9  8    8.0  8    9.7  999.9    43.2    35.6   0.04E 999.9  000000 
127720 99999  19860116    34.6  8    28.7  8  1003.4  8  9999.9  0    7.8  8    4.1  8    9.7  999.9    40.3*   25.9*  0.01E 999.9  101000 
127720 99999  19860117    26.7  9    24.4  9  1010.1  9  9999.9  0    1.4  9    1.5  9    1.9  999.9    30.6    22.3*  0.06F   2.0  101000 
127720 99999  19860118    19.8  8    15.2  8  1021.8  8  9999.9  0    1.8  8    1.2  8    5.8  999.9    27.5    11.1   0.00D   1.6  001000 
127720 99999  19860119    33.4  8    28.7  8  1011.8  8  9999.9  0    3.8  8    2.4  8    5.8  999.9    45.7    21.7   0.03E   1.6  001000 
127720 99999  19860120    42.5  8    31.1  8  1008.3  8  9999.9  0   20.0  8   11.9  8   23.3  999.9    48.4    34.2   0.04E 999.9  010000 
127720 99999  19860121    39.6  8    29.8  8  1022.4  8  9999.9  0   14.0  8    6.8  8    9.7  999.9    49.6    29.8   0.00D 999.9  000000 
127720 99999  19860122    33.2  8    30.8  8  1018.1  8  9999.9  0    1.4  8    2.2  8    5.8  999.9    39.6    28.4*  0.00D 999.9  000000 
127720 99999  19860123    35.4  8    34.1  8  1007.1  8  9999.9  0    0.7  8    3.4  8    7.8  999.9    44.6    28.0   0.02E 999.9  110000 
127720 99999  19860124    43.1  8    39.7  8   992.5  8  9999.9  0    3.0  8    3.4  8    7.8  999.9    45.3    41.0*  0.20E 999.9  010000 
127720 99999  19860125    35.3  8    32.2  8   999.5  8  9999.9  0    3.7  8    3.2  8    9.7  999.9    38.5*   30.2*  0.39F 999.9  010000 
127720 99999  19860126    30.7  8    26.8  8  1012.9  8  9999.9  0    1.8  8    1.0  8    1.9  999.9    36.7    27.1   0.00D 999.9  000000 
127720 99999  19860127    28.6  6    21.4  6  1017.9  6  9999.9  0    4.6  6    1.9  6    5.8  999.9    34.5    25.0   0.00D 999.9  000000 
127720 99999  19860128    27.1  8    22.5  8  1024.5  8  9999.9  0    2.9  8    0.7  8    3.9  999.9    37.4    19.0   0.00D 999.9  000000 
127720 99999  19860129    30.6  8    25.5  8  1023.4  8  9999.9  0    2.5  8    0.5  8    1.9  999.9    39.2    23.7   0.00D 999.9  000000 
127720 99999  19860130    31.1  8    27.5  8  1017.9  8  9999.9  0    1.8  8    0.7  8    1.9  999.9    44.2    20.8   0.00D 999.9  000000 
127720 99999  19860131    31.8  8    28.4  8  1018.2  8  9999.9  0    1.6  8    0.7  8    1.9  999.9    41.4    24.8   0.00D 999.9  100000 
127720 99999  19860201    38.1  8    32.2  8  1014.7  8  9999.9  0    3.0  8    1.7  8    3.9  999.9    43.9    30.6   0.00D 999.9  000000 
127720 99999  19860202    32.9  8    31.6  8  1014.4  8  9999.9  0    1.4  8    3.4  8    7.8  999.9    37.0*   29.5*  0.63F   3.1  011000 
127720 99999  19860203    29.1  8    22.5  8  1022.2  8  9999.9  0    4.4  8    2.9  8    7.8  999.9    34.7    20.1*  0.20E   4.3  001000 
127720 99999  19860204    16.9  8    11.8  8  1023.4  8  9999.9  0    3.9  8    0.0  8  999.9  999.9    30.7     9.3*  0.00D   3.9  000000 
127720 99999  19860205     9.6  8     7.3  8  1019.1  8  9999.9  0    0.5  8    0.0  8  999.9  999.9    26.2     0.1   0.00D   3.9  100000 
127720 99999  19860206     9.5  8     7.3  8  1016.2  8  9999.9  0    0.5  8    0.0  8  999.9  999.9    24.8    -0.2*  0.00D   3.9  100000 
127720 99999  19860207    10.9  8     8.5  8  1015.3  8  9999.9  0    0.4  8    0.0  8  999.9  999.9    23.4    -0.4   0.00D   3.9  101000 
127720 99999  19860208    15.8  8    10.5  8  1013.0  8  9999.9  0    1.5  8    0.0  8  999.9  999.9    21.7*    9.3   0.00E   3.9  001000 
127720 99999  19860209    30.5  8    25.3  8  1009.5  8  9999.9  0    1.7  8    1.2  8    3.9  999.9    39.0    20.8   0.00E   3.1  001000 
127720 99999  19860210    34.6  8    27.4  8  1013.3  8  9999.9  0    2.5  8    2.2  8    3.9  999.9    40.6    27.5   0.00D   2.0  000000 
127720 99999  19860211    30.2  8    22.6  8  1022.3  8  9999.9  0    4.2  8    3.6  8    5.8  999.9    33.8    26.4   0.00D   2.0  000000 
127720 99999  19860212    25.4  8    17.6  8  1026.3  8  9999.9  0    4.2  8    5.3  8    9.7  999.9    28.6    22.1*  0.01E   2.0  001000 
127720 99999  19860213    25.0  8    19.2  8  1023.5  8  9999.9  0    2.2  8    1.2  8    3.9  999.9    32.9    15.4   0.00D   2.0  100000 
127720 99999  19860214    29.2  8    24.5  8  1021.7  8  9999.9  0    1.8  8    0.5  8    1.9  999.9    34.0    23.7   0.00D   2.0  000000 
127720 99999  19860215    30.4  9    28.1  9  1021.6  8  9999.9  0    0.8  9    1.1  9    1.9  999.9    32.5    28.0   0.01F   1.2  001000 
127720 99999  19861211    22.5  8    21.6  8  1034.8  8  9999.9  0    0.2  8    0.0  8  999.9  999.9    24.4    21.2   0.00D 999.9  100000 
127720 99999  19861212    24.8  8    23.8  8  1029.8  8  9999.9  0    0.5  8    1.7  8    3.9  999.9    27.0    21.7   0.04E 999.9  101000 
127720 99999  19861213    24.2  8    23.4  8  1023.9  8  9999.9  0    0.8  8    0.2  8    1.9  999.9    25.9    21.9*  0.08F   1.2  001000 
127720 99999  19861214    25.7  8    24.9  8  1021.3  8  9999.9  0    0.9  8    0.0  8  999.9  999.9    28.0    21.2   0.00D   1.2  100000 
127720 99999  19861215    26.0  8    25.2  8  1021.0  8  9999.9  0    1.5  8    0.0  8  999.9  999.9    26.6    24.8   0.24E   3.1  001000 
127720 99999  19861216    24.6  7    23.7  7  1013.8  7  9999.9  0    0.8  7    0.0  7  999.9  999.9    27.0*   20.8   0.06F   3.5  101000 
127720 99999  19861217    27.8  8    26.9  8  1016.2  8  9999.9  0    0.3  8    0.2  8    1.9  999.9    29.5    25.0   0.00D   3.5  100000 
127720 99999  19861218    25.7  8    24.8  8  1016.3  8  9999.9  0    0.7  8    1.0  8    3.9  999.9    28.8    23.0*  0.00E   3.1  101000 
127720 99999  19861219    32.2  8    29.6  8   998.7  8  9999.9  0    2.0  8    2.5  7    9.7  999.9    39.0*   26.6   0.20F   3.1  011000 
127720 99999  19861220    37.9  8    27.1  8   994.7  8  9999.9  0   15.5  8   11.7  8   13.6  999.9    40.1    31.1   0.00D   2.8  000000 
127720 99999  19861221    33.6  8    25.1  8  1001.4  8  9999.9  0   11.0  8    4.4  8    9.7  999.9    38.1    28.4*  0.00D   2.4  000000 
127720 99999  19861222    27.6  9    23.3  9  1005.8  9  9999.9  0    3.7  9    1.1  9    5.8  999.9    35.8*   13.3*  0.00E   2.0  011000 
127720 99999  19861223    16.3  8    13.7  8  1012.0  8  9999.9  0    1.9  8    0.0  8  999.9  999.9    23.4     9.9   0.00D   2.0  000000 
127720 99999  19861224    11.8  8    10.9  8  1023.0  8  9999.9  0    0.6  8    0.0  8  999.9  999.9    16.0     7.3   0.00D   2.0  100000 
127720 99999  19861225     9.0  8     7.7  8  1027.1  8  9999.9  0    0.2  8    1.0  8    1.9  999.9    14.7     4.5*  0.00D   2.0  100000 
127720 99999  19861226     6.8  7     4.7  7  1016.6  7  9999.9  0    0.5  7    0.0  7  999.9  999.9    14.9     0.0*  0.00D   2.0  100000 
127720 99999  19861227    14.0  9    11.8  9  1012.8  9  9999.9  0    1.0  9    0.4  9    3.9  999.9    18.0*    8.4   0.02F   2.4  001000 
127720 99999  19861228    19.9  8    18.3  8  1013.6  8  9999.9  0    0.8  8    0.7  8    5.8  999.9    25.2    16.7   0.06F   3.1  001000 
127720 99999  19861229    26.0  8    23.8  8  1007.8  8  9999.9  0    1.1  8    1.0  8    7.8  999.9    43.9*   21.4   0.02F   3.5  101000 
127720 99999  19861230    42.3  8    35.4  8  1005.7  8  9999.9  0   11.7  8    6.1  8   11.7  999.9    48.2    24.8   0.00D 999.9  000000 
127720 99999  19861231    38.1  8    33.2  8  1009.4  8  9999.9  0    3.2  8    0.7  8    5.8  999.9    49.1    31.6   0.01E 999.9  110000 
