0,450909090909091 0,666315789473684 -0,744 0,331746031746032 0,546031746031746 -1 -1 -1 -1 -1 -1 
0,505454545454545 0,576842105263157 -0,4 0,331746031746032 0,546031746031746 -1 -1 -1 -1 -1 -1 
0,550909090909091 0,406315789473684 -0,00800000000000001 0,41984126984127 0,634126984126984 -1 -1 1 -1 -1 -1 
0,54 0,422105263157895 -0,032 0,376984126984127 0,591269841269841 -0,952 1 1 -1 -1 -1 
0,584545454545454 0,472631578947368 -0,472 0,432539682539683 0,646825396825397 -1 1 1 -1 -1 -1 
0,425454545454545 0,629473684210526 -0,416 0,211111111111111 0,425396825396825 -0,996 -1 -1 1 -1 -1 
0,549090909090909 0,44421052631579 0,00800000000000001 0,387301587301587 0,601587301587302 -0,92 -1 1 1 -1 -1 
0,557272727272727 0,443157894736842 -0,088 0,418253968253968 0,632539682539683 -0,936 -1 -1 1 -1 -1 
0,53 0,511578947368421 -0,184 0,407142857142857 0,621428571428571 -0,968 -1 1 1 -1 -1 
0,509090909090909 0,527368421052632 -0,28 0,403174603174603 0,617460317460317 -1 -1 -1 -1 -1 -1 
0,53 0,511578947368421 -0,184 0,407142857142857 0,621428571428571 -0,968 -1 1 1 -1 -1 
0,509090909090909 0,527368421052632 -0,28 0,403174603174603 0,617460317460317 -1 -1 -1 -1 -1 -1 
0,552727272727273 0,441052631578947 -0,304 0,438888888888889 0,653174603174603 -1 -1 -1 -1 -1 -1 
0,602727272727273 0,369473684210527 -0,00800000000000001 0,457142857142857 0,671428571428571 -0,984 1 1 -1 -1 -1 
0,624545454545455 0,284210526315789 0,048 0,457142857142857 0,671428571428571 -0,988 1 1 -1 -1 -1 
0,624545454545455 0,284210526315789 0,048 0,457142857142857 0,671428571428571 -0,988 1 1 -1 -1 -1 
0,609090909090909 0,197894736842105 0,44 0,46984126984127 0,684126984126984 -0,936 -1 1 -1 -1 -1 
0,570909090909091 0,308421052631578 -0,672 0,394444444444444 0,608730158730159 -0,984 1 -1 -1 -1 -1 
0,572727272727273 0,401052631578948 -0,496 0,388888888888889 0,603174603174603 -1 1 -1 -1 -1 -1 
0,617272727272727 0,483157894736842 -0,632 0,45 0,664285714285714 -0,796 1 1 -1 -1 -1 
0,54 0,576842105263157 -0,624 0,412698412698413 0,626984126984127 -1 -1 -1 -1 -1 -1 
0,564545454545455 0,501052631578948 -0,28 0,407142857142857 0,621428571428571 -0,984 -1 1 -1 -1 -1 
0,542727272727273 0,482105263157894 -0,416 0,424603174603175 0,638888888888889 -0,988 -1 -1 1 -1 -1 
0,575454545454545 0,413684210526315 -0,168 0,437301587301587 0,651587301587301 -0,984 -1 1 -1 -1 -1 
0,622727272727273 0,413684210526315 -0,416 0,421428571428571 0,635714285714286 -0,968 -1 1 -1 -1 -1 
0,440909090909091 0,585263157894737 -0,536 0,315873015873016 0,53015873015873 -0,996 -1 -1 1 -1 -1 
0,495454545454545 0,684210526315789 -0,304 0,323015873015873 0,537301587301587 -1 -1 1 1 -1 -1 
0,623636363636364 0,665263157894737 -0,376 0,435714285714286 0,65 -0,984 -1 1 -1 -1 -1 
0,599090909090909 0,607368421052632 0,304 0,476984126984127 0,691269841269841 -0,996 -1 -1 -1 -1 -1 
0,587272727272727 0,606315789473684 -0,032 0,465873015873016 0,68015873015873 -1 -1 1 -1 -1 -1 
0,490909090909091 0,524210526315789 -0,0640000000000001 0,353174603174603 0,567460317460317 -0,964 -1 -1 1 -1 -1 
0,538181818181818 0,453684210526316 0,0880000000000001 0,41984126984127 0,634126984126984 -0,912 -1 -1 1 -1 -1 
0,576363636363636 0,293684210526316 0,24 0,435714285714286 0,65 -0,828 -1 1 1 -1 -1 
0,522727272727273 0,368421052631579 0,224 0,411111111111111 0,625396825396825 -0,976 -1 1 1 -1 -1 
0,578181818181818 0,431578947368421 0,144 0,415873015873016 0,63015873015873 -0,976 -1 1 1 -1 -1 
0,51 0,46421052631579 -0,00800000000000001 0,396031746031746 0,61031746031746 -0,996 -1 -1 1 -1 -1 
0,567272727272727 0,345263157894736 0,576 0,424603174603175 0,638888888888889 -0,984 -1 1 1 -1 -1 
0,538181818181818 0,45578947368421 0,104 0,401587301587302 0,615873015873016 -0,92 -1 1 1 -1 -1 
0,389090909090909 0,715789473684211 -0,0640000000000001 0,338888888888889 0,553174603174603 -0,984 -1 -1 1 -1 -1 
0,4 0,849473684210527 -0,784 0,324603174603175 0,538888888888889 -1 -1 -1 -1 -1 -1 
0,58 0,693684210526317 -0,304 0,458730158730159 0,673015873015873 -1 -1 -1 -1 -1 -1 
0,571818181818182 0,569473684210527 -0,184 0,476984126984127 0,691269841269841 -1 -1 -1 -1 -1 -1 
0,575454545454545 0,551578947368421 -0,104 0,467460317460317 0,681746031746032 -1 -1 -1 -1 -1 -1 
0,647272727272727 0,466315789473684 -0,144 0,496031746031746 0,71031746031746 -1 -1 1 -1 -1 -1 
0,57 0,454736842105264 0,144 0,481746031746032 0,696031746031746 -0,952 -1 -1 -1 -1 -1 
0,410909090909091 0,694736842105263 -0,416 0,285714285714286 0,5 -1 -1 -1 -1 -1 -1 
0,437272727272727 0,676842105263157 0,0880000000000001 0,298412698412698 0,512698412698413 -1 -1 -1 1 -1 -1 
0,441818181818182 0,667368421052633 -0,184 0,305555555555556 0,51984126984127 -1 -1 -1 -1 -1 -1 
0,463636363636364 0,633684210526316 -0,336 0,342857142857143 0,557142857142857 -1 -1 -1 -1 -1 -1 
0,53 0,546315789473684 -0,376 0,38015873015873 0,594444444444444 -1 -1 -1 -1 -1 -1 
0,473636363636364 0,610526315789474 -0,32 0,3 0,514285714285714 -1 -1 -1 1 -1 -1 
0,520909090909091 0,614736842105263 -0,0640000000000001 0,407142857142857 0,621428571428571 -1 -1 -1 1 -1 -1 
0,5 0,649473684210527 -0,376 0,338888888888889 0,553174603174603 -1 -1 -1 -1 -1 -1 
0,535454545454545 0,633684210526316 -0,168 0,417460317460317 0,631746031746032 -1 -1 -1 -1 -1 -1 
0,563636363636364 0,621052631578947 -0,36 0,412698412698413 0,626984126984127 -1 1 1 -1 -1 -1 
0,498181818181818 0,611578947368421 -0,592 0,358730158730159 0,573015873015873 -1 -1 -1 1 -1 -1 
0,463636363636364 0,709473684210527 -0,728 0,294444444444444 0,508730158730159 -1 1 -1 -1 -1 -1 
0,504545454545455 0,678947368421053 -0,376 0,317460317460317 0,531746031746032 -1 -1 -1 -1 -1 -1 
0,573636363636364 0,637894736842104 -0,48 0,431746031746032 0,646031746031746 -1 -1 -1 -1 -1 -1 
0,576363636363636 0,611578947368421 -0,448 0,441269841269841 0,655555555555556 -1 1 -1 -1 -1 -1 
0,539090909090909 0,604210526315789 -0,16 0,394444444444444 0,608730158730159 -1 -1 -1 -1 -1 -1 
0,55 0,617894736842106 -0,176 0,4 0,614285714285714 -1 -1 -1 -1 -1 -1 
0,606363636363636 0,56421052631579 -0,24 0,446031746031746 0,66031746031746 -1 -1 -1 -1 -1 -1 
0,613636363636364 0,412631578947369 -0,0479999999999999 0,476984126984127 0,691269841269841 -1 -1 1 -1 -1 -1 
0,603636363636364 0,373684210526316 -0,0479999999999999 0,467460317460317 0,681746031746032 -0,86 -1 1 -1 -1 -1 
0,54 0,603157894736842 -0,264 0,432539682539683 0,646825396825397 -0,988 -1 -1 -1 -1 -1 
0,518181818181818 0,624210526315789 -0,312 0,414285714285714 0,628571428571429 -1 -1 -1 -1 -1 -1 
0,535454545454545 0,470526315789474 0,224 0,424603174603175 0,638888888888889 -1 -1 -1 1 -1 -1 
0,549090909090909 0,308421052631578 0,184 0,41031746031746 0,624603174603175 -0,952 -1 -1 1 -1 -1 
0,540909090909091 0,305263157894737 -0,112 0,43015873015873 0,644444444444444 -1 -1 -1 1 -1 -1 
0,448181818181818 0,471578947368421 -0,376 0,33968253968254 0,553968253968254 -0,968 -1 -1 -1 -1 -1 
0,447272727272727 0,587368421052631 -0,312 0,35 0,564285714285714 -0,992 -1 -1 1 -1 -1 
0,441818181818182 0,590526315789474 -0,0159999999999999 0,33015873015873 0,544444444444444 -1 -1 -1 1 -1 -1 
0,606363636363636 0,317894736842106 0,264 0,437301587301587 0,651587301587301 -0,844 -1 1 -1 -1 -1 
0,567272727272727 0,304210526315789 0,352 0,458730158730159 0,673015873015873 -0,992 -1 1 1 -1 -1 
0,546363636363636 0,502105263157895 -0,256 0,401587301587302 0,615873015873016 -0,984 -1 1 1 -1 -1 
0,547272727272727 0,514736842105263 -0,44 0,431746031746032 0,646031746031746 -0,984 -1 -1 1 -1 -1 
0,550909090909091 0,496842105263158 -0,104 0,43015873015873 0,644444444444444 -0,92 -1 1 1 -1 -1 
0,550909090909091 0,53578947368421 -0,24 0,453968253968254 0,668253968253968 -1 -1 -1 -1 -1 -1 
0,561818181818182 0,402105263157895 -0,144 0,428571428571429 0,642857142857143 -0,968 -1 1 1 -1 -1 
0,462727272727273 0,808421052631578 0,224 0,351587301587302 0,565873015873016 -1 -1 -1 -1 -1 -1 
0,299090909090909 0,869473684210525 0,032 0,282539682539683 0,496825396825397 -1 -1 -1 -1 -1 -1 
0,352727272727273 0,797894736842105 0,0880000000000001 0,3 0,514285714285714 -1 -1 -1 -1 -1 -1 
0,399090909090909 0,638947368421053 0,0880000000000001 0,38015873015873 0,594444444444444 -0,876 -1 -1 -1 -1 -1 
0,418181818181818 0,545263157894736 0,112 0,38015873015873 0,594444444444444 -1 -1 -1 -1 -1 -1 
0,294545454545455 0,576842105263157 -0,16 0,211111111111111 0,425396825396825 -0,996 -1 -1 1 -1 -1 
0,268181818181818 0,657894736842105 -0,32 0,18015873015873 0,394444444444444 -1 -1 -1 -1 -1 -1 
0,270909090909091 0,664210526315788 -0,536 0,162698412698413 0,376984126984127 -1 -1 -1 -1 -1 -1 
0,337272727272727 0,609473684210526 0,264 0,212698412698413 0,426984126984127 -1 -1 -1 -1 -1 -1 
0,51 0,492631578947368 0,032 0,346825396825397 0,561111111111111 -0,988 -1 -1 1 -1 -1 
0,370909090909091 0,58 -0,4 0,276984126984127 0,491269841269841 -1 -1 -1 -1 -1 -1 
0,385454545454545 0,611578947368421 -0,648 0,285714285714286 0,5 -1 -1 -1 -1 -1 -1 
0,395454545454545 0,583157894736842 -0,688 0,303968253968254 0,518253968253968 -1 -1 -1 -1 -1 -1 
0,410909090909091 0,572631578947368 -0,336 0,326984126984127 0,541269841269841 -1 -1 -1 -1 -1 -1 
0,385454545454545 0,613684210526315 -0,576 0,294444444444444 0,508730158730159 -1 -1 -1 -1 -1 -1 
0,431818181818182 0,718947368421052 -0,536 0,315873015873016 0,53015873015873 -1 -1 -1 -1 -1 -1 
0,427272727272727 0,703157894736842 -0,00800000000000001 0,365873015873016 0,58015873015873 -1 -1 -1 -1 -1 -1 
0,446363636363636 0,663157894736842 -0,264 0,365873015873016 0,58015873015873 -1 -1 -1 -1 -1 -1 
0,463636363636364 0,690526315789473 -0,672 0,344444444444444 0,558730158730159 -1 -1 -1 -1 -1 -1 
0,467272727272727 0,685263157894736 -0,92 0,341269841269841 0,555555555555556 -1 -1 -1 -1 -1 -1 
0,437272727272727 0,4 -0,496 0,251587301587302 0,465873015873016 -0,984 1 -1 1 -1 -1 
0,523636363636364 0,362105263157894 -0,264 0,375396825396825 0,58968253968254 -1 -1 -1 1 -1 -1 
0,549090909090909 0,225263157894737 -0,144 0,407142857142857 0,621428571428571 -0,952 -1 -1 1 -1 -1 
0,520909090909091 0,210526315789474 0,0880000000000001 0,398412698412698 0,612698412698413 -0,984 -1 -1 1 -1 -1 
0,501818181818182 0,353684210526316 0,024 0,381746031746032 0,596031746031746 -0,988 -1 -1 1 -1 -1 
0,435454545454545 0,587368421052631 -0,0479999999999999 0,301587301587302 0,515873015873016 -0,992 -1 -1 1 -1 -1 
0,524545454545455 0,487368421052631 -0,28 0,371428571428571 0,585714285714286 -0,984 1 -1 1 -1 -1 
0,541818181818182 0,471578947368421 -0,552 0,403174603174603 0,617460317460317 -0,968 1 -1 1 -1 -1 
0,514545454545455 0,594736842105263 -0,32 0,391269841269841 0,605555555555556 -0,984 -1 -1 1 -1 -1 
0,453636363636364 0,685263157894736 -0,144 0,364285714285714 0,578571428571429 -0,988 -1 -1 -1 -1 -1 
0,461818181818182 0,477894736842105 -0,2 0,381746031746032 0,596031746031746 -1 -1 -1 1 -1 -1 
0,451818181818182 0,549473684210527 -0,28 0,346031746031746 0,56031746031746 -0,984 -1 -1 1 -1 -1 
0,557272727272727 0,383157894736842 -0,088 0,392857142857143 0,607142857142857 -0,952 -1 1 1 -1 -1 
0,524545454545455 0,378947368421053 -0,28 0,407142857142857 0,621428571428571 -1 -1 -1 -1 -1 -1 
0,56 0,246315789473684 -0,128 0,405555555555556 0,61984126984127 -0,888 -1 1 1 -1 -1 
0,451818181818182 0,549473684210527 -0,28 0,346031746031746 0,56031746031746 -0,984 -1 -1 1 -1 -1 
0,557272727272727 0,383157894736842 -0,088 0,392857142857143 0,607142857142857 -0,952 -1 1 1 -1 -1 
0,524545454545455 0,378947368421053 -0,28 0,407142857142857 0,621428571428571 -1 -1 -1 -1 -1 -1 
0,56 0,246315789473684 -0,128 0,405555555555556 0,61984126984127 -0,888 -1 1 1 -1 -1 
0,464545454545455 0,376842105263157 -0,0479999999999999 0,342857142857143 0,557142857142857 -0,976 -1 -1 1 -1 -1 
0,392727272727273 0,434736842105263 -0,416 0,274603174603175 0,488888888888889 -0,944 -1 -1 1 -1 -1 
0,387272727272727 0,516842105263158 -0,376 0,253174603174603 0,467460317460317 -0,988 -1 -1 1 -1 -1 
0,411818181818182 0,509473684210526 -0,184 0,265873015873016 0,48015873015873 -1 -1 -1 -1 -1 -1 
0,48 0,38 -0,456 0,353174603174603 0,567460317460317 -0,748 -1 -1 1 -1 -1 
0,523636363636364 0,394736842105263 -0,336 0,376984126984127 0,591269841269841 -0,952 -1 -1 -1 -1 -1 
0,387272727272727 0,516842105263158 -0,376 0,253174603174603 0,467460317460317 -0,988 -1 -1 1 -1 -1 
0,411818181818182 0,509473684210526 -0,184 0,265873015873016 0,48015873015873 -1 -1 -1 -1 -1 -1 
0,48 0,38 -0,456 0,353174603174603 0,567460317460317 -0,748 -1 -1 1 -1 -1 
0,523636363636364 0,394736842105263 -0,336 0,376984126984127 0,591269841269841 -0,952 -1 -1 -1 -1 -1 
0,550909090909091 0,413684210526315 -0,672 0,388888888888889 0,603174603174603 -0,992 1 -1 1 -1 -1 
0,519090909090909 0,425263157894737 -0,728 0,396825396825397 0,611111111111111 -1 -1 -1 -1 -1 -1 
0,498181818181818 0,46421052631579 -0,784 0,4 0,614285714285714 -1 -1 -1 -1 -1 -1 
0,547272727272727 0,376842105263157 -0,536 0,403174603174603 0,617460317460317 -0,892 -1 -1 1 -1 -1 
0,447272727272727 0,385263157894737 -0,128 0,332539682539683 0,546825396825397 -0,984 -1 -1 1 -1 -1 
0,397272727272727 0,431578947368421 -0,496 0,273015873015873 0,487301587301587 -1 -1 -1 -1 -1 -1 
0,466363636363636 0,610526315789474 -0,472 0,357142857142857 0,571428571428571 -0,996 -1 -1 -1 -1 -1 
0,442727272727273 0,685263157894736 -0,688 0,3 0,514285714285714 -0,996 1 -1 1 -1 -1 
0,48 0,741052631578948 -0,4 0,28968253968254 0,503968253968254 -1 -1 -1 -1 -1 -1 
0,482727272727273 0,776842105263157 -0,36 0,364285714285714 0,578571428571429 -1 -1 -1 -1 -1 -1 
0,415454545454545 0,787368421052631 -0,744 0,267460317460318 0,481746031746032 -1 -1 -1 -1 -1 -1 
0,511818181818182 0,466315789473684 -0,784 0,394444444444444 0,608730158730159 -1 -1 -1 1 -1 -1 
0,464545454545455 0,472631578947368 -0,6 0,355555555555556 0,56984126984127 -0,992 -1 -1 1 -1 -1 
0,425454545454545 0,54421052631579 -0,864 0,305555555555556 0,51984126984127 -1 1 -1 -1 -1 -1 
0,394545454545455 0,635789473684211 -0,632 0,25 0,464285714285714 -1 1 -1 -1 -1 -1 
0,396363636363636 0,707368421052632 -0,44 0,288888888888889 0,503174603174603 -1 -1 -1 -1 -1 -1 
0,486363636363636 0,475789473684211 -0,376 0,33968253968254 0,553968253968254 -0,98 -1 1 1 -1 -1 
0,516363636363636 0,508421052631578 -0,576 0,385714285714286 0,6 -0,988 1 1 1 -1 -1 
0,566363636363636 0,506315789473685 -0,536 0,392857142857143 0,607142857142857 -0,968 1 1 1 -1 -1 
0,570909090909091 0,551578947368421 -0,672 0,43015873015873 0,644444444444444 -0,996 1 1 -1 -1 -1 
0,536363636363636 0,534736842105263 -0,312 0,382539682539683 0,596825396825397 -0,936 -1 1 1 -1 -1 
0,405454545454545 0,486315789473685 -0,488 0,294444444444444 0,508730158730159 -1 -1 -1 1 -1 -1 
0,410909090909091 0,474736842105263 -0,664 0,303174603174603 0,517460317460318 -1 -1 -1 1 -1 -1 
0,368181818181818 0,515789473684211 -0,728 0,208730158730159 0,423015873015873 -1 -1 -1 1 -1 -1 
0,370909090909091 0,485263157894737 -0,288 0,203968253968254 0,418253968253968 -1 -1 -1 1 -1 -1 
0,406363636363636 0,354736842105264 -0,264 0,298412698412698 0,512698412698413 -0,888 -1 -1 1 -1 -1 
0,422727272727273 0,453684210526316 -0,456 0,218253968253968 0,432539682539683 -1 -1 -1 1 -1 -1 
0,403636363636364 0,501052631578948 -0,576 0,273015873015873 0,487301587301587 -1 -1 -1 -1 -1 -1 
0,351818181818182 0,539999999999999 -0,712 0,187301587301587 0,401587301587302 -1 -1 -1 1 -1 -1 
0,293636363636364 0,53578947368421 -0,768 0,101587301587302 0,315873015873016 -1 -1 -1 -1 -1 -1 
0,380909090909091 0,472631578947368 -0,264 0,194444444444444 0,408730158730159 -0,988 -1 -1 1 -1 -1 
0,448181818181818 0,672631578947369 -0,56 0,332539682539683 0,546825396825397 -1 -1 -1 1 -1 -1 
0,5 0,675789473684211 -0,24 0,362698412698413 0,576984126984127 -1 -1 -1 -1 -1 -1 
0,473636363636364 0,671578947368421 -0,28 0,365873015873016 0,58015873015873 -1 -1 -1 -1 -1 -1 
0,5 0,665263157894737 -0,336 0,381746031746032 0,596031746031746 -1 -1 -1 -1 -1 -1 
0,524545454545455 0,643157894736841 -0,672 0,41031746031746 0,624603174603175 -1 -1 -1 -1 -1 -1 
0,431818181818182 0,484210526315789 -0,464 0,287301587301587 0,501587301587302 -0,964 -1 -1 1 -1 -1 
0,231818181818182 0,588421052631579 0,136 0,107142857142857 0,321428571428571 -0,992 -1 -1 -1 -1 -1 
0,174545454545455 0,683157894736843 -0,688 0,0428571428571428 0,257142857142857 -1 -1 -1 -1 -1 -1 
0,168181818181818 0,714736842105264 -0,648 -0,00396825396825397 0,21031746031746 -1 -1 -1 -1 -1 -1 
0,222727272727273 0,757894736842105 -0,848 0,0841269841269841 0,298412698412698 -1 -1 -1 -1 -1 -1 
0,478181818181818 0,503157894736842 -0,376 0,365873015873016 0,58015873015873 -0,952 -1 -1 1 -1 -1 
0,508181818181818 0,46421052631579 -0,352 0,365873015873016 0,58015873015873 -0,92 -1 -1 1 -1 -1 
0,435454545454545 0,568421052631579 -0,576 0,323015873015873 0,537301587301587 -1 -1 -1 1 -1 -1 
0,454545454545455 0,574736842105263 -0,536 0,303968253968254 0,518253968253968 -0,888 -1 -1 1 -1 -1 
0,407272727272727 0,654736842105264 -0,768 0,23015873015873 0,444444444444444 -0,888 1 -1 1 -1 -1 
0,433636363636364 0,423157894736843 -0,44 0,303174603174603 0,517460317460318 -0,984 -1 -1 1 -1 -1 
0,27 0,541052631578947 -0,2 0,135714285714286 0,35 -0,904 -1 -1 1 -1 -1 
0,176363636363636 0,702105263157895 -0,304 0,0626984126984127 0,276984126984127 -0,996 -1 -1 -1 -1 -1 
0,229090909090909 0,602105263157895 0,208 0,168253968253968 0,382539682539683 -1 -1 -1 1 -1 -1 
0,324545454545455 0,529473684210526 -0,416 0,207142857142857 0,421428571428571 -0,968 -1 -1 1 -1 -1 
0,375454545454545 0,502105263157895 -0,672 0,178571428571429 0,392857142857143 -1 1 -1 1 -1 -1 
0,315454545454545 0,476842105263157 -0,424 0,158730158730159 0,373015873015873 -1 1 -1 1 -1 -1 
0,21 0,58421052631579 -0,632 0,101587301587302 0,315873015873016 -1 -1 -1 -1 -1 -1 
0,21 0,682105263157894 -0,536 0,0373015873015873 0,251587301587302 -1 1 -1 -1 -1 -1 
0,372727272727273 0,66 0,024 0,223015873015873 0,437301587301587 -1 -1 -1 1 -1 -1 
0,3 0,52 -0,36 0,207142857142857 0,421428571428571 -0,992 -1 -1 1 -1 -1 
0,211818181818182 0,570526315789474 -0,44 0,0873015873015873 0,301587301587302 -1 -1 -1 -1 -1 -1 
0,160909090909091 0,546315789473684 -0,592 0,0801587301587302 0,294444444444444 -1 -1 -1 1 -1 -1 
0,153636363636364 0,529473684210526 -0,432 0,073015873015873 0,287301587301587 -0,992 -1 -1 1 -1 -1 
0,199090909090909 0,566315789473684 -0,224 0,0626984126984127 0,276984126984127 -1 -1 -1 -1 -1 -1 
0,505454545454545 0,701052631578946 -0,376 0,398412698412698 0,612698412698413 -1 -1 -1 -1 -1 -1 
0,481818181818182 0,523157894736843 -0,456 0,36984126984127 0,584126984126984 -1 -1 -1 1 -1 -1 
0,518181818181818 0,433684210526316 -0,592 0,385714285714286 0,6 -0,968 -1 -1 1 -1 -1 
0,458181818181818 0,437894736842106 -0,4 0,314285714285714 0,528571428571429 -1 -1 -1 1 -1 -1 
0,326363636363636 0,567368421052631 -0,376 0,218253968253968 0,432539682539683 -0,968 -1 -1 1 -1 -1 
0,474545454545455 0,633684210526316 0,192 0,38015873015873 0,594444444444444 -0,984 -1 -1 1 -1 -1 
0,403636363636364 0,610526315789474 0,048 0,3 0,514285714285714 -0,992 -1 -1 1 -1 -1 
0,430909090909091 0,514736842105263 -0,456 0,298412698412698 0,512698412698413 -0,984 -1 -1 1 -1 -1 
0,434545454545455 0,481052631578948 -0,4 0,296031746031746 0,51031746031746 -0,968 -1 -1 1 -1 -1 
0,434545454545455 0,560000000000001 -0,4 0,296031746031746 0,51031746031746 -0,936 -1 -1 1 -1 -1 
