0,776363636363636 0,494736842105263 -0,4 0,587301587301587 0,801587301587302 -1 -1 -1 -1 -1 -1 
0,815454545454545 0,481052631578948 -0,224 0,635714285714286 0,85 -0,968 -1 1 -1 -1 1 
0,840909090909091 0,494736842105263 -0,44 0,657142857142857 0,871428571428571 -0,92 -1 1 -1 -1 1 
0,773636363636364 0,549473684210527 -0,32 0,615873015873016 0,83015873015873 -0,988 -1 1 -1 -1 -1 
0,728181818181818 0,613684210526315 -0,728 0,551587301587302 0,765873015873016 -1 -1 -1 -1 -1 -1 
0,782727272727273 0,534736842105263 -0,296 0,584126984126984 0,798412698412698 -1 -1 1 -1 -1 1 
0,791818181818182 0,510526315789474 -0,36 0,63015873015873 0,844444444444444 -0,888 -1 1 -1 -1 1 
0,777272727272727 0,572631578947368 -0,536 0,594444444444444 0,808730158730159 -1 -1 -1 -1 -1 -1 
0,763636363636364 0,634736842105263 -0,712 0,614285714285714 0,828571428571429 -1 -1 -1 -1 -1 -1 
0,802727272727273 0,648421052631578 -0,824 0,608730158730159 0,823015873015873 -1 -1 -1 -1 -1 -1 
0,763636363636364 0,634736842105263 -0,712 0,614285714285714 0,828571428571429 -1 -1 -1 -1 -1 -1 
0,802727272727273 0,648421052631578 -0,824 0,608730158730159 0,823015873015873 -1 -1 -1 -1 -1 -1 
0,823636363636364 0,623157894736843 -0,688 0,655555555555556 0,86984126984127 -0,996 -1 1 -1 -1 -1 
0,824545454545455 0,591578947368422 -0,688 0,618253968253968 0,832539682539683 -0,952 -1 1 -1 -1 1 
0,78 0,55578947368421 -0,688 0,642857142857143 0,857142857142857 -1 -1 -1 -1 -1 -1 
0,796363636363636 0,567368421052631 -0,512 0,642857142857143 0,857142857142857 -1 -1 -1 -1 -1 -1 
0,724545454545455 0,582105263157894 -0,536 0,61984126984127 0,834126984126984 -1 -1 -1 -1 -1 -1 
0,708181818181818 0,561052631578947 -0,496 0,608730158730159 0,823015873015873 -1 -1 -1 -1 -1 -1 
0,786363636363636 0,534736842105263 -0,36 0,617460317460317 0,831746031746032 -0,92 -1 1 -1 -1 1 
0,778181818181818 0,527368421052632 -0,536 0,624603174603175 0,838888888888889 -1 -1 -1 -1 -1 -1 
0,647272727272727 0,621052631578947 -0,688 0,5 0,714285714285714 -1 -1 -1 -1 -1 -1 
0,663636363636364 0,602105263157895 -0,784 0,521428571428571 0,735714285714286 -1 -1 -1 -1 -1 -1 
0,696363636363636 0,58421052631579 -0,824 0,537301587301587 0,751587301587302 -1 -1 -1 -1 -1 -1 
0,745454545454545 0,568421052631579 -0,92 0,573015873015873 0,787301587301587 -1 -1 -1 -1 -1 -1 
0,734545454545455 0,605263157894737 -0,104 0,608730158730159 0,823015873015873 -1 -1 -1 -1 -1 -1 
0,675454545454545 0,586315789473685 -0,672 0,515873015873016 0,73015873015873 -1 -1 -1 -1 -1 -1 
0,697272727272727 0,598947368421052 -0,36 0,574603174603175 0,788888888888889 -1 -1 -1 -1 -1 -1 
0,783636363636364 0,583157894736842 -0,36 0,591269841269841 0,805555555555556 -1 -1 -1 -1 -1 -1 
0,789090909090909 0,573684210526316 -0,864 0,61031746031746 0,824603174603175 -1 -1 -1 -1 -1 -1 
0,78 0,549473684210527 -1 0,601587301587302 0,815873015873016 -1 -1 -1 -1 -1 -1 
0,759090909090909 0,602105263157895 -0,552 0,618253968253968 0,832539682539683 -1 -1 -1 -1 -1 -1 
0,792727272727273 0,568421052631579 -0,496 0,621428571428571 0,835714285714286 -1 -1 -1 -1 -1 -1 
0,831818181818182 0,538947368421053 -0,512 0,678571428571429 0,892857142857143 -1 -1 -1 -1 -1 -1 
0,833636363636364 0,509473684210526 -0,688 0,678571428571429 0,892857142857143 -1 -1 -1 -1 -1 1 
0,815454545454545 0,461052631578947 -0,376 0,678571428571429 0,892857142857143 -1 -1 -1 -1 -1 1 
0,665454545454546 0,567368421052631 -0,808 0,5 0,714285714285714 -1 -1 -1 -1 -1 -1 
0,708181818181818 0,516842105263158 -0,744 0,541269841269841 0,755555555555556 -0,988 -1 1 -1 -1 -1 
0,706363636363636 0,560000000000001 -0,28 0,555555555555556 0,76984126984127 -1 -1 1 -1 -1 -1 
0,670909090909091 0,609473684210526 -0,416 0,514285714285714 0,728571428571429 -1 -1 -1 -1 -1 -1 
0,704545454545455 0,607368421052632 -0,552 0,535714285714286 0,75 -1 -1 -1 -1 -1 -1 
0,720909090909091 0,410526315789474 -0,632 0,558730158730159 0,773015873015873 -0,972 -1 1 -1 -1 -1 
0,735454545454545 0,424210526315789 -0,592 0,58968253968254 0,803968253968254 -0,888 -1 1 -1 -1 -1 
0,733636363636364 0,482105263157894 -0,744 0,58968253968254 0,803968253968254 -0,936 -1 1 -1 -1 -1 
0,719090909090909 0,517894736842106 -0,592 0,53015873015873 0,744444444444444 -1 -1 -1 -1 -1 -1 
0,695454545454545 0,548421052631579 -0,744 0,51984126984127 0,734126984126984 -1 -1 -1 -1 -1 -1 
0,733636363636364 0,482105263157894 -0,744 0,58968253968254 0,803968253968254 -0,936 -1 1 -1 -1 -1 
0,719090909090909 0,517894736842106 -0,592 0,53015873015873 0,744444444444444 -1 -1 -1 -1 -1 -1 
0,695454545454545 0,548421052631579 -0,744 0,51984126984127 0,734126984126984 -1 -1 -1 -1 -1 -1 
0,711818181818182 0,545263157894736 -0,608 0,562698412698413 0,776984126984127 -0,988 -1 -1 -1 -1 -1 
0,673636363636364 0,582105263157894 -0,904 0,528571428571429 0,742857142857143 -1 1 -1 -1 -1 -1 
0,676363636363636 0,567368421052631 -0,536 0,531746031746032 0,746031746031746 -1 -1 -1 -1 -1 -1 
0,644545454545455 0,609473684210526 -0,728 0,481746031746032 0,696031746031746 -1 -1 -1 -1 -1 -1 
0,680909090909091 0,561052631578947 -0,224 0,598412698412699 0,812698412698413 -1 -1 -1 -1 -1 -1 
0,668181818181818 0,550526315789473 -0,376 0,591269841269841 0,805555555555556 -1 -1 -1 -1 -1 -1 
0,737272727272727 0,539999999999999 -0,672 0,596031746031746 0,81031746031746 -0,952 -1 1 -1 -1 -1 
0,732727272727273 0,541052631578947 -0,464 0,624603174603175 0,838888888888889 -0,92 -1 1 -1 -1 1 
0,644545454545455 0,556842105263158 -0,376 0,553174603174603 0,767460317460318 -1 -1 -1 -1 -1 -1 
0,640909090909091 0,56421052631579 -0,712 0,505555555555556 0,71984126984127 -1 -1 -1 -1 -1 -1 
0,680909090909091 0,489473684210526 -0,464 0,588888888888889 0,803174603174603 -1 -1 -1 -1 -1 -1 
0,628181818181818 0,475789473684211 -0,0159999999999999 0,546031746031746 0,76031746031746 -1 -1 1 -1 -1 -1 
0,769090909090909 0,528421052631579 -0,376 0,611111111111111 0,825396825396825 -1 -1 -1 -1 -1 -1 
0,747272727272727 0,502105263157895 -0,648 0,671428571428571 0,885714285714286 -1 -1 -1 -1 -1 -1 
0,777272727272727 0,462105263157895 -0,36 0,612698412698413 0,826984126984127 -0,588 -1 1 -1 -1 1 
0,651818181818182 0,501052631578948 -0,264 0,541269841269841 0,755555555555556 -1 -1 -1 -1 -1 -1 
0,621818181818182 0,526315789473684 -0,4 0,496825396825397 0,711111111111111 -1 -1 -1 -1 -1 -1 
0,760909090909091 0,534736842105263 -0,248 0,596825396825397 0,811111111111111 -0,856 -1 1 -1 -1 -1 
0,740909090909091 0,558947368421053 -0,424 0,581746031746032 0,796031746031746 -1 -1 -1 -1 -1 -1 
0,731818181818182 0,506315789473685 -0,672 0,53015873015873 0,744444444444444 -1 -1 -1 -1 -1 -1 
0,774545454545455 0,43578947368421 -0,648 0,607142857142857 0,821428571428571 -0,92 -1 -1 -1 -1 -1 
0,761818181818182 0,434736842105263 -0,416 0,555555555555556 0,76984126984127 -0,952 1 1 -1 -1 -1 
0,668181818181818 0,598947368421052 -0,776 0,538888888888889 0,753174603174603 -0,996 -1 1 -1 -1 -1 
0,669090909090909 0,572631578947368 -0,664 0,53968253968254 0,753968253968254 -0,988 -1 -1 -1 -1 -1 
0,687272727272727 0,593684210526316 -0,632 0,524603174603175 0,738888888888889 -1 -1 -1 -1 -1 -1 
0,697272727272727 0,590526315789474 -0,32 0,564285714285714 0,778571428571429 -1 -1 -1 -1 -1 -1 
0,677272727272727 0,642105263157895 -0,512 0,531746031746032 0,746031746031746 -0,996 -1 -1 -1 -1 -1 
0,672727272727273 0,485263157894737 -0,2 0,535714285714286 0,75 -0,972 -1 1 -1 -1 -1 
0,629090909090909 0,55578947368421 -0,424 0,518253968253968 0,732539682539682 -0,996 -1 -1 -1 -1 -1 
0,669090909090909 0,541052631578947 -0,8 0,524603174603175 0,738888888888889 -0,996 -1 1 -1 -1 -1 
0,667272727272727 0,526315789473684 -0,408 0,511111111111111 0,725396825396825 -0,728 -1 1 -1 -1 1 
0,665454545454546 0,583157894736842 -0,44 0,51031746031746 0,724603174603175 -1 -1 -1 -1 -1 -1 
0,779090909090909 0,474736842105263 -0,752 0,615873015873016 0,83015873015873 -0,992 -1 1 -1 -1 -1 
0,775454545454545 0,313684210526315 -0,376 0,605555555555556 0,81984126984127 -0,936 -1 1 -1 -1 -1 
0,629090909090909 0,384210526315789 0,192 0,524603174603175 0,738888888888889 -0,98 -1 -1 -1 -1 -1 
0,66 0,438947368421053 -0,376 0,48968253968254 0,703968253968254 -0,992 -1 1 -1 -1 1 
0,66 0,465263157894737 -0,464 0,512698412698413 0,726984126984127 -1 -1 1 -1 -1 -1 
0,66 0,465263157894737 -0,464 0,512698412698413 0,726984126984127 -1 -1 1 -1 -1 -1 
0,712727272727273 0,432631578947369 -0,288 0,503968253968254 0,718253968253968 -0,896 -1 1 -1 -1 -1 
0,729090909090909 0,494736842105263 -0,4 0,575396825396825 0,78968253968254 -1 -1 -1 -1 -1 -1 
0,79 0,550526315789473 -0,744 0,573015873015873 0,787301587301587 -0,716 -1 1 -1 -1 1 
0,826363636363636 0,529473684210526 -0,224 0,621428571428571 0,835714285714286 -0,732 -1 -1 -1 -1 1 
0,7 0,553684210526316 -0,208 0,6 0,814285714285714 -1 -1 -1 -1 -1 -1 
0,72 0,596842105263158 -0,496 0,535714285714286 0,75 -0,86 -1 1 -1 -1 -1 
0,632727272727273 0,618947368421052 -0,36 0,512698412698413 0,726984126984127 -0,996 -1 -1 -1 -1 -1 
0,66 0,6 -0,632 0,534126984126984 0,748412698412698 -1 -1 -1 -1 -1 -1 
0,722727272727273 0,56421052631579 -0,552 0,561111111111111 0,775396825396825 -0,968 -1 1 -1 -1 1 
0,72 0,607368421052632 -0,824 0,53015873015873 0,744444444444444 -1 -1 -1 -1 -1 -1 
0,707272727272727 0,552631578947368 0,048 0,558730158730159 0,773015873015873 -0,992 -1 1 -1 -1 -1 
0,697272727272727 0,596842105263158 -0,144 0,503174603174603 0,717460317460317 -1 -1 -1 -1 -1 -1 
0,738181818181818 0,554736842105264 -0,104 0,575396825396825 0,78968253968254 -1 -1 -1 -1 -1 -1 
0,749090909090909 0,524210526315789 -0,576 0,588888888888889 0,803174603174603 -1 -1 -1 -1 -1 -1 
0,718181818181818 0,656842105263159 -0,44 0,487301587301587 0,701587301587302 -1 -1 -1 -1 -1 -1 
0,711818181818182 0,605263157894737 -0,2 0,531746031746032 0,746031746031746 -1 -1 -1 -1 -1 -1 
0,643636363636364 0,615789473684211 -0,376 0,555555555555556 0,76984126984127 -1 -1 -1 -1 -1 -1 
0,650909090909091 0,651578947368422 -0,768 0,496031746031746 0,71031746031746 -1 -1 -1 -1 -1 -1 
0,679090909090909 0,598947368421052 -0,576 0,53015873015873 0,744444444444444 -1 -1 -1 -1 -1 -1 
0,77 0,513684210526315 -0,336 0,603968253968254 0,818253968253968 -0,988 -1 -1 -1 -1 1 
0,776363636363636 0,487368421052631 -0,456 0,6 0,814285714285714 -0,844 -1 1 -1 -1 1 
0,777272727272727 0,512631578947369 -0,552 0,615873015873016 0,83015873015873 -1 -1 -1 -1 -1 -1 
0,831818181818182 0,484210526315789 -0,224 0,63968253968254 0,853968253968254 -1 -1 -1 -1 -1 -1 
0,824545454545455 0,486315789473685 -0,496 0,648412698412698 0,862698412698413 -0,372 -1 1 -1 -1 1 
0,642727272727273 0,556842105263158 -0,392 0,494444444444444 0,708730158730159 -0,968 -1 -1 -1 -1 -1 
0,671818181818182 0,529473684210526 -0,768 0,494444444444444 0,708730158730159 -1 -1 -1 -1 -1 -1 
0,685454545454546 0,457894736842105 -0,36 0,525396825396825 0,73968253968254 -1 -1 -1 -1 -1 -1 
0,75 0,356842105263158 -0,592 0,611111111111111 0,825396825396825 -0,988 -1 1 -1 -1 1 
0,743636363636364 0,346315789473684 -0,0479999999999999 0,594444444444444 0,808730158730159 -0,92 -1 1 -1 -1 1 
0,632727272727273 0,630526315789475 -0,376 0,503968253968254 0,718253968253968 -1 -1 -1 -1 -1 -1 
0,678181818181818 0,611578947368421 -0,288 0,501587301587302 0,715873015873016 -1 -1 -1 -1 -1 -1 
0,622727272727273 0,578947368421053 -0,392 0,56984126984127 0,784126984126984 -1 -1 -1 -1 -1 -1 
0,649090909090909 0,601052631578948 -0,336 0,501587301587302 0,715873015873016 -1 -1 -1 -1 -1 -1 
0,56 0,678947368421053 -0,416 0,455555555555556 0,66984126984127 -1 -1 -1 -1 -1 -1 
0,69 0,583157894736842 -0,256 0,573015873015873 0,787301587301587 -1 -1 -1 -1 -1 -1 
0,615454545454545 0,624210526315789 -0,4 0,523015873015873 0,737301587301587 -1 -1 -1 -1 -1 -1 
0,600909090909091 0,636842105263158 -0,776 0,507142857142857 0,721428571428571 -1 -1 -1 -1 -1 -1 
0,632727272727273 0,624210526315789 -0,824 0,51031746031746 0,724603174603175 -1 -1 -1 -1 -1 -1 
0,677272727272727 0,591578947368422 -0,712 0,558730158730159 0,773015873015873 -0,984 -1 1 -1 -1 1 
0,615454545454545 0,462105263157895 -0,224 0,481746031746032 0,696031746031746 -0,968 -1 -1 -1 -1 -1 
0,575454545454545 0,485263157894737 -0,592 0,458730158730159 0,673015873015873 -1 -1 -1 -1 -1 -1 
0,616363636363636 0,449473684210527 -0,808 0,488888888888889 0,703174603174603 -1 -1 -1 -1 -1 -1 
0,686363636363636 0,469473684210527 -0,44 0,485714285714286 0,7 -1 -1 1 -1 -1 -1 
0,71 0,458947368421053 -0,4 0,558730158730159 0,773015873015873 -0,888 -1 1 -1 -1 -1 
0,585454545454546 0,473684210526316 0,0880000000000001 0,505555555555556 0,71984126984127 -0,952 -1 -1 -1 -1 -1 
0,592727272727273 0,558947368421053 -0,736 0,45 0,664285714285714 -1 -1 -1 -1 -1 -1 
0,658181818181818 0,530526315789473 -0,36 0,501587301587302 0,715873015873016 -1 -1 -1 -1 -1 -1 
0,681818181818182 0,45578947368421 -0,4 0,553174603174603 0,767460317460318 -0,992 -1 1 -1 -1 -1 
0,659090909090909 0,413684210526315 -0,24 0,492857142857143 0,707142857142857 -0,876 -1 1 -1 -1 1 
0,659090909090909 0,413684210526315 -0,24 0,492857142857143 0,707142857142857 -0,876 -1 1 -1 -1 1 
0,630909090909091 0,491578947368422 -0,36 0,524603174603175 0,738888888888889 -0,992 -1 -1 -1 -1 -1 
0,691818181818182 0,473684210526316 -0,4 0,514285714285714 0,728571428571429 -0,968 -1 1 -1 -1 -1 
0,737272727272727 0,437894736842106 -0,2 0,576984126984127 0,791269841269841 -0,968 -1 1 -1 -1 -1 
0,76 0,413684210526315 -0,808 0,596825396825397 0,811111111111111 -1 -1 1 -1 -1 -1 
0,732727272727273 0,466315789473684 -0,144 0,596825396825397 0,811111111111111 -0,996 -1 1 -1 -1 1 
0,723636363636364 0,389473684210526 -0,168 0,544444444444444 0,758730158730159 -0,888 -1 1 -1 -1 -1 
0,66 0,505263157894737 -0,304 0,531746031746032 0,746031746031746 -0,992 -1 -1 -1 -1 -1 
0,676363636363636 0,534736842105263 -0,552 0,508730158730159 0,723015873015873 -1 -1 -1 -1 -1 -1 
0,673636363636364 0,530526315789473 -0,464 0,555555555555556 0,76984126984127 -0,992 -1 1 -1 -1 -1 
0,57 0,508421052631578 -0,144 0,503968253968254 0,718253968253968 -0,992 -1 -1 -1 -1 -1 
0,518181818181818 0,573684210526316 -0,128 0,48015873015873 0,694444444444444 -1 -1 -1 -1 -1 -1 
0,6 0,565263157894737 -0,224 0,501587301587302 0,715873015873016 -1 -1 -1 -1 -1 -1 
0,611818181818182 0,56421052631579 -0,712 0,541269841269841 0,755555555555556 -1 -1 -1 -1 -1 -1 
0,618181818181818 0,570526315789474 -0,784 0,478571428571429 0,692857142857143 -1 -1 -1 -1 -1 -1 
0,774545454545455 0,477894736842105 -0,304 0,638888888888889 0,853174603174603 -0,952 -1 1 -1 -1 1 
0,741818181818182 0,463157894736842 -0,416 0,557142857142857 0,771428571428571 -0,936 -1 1 -1 -1 -1 
0,662727272727273 0,515789473684211 -0,28 0,51031746031746 0,724603174603175 -1 -1 -1 -1 -1 -1 
0,636363636363636 0,5 -0,304 0,503968253968254 0,718253968253968 -0,936 -1 1 -1 -1 1 
0,615454545454545 0,531578947368421 -0,28 0,468253968253968 0,682539682539683 -0,988 -1 1 -1 -1 -1 
0,764545454545455 0,452631578947368 -0,88 0,603968253968254 0,818253968253968 -0,98 -1 -1 -1 -1 -1 
0,776363636363636 0,46421052631579 -0,688 0,565873015873016 0,78015873015873 -0,92 1 1 -1 -1 -1 
0,675454545454545 0,525263157894737 -0,576 0,535714285714286 0,75 -0,984 -1 -1 -1 -1 -1 
0,715454545454545 0,474736842105263 -0,496 0,524603174603175 0,738888888888889 -0,952 -1 1 -1 -1 -1 
0,664545454545454 0,451578947368421 0,104 0,526984126984127 0,741269841269841 -0,992 -1 -1 -1 -1 -1 
0,621818181818182 0,526315789473684 -0,4 0,496825396825397 0,711111111111111 -1 -1 -1 -1 -1 -1 
0,635454545454545 0,548421052631579 -0,672 0,46984126984127 0,684126984126984 -1 -1 -1 -1 -1 -1 
0,690909090909091 0,533684210526316 -0,496 0,53015873015873 0,744444444444444 -1 -1 -1 -1 -1 -1 
0,743636363636364 0,473684210526316 -0,184 0,608730158730159 0,823015873015873 -0,844 -1 -1 -1 -1 1 
0,754545454545455 0,501052631578948 -0,488 0,61031746031746 0,824603174603175 -0,864 -1 1 -1 -1 -1 
0,698181818181818 0,42 -0,312 0,531746031746032 0,746031746031746 -1 1 -1 -1 -1 -1 
0,725454545454545 0,4 -0,464 0,537301587301587 0,751587301587302 -0,952 -1 1 -1 -1 1 
0,697272727272727 0,46421052631579 -0,224 0,546825396825397 0,761111111111111 -1 -1 1 -1 -1 -1 
0,732727272727273 0,491578947368422 -0,456 0,515873015873016 0,73015873015873 -0,968 1 1 -1 -1 -1 
0,725454545454545 0,526315789473684 -0,464 0,578571428571429 0,792857142857143 -0,996 -1 -1 -1 -1 -1 
0,699090909090909 0,514736842105263 -0,496 0,5 0,714285714285714 -1 -1 1 -1 -1 -1 
0,721818181818182 0,541052631578947 -0,496 0,551587301587302 0,765873015873016 -0,992 -1 1 -1 -1 -1 
0,686363636363636 0,560000000000001 -0,4 0,531746031746032 0,746031746031746 -1 1 1 -1 -1 -1 
0,741818181818182 0,502105263157895 -0,416 0,551587301587302 0,765873015873016 -1 -1 1 -1 -1 1 
0,718181818181818 0,486315789473685 -0,336 0,567460317460317 0,781746031746032 -0,748 -1 1 -1 -1 -1 
0,682727272727273 0,549473684210527 -0,328 0,51984126984127 0,734126984126984 -1 -1 -1 -1 -1 -1 
0,721818181818182 0,469473684210527 -0,264 0,553174603174603 0,767460317460318 -1 -1 1 -1 -1 1 
0,648181818181818 0,453684210526316 -0,168 0,521428571428571 0,735714285714286 -0,996 -1 1 -1 -1 -1 
0,589090909090909 0,524210526315789 -0,088 0,462698412698413 0,676984126984127 -0,968 -1 1 -1 -1 -1 
0,556363636363636 0,608421052631578 -0,376 0,424603174603175 0,638888888888889 -0,976 -1 1 -1 -1 -1 
0,637272727272727 0,497894736842105 -0,376 0,521428571428571 0,735714285714286 -1 -1 1 -1 -1 -1 
0,56 0,571578947368421 -0,312 0,487301587301587 0,701587301587302 -1 -1 -1 -1 -1 -1 
0,584545454545454 0,565263157894737 -0,632 0,482539682539682 0,696825396825397 -1 -1 -1 -1 -1 -1 
0,63 0,556842105263158 -0,712 0,473015873015873 0,687301587301587 -0,984 -1 -1 -1 -1 -1 
0,627272727272727 0,539999999999999 -0,648 0,498412698412698 0,712698412698413 -1 -1 -1 -1 -1 -1 
0,704545454545455 0,493684210526316 -0,672 0,53015873015873 0,744444444444444 -0,952 -1 -1 -1 -1 -1 
0,689090909090909 0,539999999999999 -0,536 0,48968253968254 0,703968253968254 -1 -1 -1 -1 -1 -1 
0,729090909090909 0,525263157894737 -0,536 0,538888888888889 0,753174603174603 -0,968 -1 1 -1 -1 1 
0,745454545454545 0,463157894736842 -0,472 0,582539682539683 0,796825396825397 -0,92 -1 1 -1 -1 -1 
0,737272727272727 0,458947368421053 -0,632 0,56984126984127 0,784126984126984 -0,888 1 1 -1 -1 -1 
0,67 0,449473684210527 -0,32 0,51984126984127 0,734126984126984 -1 -1 1 -1 -1 -1 
0,63 0,453684210526316 -0,456 0,451587301587302 0,665873015873016 -1 -1 -1 -1 -1 -1 
0,666363636363636 0,446315789473684 -0,632 0,46984126984127 0,684126984126984 -1 -1 -1 -1 -1 -1 
0,661818181818182 0,454736842105264 -0,304 0,505555555555556 0,71984126984127 -1 -1 -1 -1 -1 -1 
0,611818181818182 0,529473684210526 -0,496 0,457142857142857 0,671428571428571 -1 -1 -1 -1 -1 -1 
0,649090909090909 0,601052631578948 -0,336 0,501587301587302 0,715873015873016 -1 -1 -1 -1 -1 -1 
0,56 0,678947368421053 -0,416 0,455555555555556 0,66984126984127 -1 -1 -1 -1 -1 -1 
0,528181818181818 0,69578947368421 -0,376 0,461111111111111 0,675396825396825 -1 -1 -1 -1 -1 -1 
0,577272727272727 0,665263157894737 -0,088 0,474603174603175 0,688888888888889 -1 -1 -1 -1 -1 -1 
0,688181818181818 0,629473684210526 -0,144 0,544444444444444 0,758730158730159 -1 -1 1 -1 -1 -1 
