0,778181818181818 0,508421052631578 -0,496 0,623015873015873 0,837301587301587 -0,992 -1 1 -1 -1 -1 
0,770909090909091 0,539999999999999 -0,376 0,611111111111111 0,825396825396825 -1 -1 -1 -1 -1 -1 
0,742727272727273 0,554736842105264 -0,144 0,596031746031746 0,81031746031746 -1 -1 -1 -1 -1 -1 
0,750909090909091 0,551578947368421 -0,312 0,638888888888889 0,853174603174603 -1 -1 1 -1 -1 -1 
0,75 0,539999999999999 -0,2 0,614285714285714 0,828571428571429 -1 -1 -1 -1 -1 -1 
0,77 0,453684210526316 -0,848 0,6 0,814285714285714 -0,86 -1 1 -1 -1 1 
0,758181818181818 0,474736842105263 -0,44 0,603174603174603 0,817460317460317 -1 -1 -1 -1 -1 -1 
0,751818181818182 0,509473684210526 -0,28 0,614285714285714 0,828571428571429 -1 -1 -1 -1 -1 -1 
0,74 0,552631578947368 -0,712 0,557142857142857 0,771428571428571 -1 -1 -1 -1 -1 -1 
0,779090909090909 0,52 -0,512 0,605555555555556 0,81984126984127 -1 -1 -1 -1 -1 -1 
0,750909090909091 0,551578947368421 -0,312 0,638888888888889 0,853174603174603 -1 -1 1 -1 -1 -1 
0,75 0,539999999999999 -0,2 0,614285714285714 0,828571428571429 -1 -1 -1 -1 -1 -1 
0,711818181818182 0,566315789473684 -0,536 0,578571428571429 0,792857142857143 -1 -1 -1 -1 -1 -1 
0,744545454545455 0,575789473684211 -0,768 0,56984126984127 0,784126984126984 -1 -1 -1 -1 -1 -1 
0,761818181818182 0,583157894736842 -0,512 0,675396825396825 0,88968253968254 -1 -1 -1 -1 -1 -1 
0,756363636363636 0,562105263157895 -0,552 0,61031746031746 0,824603174603175 -1 -1 -1 -1 -1 -1 
0,744545454545455 0,532631578947369 -0,536 0,582539682539683 0,796825396825397 -1 -1 -1 -1 -1 -1 
0,783636363636364 0,538947368421053 -0,728 0,596031746031746 0,81031746031746 -1 -1 -1 -1 -1 -1 
0,799090909090909 0,529473684210526 -0,784 0,63015873015873 0,844444444444444 -1 -1 -1 -1 -1 -1 
0,806363636363636 0,518947368421052 -0,496 0,623015873015873 0,837301587301587 -1 -1 -1 -1 -1 -1 
0,781818181818182 0,545263157894736 -0,536 0,646825396825397 0,861111111111111 -1 -1 -1 -1 -1 -1 
0,810909090909091 0,537894736842106 -0,688 0,621428571428571 0,835714285714286 -1 -1 -1 -1 -1 -1 
0,811818181818182 0,53578947368421 -0,552 0,658730158730159 0,873015873015873 -1 -1 -1 -1 -1 -1 
0,821818181818182 0,523157894736843 -0,456 0,661111111111111 0,875396825396825 -1 -1 -1 -1 -1 -1 
0,848181818181818 0,494736842105263 -0,328 0,694444444444444 0,908730158730159 -1 -1 -1 -1 -1 -1 
0,750909090909091 0,52 -0,448 0,603968253968254 0,818253968253968 -1 -1 -1 -1 -1 -1 
0,757272727272727 0,533684210526316 -0,6 0,58015873015873 0,794444444444444 -1 -1 -1 -1 -1 -1 
0,748181818181818 0,548421052631579 -0,88 0,603174603174603 0,817460317460317 -1 -1 -1 -1 -1 -1 
0,765454545454546 0,54421052631579 -1 0,607142857142857 0,821428571428571 -1 -1 -1 -1 -1 -1 
0,777272727272727 0,525263157894737 -0,264 0,632539682539683 0,846825396825397 -1 -1 -1 -1 -1 -1 
0,762727272727273 0,512631578947369 -0,648 0,588888888888889 0,803174603174603 -1 -1 1 -1 -1 1 
0,716363636363636 0,528421052631579 -0,808 0,51984126984127 0,734126984126984 -0,952 -1 -1 -1 -1 -1 
0,778181818181818 0,526315789473684 -0,512 0,615873015873016 0,83015873015873 -1 -1 -1 -1 -1 -1 
0,796363636363636 0,533684210526316 -0,4 0,661111111111111 0,875396825396825 -1 -1 -1 -1 -1 -1 
0,792727272727273 0,582105263157894 -0,472 0,603968253968254 0,818253968253968 -1 -1 1 -1 -1 -1 
0,848181818181818 0,494736842105263 -0,328 0,694444444444444 0,908730158730159 -1 -1 -1 -1 -1 -1 
0,858181818181818 0,494736842105263 -0,536 0,646825396825397 0,861111111111111 -0,968 -1 -1 -1 -1 1 
0,756363636363636 0,502105263157895 -0,304 0,605555555555556 0,81984126984127 -1 -1 -1 -1 -1 -1 
0,749090909090909 0,450526315789473 -0,128 0,612698412698413 0,826984126984127 -1 -1 -1 -1 -1 -1 
0,772727272727273 0,410526315789474 -0,144 0,603968253968254 0,818253968253968 -1 -1 1 -1 -1 -1 
0,772727272727273 0,476842105263157 -0,768 0,58015873015873 0,794444444444444 -1 -1 1 -1 -1 1 
0,78 0,5 -0,144 0,621428571428571 0,835714285714286 -0,936 -1 -1 -1 -1 -1 
0,785454545454546 0,512631578947369 -0,376 0,612698412698413 0,826984126984127 -1 -1 -1 -1 -1 -1 
0,807272727272727 0,528421052631579 -0,536 0,631746031746032 0,846031746031746 -1 -1 -1 -1 -1 -1 
0,734545454545455 0,603157894736842 -0,28 0,584126984126984 0,798412698412698 -0,984 -1 -1 -1 -1 -1 
0,807272727272727 0,528421052631579 -0,536 0,631746031746032 0,846031746031746 -1 -1 -1 -1 -1 -1 
0,734545454545455 0,603157894736842 -0,28 0,584126984126984 0,798412698412698 -0,984 -1 -1 -1 -1 -1 
0,731818181818182 0,632631578947367 -0,808 0,542857142857143 0,757142857142857 -1 -1 -1 -1 -1 -1 
0,738181818181818 0,623157894736843 -1 0,573015873015873 0,787301587301587 -1 -1 -1 -1 -1 -1 
0,776363636363636 0,582105263157894 -0,512 0,582539682539683 0,796825396825397 -1 -1 -1 -1 -1 -1 
0,711818181818182 0,533684210526316 -0,376 0,562698412698413 0,776984126984127 -1 -1 -1 -1 -1 -1 
0,71 0,575789473684211 -0,608 0,534126984126984 0,748412698412698 -1 -1 -1 -1 -1 -1 
0,787272727272727 0,515789473684211 -0,304 0,635714285714286 0,85 -1 -1 -1 -1 -1 -1 
0,749090909090909 0,541052631578947 -0,264 0,603968253968254 0,818253968253968 -1 -1 -1 -1 -1 -1 
0,764545454545455 0,543157894736842 -0,472 0,598412698412699 0,812698412698413 -1 -1 -1 -1 -1 -1 
0,764545454545455 0,543157894736842 -0,472 0,598412698412699 0,812698412698413 -1 -1 -1 -1 -1 -1 
0,774545454545455 0,515789473684211 -0,672 0,585714285714286 0,8 -1 -1 -1 -1 -1 -1 
0,737272727272727 0,498947368421052 -0,104 0,614285714285714 0,828571428571429 -1 -1 -1 -1 -1 -1 
0,739090909090909 0,505263157894737 0,00800000000000001 0,585714285714286 0,8 -1 -1 -1 -1 -1 -1 
0,718181818181818 0,515789473684211 -0,168 0,594444444444444 0,808730158730159 -1 -1 -1 -1 -1 -1 
0,749090909090909 0,541052631578947 -0,264 0,603968253968254 0,818253968253968 -1 -1 -1 -1 -1 -1 
0,764545454545455 0,543157894736842 -0,472 0,598412698412699 0,812698412698413 -1 -1 -1 -1 -1 -1 
0,774545454545455 0,515789473684211 -0,672 0,585714285714286 0,8 -1 -1 -1 -1 -1 -1 
0,737272727272727 0,498947368421052 -0,104 0,614285714285714 0,828571428571429 -1 -1 -1 -1 -1 -1 
0,739090909090909 0,505263157894737 0,00800000000000001 0,585714285714286 0,8 -1 -1 -1 -1 -1 -1 
0,752727272727273 0,574736842105263 -0,848 0,615873015873016 0,83015873015873 -1 -1 1 -1 -1 -1 
0,734545454545455 0,547368421052632 -0,848 0,558730158730159 0,773015873015873 -1 -1 -1 -1 -1 -1 
0,768181818181818 0,538947368421053 -0,552 0,573015873015873 0,787301587301587 -1 -1 -1 -1 -1 -1 
0,747272727272727 0,56421052631579 -0,416 0,58015873015873 0,794444444444444 -1 -1 -1 -1 -1 -1 
0,717272727272727 0,560000000000001 -0,4 0,551587301587302 0,765873015873016 -1 -1 -1 -1 -1 -1 
0,743636363636364 0,409473684210526 -0,088 0,605555555555556 0,81984126984127 -0,968 -1 1 -1 -1 1 
0,751818181818182 0,446315789473684 -0,28 0,581746031746032 0,796031746031746 -0,968 -1 1 -1 -1 1 
0,739090909090909 0,511578947368421 -0,608 0,561111111111111 0,775396825396825 -0,996 -1 1 -1 -1 -1 
0,739090909090909 0,560000000000001 -0,672 0,571428571428571 0,785714285714286 -1 -1 -1 -1 -1 -1 
0,758181818181818 0,538947368421053 -0,2 0,594444444444444 0,808730158730159 -1 -1 -1 -1 -1 -1 
0,744545454545455 0,477894736842105 -0,552 0,584126984126984 0,798412698412698 -1 -1 -1 -1 -1 -1 
0,751818181818182 0,478947368421053 -0,824 0,581746031746032 0,796031746031746 -1 -1 -1 -1 -1 -1 
0,773636363636364 0,502105263157895 -0,512 0,614285714285714 0,828571428571429 -0,984 -1 -1 -1 -1 1 
0,774545454545455 0,527368421052632 -0,44 0,596031746031746 0,81031746031746 -1 -1 -1 -1 -1 -1 
0,775454545454545 0,527368421052632 -0,6 0,601587301587302 0,815873015873016 -1 -1 -1 -1 -1 -1 
0,775454545454545 0,527368421052632 -0,6 0,601587301587302 0,815873015873016 -1 -1 -1 -1 -1 -1 
0,812727272727273 0,503157894736842 -0,848 0,56984126984127 0,784126984126984 -1 -1 1 -1 -1 -1 
0,828181818181818 0,474736842105263 -0,672 0,637301587301587 0,851587301587302 -0,764 -1 1 -1 -1 1 
0,784545454545455 0,552631578947368 -0,688 0,574603174603175 0,788888888888889 -0,992 -1 -1 -1 -1 -1 
0,783636363636364 0,577894736842105 -0,632 0,587301587301587 0,801587301587302 -1 -1 -1 -1 -1 -1 
0,811818181818182 0,505263157894737 -0,592 0,648412698412698 0,862698412698413 -1 -1 -1 -1 -1 -1 
0,811818181818182 0,528421052631579 -0,768 0,623015873015873 0,837301587301587 -0,968 -1 1 -1 -1 -1 
0,815454545454545 0,54421052631579 -0,824 0,644444444444444 0,858730158730159 -0,968 1 -1 -1 -1 -1 
0,82 0,516842105263158 -0,944 0,623015873015873 0,837301587301587 -1 -1 -1 -1 -1 -1 
0,832727272727273 0,48 -0,688 0,664285714285714 0,878571428571429 -0,652 -1 1 -1 -1 1 
0,787272727272727 0,539999999999999 -0,376 0,605555555555556 0,81984126984127 -1 -1 -1 -1 -1 -1 
0,792727272727273 0,525263157894737 -0,456 0,648412698412698 0,862698412698413 -0,928 -1 1 -1 -1 -1 
0,777272727272727 0,53578947368421 -0,176 0,63015873015873 0,844444444444444 -0,936 -1 -1 -1 -1 -1 
0,796363636363636 0,552631578947368 -0,608 0,626984126984127 0,841269841269841 -0,888 -1 1 -1 -1 1 
0,812727272727273 0,533684210526316 -0,672 0,615873015873016 0,83015873015873 -0,888 -1 -1 -1 -1 1 
0,77 0,518947368421052 -0,608 0,608730158730159 0,823015873015873 -1 -1 -1 -1 -1 -1 
0,787272727272727 0,53578947368421 -0,592 0,603968253968254 0,818253968253968 -1 -1 -1 -1 -1 -1 
0,765454545454546 0,552631578947368 -0,744 0,611111111111111 0,825396825396825 -1 -1 -1 -1 -1 -1 
0,783636363636364 0,570526315789474 -0,648 0,615873015873016 0,83015873015873 -1 -1 -1 -1 -1 -1 
0,757272727272727 0,609473684210526 -0,576 0,607142857142857 0,821428571428571 -1 -1 -1 -1 -1 -1 
0,721818181818182 0,417894736842106 -0,088 0,585714285714286 0,8 -0,996 -1 1 -1 -1 -1 
0,719090909090909 0,486315789473685 -0,688 0,575396825396825 0,78968253968254 -0,984 -1 1 -1 -1 -1 
0,702727272727273 0,528421052631579 -0,648 0,553968253968254 0,768253968253968 -1 -1 -1 -1 -1 -1 
0,713636363636364 0,543157894736842 -0,592 0,55 0,764285714285714 -1 -1 -1 -1 -1 -1 
0,760909090909091 0,522105263157895 -0,88 0,573015873015873 0,787301587301587 -1 -1 -1 -1 -1 -1 
0,759090909090909 0,565263157894737 -0,736 0,594444444444444 0,808730158730159 -1 -1 -1 -1 -1 -1 
0,85 0,554736842105264 -0,464 0,68015873015873 0,894444444444444 -1 -1 -1 -1 -1 -1 
0,857272727272727 0,546315789473684 -0,576 0,673015873015873 0,887301587301587 -1 -1 -1 -1 -1 1 
0,859090909090909 0,522105263157895 -0,608 0,675396825396825 0,88968253968254 -0,796 -1 1 -1 -1 1 
0,812727272727273 0,527368421052632 -0,448 0,608730158730159 0,823015873015873 -0,952 -1 -1 -1 -1 -1 
0,82 0,457894736842105 -0,488 0,641269841269841 0,855555555555556 -1 -1 -1 -1 -1 -1 
0,815454545454545 0,472631578947368 -0,24 0,667460317460317 0,881746031746032 -0,996 -1 1 -1 -1 1 
0,798181818181818 0,512631578947369 -0,416 0,653968253968254 0,868253968253968 -0,94 -1 1 -1 -1 -1 
0,799090909090909 0,532631578947369 -0,672 0,608730158730159 0,823015873015873 -1 -1 -1 -1 -1 -1 
0,821818181818182 0,510526315789474 -0,768 0,65 0,864285714285714 -0,996 -1 -1 -1 -1 1 
0,815454545454545 0,486315789473685 -0,624 0,676984126984127 0,891269841269841 -0,988 -1 -1 -1 -1 -1 
0,808181818181818 0,518947368421052 -0,624 0,617460317460317 0,831746031746032 -1 -1 -1 -1 -1 -1 
0,843636363636364 0,524210526315789 -0,44 0,687301587301587 0,901587301587301 -1 -1 -1 -1 -1 -1 
0,85 0,525263157894737 -0,768 0,674603174603175 0,888888888888889 -1 -1 -1 -1 -1 -1 
0,837272727272727 0,507368421052632 -0,6 0,684126984126984 0,898412698412698 -1 -1 -1 -1 -1 -1 
0,806363636363636 0,5 -0,496 0,63968253968254 0,853968253968254 -0,864 -1 1 -1 -1 -1 
0,823636363636364 0,452631578947368 -0,32 0,646825396825397 0,861111111111111 -0,684 -1 1 -1 -1 -1 
0,782727272727273 0,450526315789473 -0,624 0,612698412698413 0,826984126984127 -1 -1 -1 -1 -1 -1 
0,828181818181818 0,437894736842106 -0,712 0,637301587301587 0,851587301587302 -0,988 -1 1 -1 -1 -1 
0,785454545454546 0,489473684210526 -0,784 0,631746031746032 0,846031746031746 -1 -1 -1 -1 -1 -1 
0,629090909090909 0,498947368421052 -0,28 0,514285714285714 0,728571428571429 -1 -1 -1 -1 -1 -1 
0,625454545454545 0,570526315789474 -0,336 0,508730158730159 0,723015873015873 -0,988 -1 -1 -1 -1 -1 
0,596363636363636 0,607368421052632 -0,4 0,48015873015873 0,694444444444444 -1 -1 -1 -1 -1 -1 
0,619090909090909 0,528421052631579 -0,376 0,501587301587302 0,715873015873016 -1 -1 -1 -1 -1 -1 
0,711818181818182 0,481052631578948 -0,592 0,542857142857143 0,757142857142857 -0,988 -1 1 -1 -1 -1 
0,755454545454545 0,527368421052632 -0,904 0,567460317460317 0,781746031746032 -1 -1 -1 -1 -1 -1 
0,805454545454545 0,471578947368421 -0,744 0,615873015873016 0,83015873015873 -1 -1 -1 -1 -1 1 
0,820909090909091 0,44421052631579 -0,808 0,624603174603175 0,838888888888889 -0,968 1 1 -1 -1 -1 
0,807272727272727 0,432631578947369 -0,632 0,61031746031746 0,824603174603175 -0,876 1 1 -1 -1 -1 
0,719090909090909 0,474736842105263 -0,4 0,564285714285714 0,778571428571429 -0,952 -1 -1 -1 -1 -1 
0,788181818181818 0,432631578947369 -0,728 0,608730158730159 0,823015873015873 -0,936 -1 1 -1 -1 -1 
0,796363636363636 0,382105263157894 -0,824 0,581746031746032 0,796031746031746 -0,984 1 1 -1 -1 -1 
0,790909090909091 0,348421052631579 -0,552 0,611111111111111 0,825396825396825 -0,992 1 1 -1 -1 -1 
0,749090909090909 0,432631578947369 -0,552 0,591269841269841 0,805555555555556 -1 -1 -1 -1 -1 -1 
0,79 0,428421052631579 -0,224 0,624603174603175 0,838888888888889 -0,968 -1 1 -1 -1 -1 
0,824545454545455 0,352631578947368 -0,376 0,628571428571429 0,842857142857143 -0,04 -1 1 -1 -1 1 
0,761818181818182 0,354736842105264 -0,168 0,6 0,814285714285714 -0,86 -1 1 -1 -1 -1 
0,809090909090909 0,485263157894737 -0,576 0,578571428571429 0,792857142857143 -1 -1 -1 -1 -1 -1 
0,826363636363636 0,406315789473684 -0,456 0,644444444444444 0,858730158730159 -0,46 -1 1 -1 -1 -1 
0,792727272727273 0,397894736842105 -0,2 0,632539682539683 0,846825396825397 -0,86 -1 1 -1 -1 -1 
0,770909090909091 0,396842105263158 -0,032 0,632539682539683 0,846825396825397 -1 -1 -1 -1 -1 -1 
0,78 0,397894736842105 -0,472 0,646825396825397 0,861111111111111 -0,976 -1 1 -1 -1 -1 
0,815454545454545 0,407368421052632 -0,648 0,632539682539683 0,846825396825397 -0,992 -1 -1 -1 -1 -1 
0,79 0,441052631578947 -0,688 0,637301587301587 0,851587301587302 -0,988 -1 1 -1 -1 -1 
0,783636363636364 0,478947368421053 -0,672 0,614285714285714 0,828571428571429 -1 -1 -1 -1 -1 -1 
0,811818181818182 0,345263157894736 -0,752 0,635714285714286 0,85 -0,796 -1 1 -1 -1 1 
0,752727272727273 0,370526315789474 -0,472 0,601587301587302 0,815873015873016 -0,988 -1 -1 -1 -1 -1 
0,757272727272727 0,407368421052632 -0,744 0,582539682539683 0,796825396825397 -0,992 -1 1 -1 -1 -1 
0,8 0,443157894736842 -0,424 0,605555555555556 0,81984126984127 -0,988 -1 1 -1 -1 -1 
0,710909090909091 0,470526315789474 -0,536 0,596031746031746 0,81031746031746 -1 -1 -1 -1 -1 -1 
0,716363636363636 0,536842105263158 -0,288 0,573015873015873 0,787301587301587 -1 -1 -1 -1 -1 -1 
0,759090909090909 0,533684210526316 -0,376 0,603174603174603 0,817460317460317 -1 -1 -1 -1 -1 -1 
0,747272727272727 0,536842105263158 -0,104 0,651587301587301 0,865873015873016 -1 -1 -1 -1 -1 -1 
0,751818181818182 0,52 -0,264 0,662698412698413 0,876984126984127 -1 -1 -1 -1 -1 -1 
0,789090909090909 0,509473684210526 -0,304 0,642857142857143 0,857142857142857 -0,992 -1 -1 -1 -1 -1 
0,704545454545455 0,385263157894737 -0,32 0,576984126984127 0,791269841269841 -0,952 -1 1 -1 -1 -1 
0,702727272727273 0,34 -0,104 0,548412698412698 0,762698412698413 -0,94 -1 1 -1 -1 -1 
0,707272727272727 0,366315789473684 0,176 0,587301587301587 0,801587301587302 -0,84 -1 1 -1 -1 -1 
0,713636363636364 0,451578947368421 -0,088 0,574603174603175 0,788888888888889 -0,996 -1 1 -1 -1 -1 
0,715454545454545 0,475789473684211 -0,536 0,535714285714286 0,75 -0,952 -1 1 -1 -1 -1 
0,712727272727273 0,587368421052631 -0,552 0,56984126984127 0,784126984126984 -1 -1 -1 -1 -1 -1 
0,723636363636364 0,6 -0,88 0,555555555555556 0,76984126984127 -1 -1 -1 -1 -1 -1 
0,779090909090909 0,572631578947368 -0,768 0,608730158730159 0,823015873015873 -1 -1 -1 -1 -1 -1 
0,810909090909091 0,561052631578947 -0,888 0,65 0,864285714285714 -1 -1 -1 -1 -1 -1 
0,783636363636364 0,557894736842105 -0,768 0,65 0,864285714285714 -1 -1 -1 -1 -1 -1 
0,746363636363636 0,501052631578948 -0,496 0,588888888888889 0,803174603174603 -1 -1 -1 -1 -1 -1 
0,712727272727273 0,543157894736842 -0,512 0,538888888888889 0,753174603174603 -1 -1 -1 -1 -1 -1 
0,72 0,548421052631579 -0,864 0,56031746031746 0,774603174603175 -1 -1 -1 -1 -1 -1 
0,764545454545455 0,545263157894736 -0,688 0,6 0,814285714285714 -1 -1 -1 -1 -1 -1 
0,807272727272727 0,55578947368421 -0,744 0,63015873015873 0,844444444444444 -1 -1 -1 -1 -1 -1 
0,780909090909091 0,461052631578947 -0,56 0,615873015873016 0,83015873015873 -0,888 -1 1 -1 -1 -1 
0,758181818181818 0,462105263157895 -0,504 0,603174603174603 0,817460317460317 -0,98 -1 1 -1 -1 -1 
0,754545454545455 0,493684210526316 -0,304 0,587301587301587 0,801587301587302 -0,996 -1 1 -1 -1 -1 
0,770909090909091 0,53578947368421 -0,512 0,582539682539683 0,796825396825397 -1 -1 -1 -1 -1 -1 
0,775454545454545 0,539999999999999 -0,304 0,591269841269841 0,805555555555556 -1 -1 -1 -1 -1 -1 
0,797272727272727 0,548421052631579 -0,4 0,63015873015873 0,844444444444444 -0,996 -1 1 -1 -1 -1 
0,815454545454545 0,562105263157895 -0,432 0,61984126984127 0,834126984126984 -0,988 1 1 -1 -1 -1 
0,844545454545455 0,550526315789473 -0,336 0,642857142857143 0,857142857142857 -0,996 -1 -1 -1 -1 -1 
0,831818181818182 0,543157894736842 -0,536 0,671428571428571 0,885714285714286 -1 -1 -1 -1 -1 -1 
0,87 0,554736842105264 -0,496 0,671428571428571 0,885714285714286 -1 -1 -1 -1 -1 -1 
0,799090909090909 0,516842105263158 -0,472 0,646031746031746 0,86031746031746 -0,992 -1 1 -1 -1 1 
0,738181818181818 0,448421052631579 -0,336 0,603174603174603 0,817460317460317 -1 -1 -1 -1 -1 -1 
0,727272727272727 0,404210526315789 -0,44 0,576984126984127 0,791269841269841 -1 -1 1 -1 -1 -1 
0,663636363636364 0,42 -0,36 0,564285714285714 0,778571428571429 -0,988 -1 1 -1 -1 -1 
0,660909090909091 0,470526315789474 -0,184 0,53968253968254 0,753968253968254 -0,968 -1 1 -1 -1 -1 
0,769090909090909 0,572631578947368 -0,904 0,61031746031746 0,824603174603175 -1 -1 -1 -1 -1 -1 
0,799090909090909 0,565263157894737 -0,576 0,658730158730159 0,873015873015873 -1 -1 -1 -1 -1 -1 
0,777272727272727 0,590526315789474 -0,632 0,642857142857143 0,857142857142857 -1 -1 -1 -1 -1 -1 
0,774545454545455 0,610526315789474 -0,744 0,634126984126984 0,848412698412699 -1 -1 -1 -1 -1 -1 
0,790909090909091 0,612631578947369 -0,848 0,644444444444444 0,858730158730159 -1 -1 -1 -1 -1 -1 
0,706363636363636 0,604210526315789 -0,808 0,544444444444444 0,758730158730159 -1 -1 1 -1 -1 -1 
0,804545454545455 0,542105263157895 -0,424 0,607142857142857 0,821428571428571 -0,764 1 1 -1 -1 -1 
0,788181818181818 0,525263157894737 -0,336 0,635714285714286 0,85 -0,984 -1 1 -1 -1 -1 
0,782727272727273 0,547368421052632 -0,712 0,581746031746032 0,796031746031746 -1 -1 -1 -1 -1 -1 
0,822727272727273 0,52 -0,744 0,624603174603175 0,838888888888889 -0,724 -1 1 -1 -1 1 
