127720 99999  19860516    64.7  8    56.8  8  1016.0  8  9999.9  0    4.5  8    2.7  8    5.8  999.9    73.9    57.6   0.17F 999.9  010010 
127720 99999  19860517    61.9  8    57.6  8  1020.3  8  9999.9  0    2.0  8    1.5  8    3.9  999.9    71.2    54.3   0.08E 999.9  000010 
127720 99999  19860518    62.8  8    50.5  8  1024.5  8  9999.9  0    4.8  8    1.0  8    1.9  999.9    75.2    48.7   0.00D 999.9  100000 
127720 99999  19860519    64.9  8    58.2  8  1021.7  8  9999.9  0    2.2  8    0.6  7    1.9  999.9    73.2    54.9   0.00E 999.9  010000 
127720 99999  19860520    66.4  8    57.0  8  1019.6  8  9999.9  0    4.6  8    1.2  8    1.9  999.9    77.0    54.7   0.00D 999.9  000000 
127720 99999  19860521    67.5  8    55.9  8  1016.8  8  9999.9  0    4.7  8    1.0  8    1.9  999.9    79.5    53.2   0.00E 999.9  010000 
127720 99999  19860522    66.6  8    60.7  8  1017.4  8  9999.9  0    2.2  8    1.2  8    3.9  999.9    76.3    57.9   0.00I 999.9  000000 
127720 99999  19860523    69.6  8    56.3  8  1021.7  8  9999.9  0    7.4  8    2.7  8    5.8  999.9    79.3    60.4   0.00I 999.9  000000 
127720 99999  19860524    65.1  8    58.4  8  1017.8  8  9999.9  0    3.9  8    1.0  8    1.9  999.9    74.3    52.0   0.02E 999.9  010000 
127720 99999  19860525    63.3  7    52.0  7  1024.0  7  9999.9  0   10.9  7    2.8  7    5.8  999.9    70.2    55.0*  2.76E 999.9  010000 
127720 99999  19860526    60.8  8    48.6  8  1026.9  8  9999.9  0    5.7  8    1.0  8    1.9  999.9    74.1    45.0   0.00I 999.9  000000 
127720 99999  19860527    64.3  8    51.6  8  1022.2  7  9999.9  0    5.5  8    1.7  8    5.8  999.9    77.9    50.0   0.00I 999.9  000000 
127720 99999  19860528    66.6  8    54.3  8  1015.4  8  9999.9  0    5.5  8    1.2  8    3.9  999.9    80.6    49.3   0.00I 999.9  000000 
127720 99999  19860529    65.1  8    58.9  8  1010.8  8  9999.9  0    3.1  8    1.9  8   13.6  999.9    80.6    55.4   0.20E 999.9  010010 
127720 99999  19860530    65.7  8    59.1  8  1009.4  8  9999.9  0    2.8  8    1.9  8    5.8  999.9    79.7    56.8   0.00I 999.9  000000 
127720 99999  19860531    61.7  8    54.2  8  1013.2  8  9999.9  0    3.8  8    1.2  8    3.9  999.9    70.3    56.1*  0.02E 999.9  010000 
127720 99999  19860601    58.7  8    52.6  8  1012.3  8  9999.9  0    3.1  8    2.2  8    5.8  999.9    69.4    49.1   0.51E 999.9  010000 
127720 99999  19860602    54.1  8    48.7  8  1013.9  8  9999.9  0    4.7  8    2.7  8    5.8  999.9    60.1    50.4*  0.00I 999.9  000000 
127720 99999  19860603    53.8  8    48.7  8  1015.8  8  9999.9  0    1.9  8    1.2  8    3.9  999.9    63.0    45.3   0.00I 999.9  100000 
127720 99999  19860604    58.8  8    50.7  8  1008.7  8  9999.9  0    6.3  8    1.9  8    5.8  999.9    68.7    51.6   0.12E 999.9  010000 
127720 99999  19860605    55.1  8    50.3  8  1000.8  7  9999.9  0    3.9  8    4.1  8    7.8  999.9    60.1    50.9   0.87F 999.9  010000 
127720 99999  19860606    50.2  8    44.6  8  1005.8  8  9999.9  0    5.0  8    2.4  8    3.9  999.9    58.8    42.6   0.11F 999.9  010000 
127720 99999  19860607    57.2  8    46.8  8  1011.4  8  9999.9  0    6.2  8    1.5  8    5.8  999.9    68.0    44.4   0.00D 999.9  100000 
127720 99999  19860608    59.7  8    49.1  8  1015.1  7  9999.9  0    7.8  8    1.5  8    3.9  999.9    71.1    47.1   0.00D 999.9  000000 
127720 99999  19860609    63.3  9    51.7  9  1020.3  9  9999.9  0    7.4  9    4.3  9    5.8  999.9    72.7    53.6   0.00E 999.9  010000 
127720 99999  19860610    66.5  8    56.4  8  1018.0  8  9999.9  0    5.2  8    4.1  8    7.8  999.9    77.2    57.0   0.00D 999.9  000000 
127720 99999  19860611    68.7  8    59.4  8  1010.5  8  9999.9  0    4.2  8    2.9  8    5.8  999.9    83.1    52.5   0.00D 999.9  000000 
127720 99999  19860612    74.3  9    62.2  9  1007.0  9  9999.9  0    9.1  9    4.1  9    7.8  999.9    84.0    61.0   0.00D 999.9  000000 
127720 99999  19860613    73.6  8    63.3  8  1014.6  8  9999.9  0    5.7  8    2.4  8    3.9  999.9    85.3    61.9   0.00D 999.9  010000 
127720 99999  19860614    74.9  8    62.8  8  1019.9  8  9999.9  0    7.1  8    3.2  8    3.9  999.9    85.8    64.4   0.00E 999.9  000000 
127720 99999  19860615    74.9  8    63.5  8  1020.5  8  9999.9  0    7.3  8    3.2  8    3.9  999.9    86.0    64.8*  0.00D 999.9  000000 
127720 99999  19870516    53.7  8    51.3  8  1008.7  8  9999.9  0    1.7  8    0.7  8    1.9  999.9    59.5    48.6   0.55F 999.9  010000 
127720 99999  19870517    57.1  8    42.9  8  1018.0  8  9999.9  0   13.7  8    3.6  8    5.8  999.9    66.6    48.6   0.00D 999.9  000000 
127720 99999  19870518    56.3  8    49.0  8  1017.2  8  9999.9  0    3.1  8    1.0  8    3.9  999.9    68.5    45.7   0.12E 999.9  010000 
127720 99999  19870519    59.4  8    53.6  8  1012.6  8  9999.9  0    2.2  8    1.9  8    5.8  999.9    71.2*   51.6   0.16E 999.9  010010 
127720 99999  19870520    58.3  7    53.0  7  1009.7  7  9999.9  0    1.8  7    1.7  7    3.9  999.9    70.7    49.1   0.04E 999.9  110000 
127720 99999  19870521    53.2  8    45.7  8  1005.4  8  9999.9  0    5.4  8    6.3  8    9.7  999.9    57.2    49.3*  0.03E 999.9  010000 
127720 99999  19870522    56.2  8    49.7  8   999.9  8  9999.9  0    4.2  8    3.6  8    5.8  999.9    61.9    49.1   0.47F 999.9  010000 
127720 99999  19870523    57.7  8    50.4  8  1005.1  8  9999.9  0    3.4  8    2.2  8    3.9  999.9    65.1    50.4   0.05F 999.9  010000 
127720 99999  19870524    55.7  8    47.6  8  1011.1  8  9999.9  0    3.8  8    2.2  8    3.9  999.9    61.2    51.4   0.00D 999.9  000000 
127720 99999  19870525    58.1  8    49.5  8  1014.6  8  9999.9  0    2.6  8    1.0  8    3.9  999.9    67.6    51.6   0.00D 999.9  000000 
127720 99999  19870526    59.5  8    45.9  8  1016.5  8  9999.9  0    7.5  8    1.9  8    3.9  999.9    66.6    51.1   0.00D 999.9  000000 
127720 99999  19870527    61.1  8    48.5  8  1014.7  8  9999.9  0    6.8  8    1.5  8    3.9  999.9    70.9    50.4   0.00D 999.9  000000 
127720 99999  19870528    56.3  8    51.3  8  1013.6  8  9999.9  0    1.8  8    0.2  8    1.9  999.9    63.3*   51.4*  0.09F 999.9  110000 
127720 99999  19870529    59.0  8    50.8  8  1016.1  8  9999.9  0    1.9  8    2.2  8    3.9  999.9    68.0    48.2   0.00D 999.9  100000 
127720 99999  19870530    59.1  8    44.2  8  1016.2  8  9999.9  0    6.3  8    5.8  8    7.8  999.9    66.2    54.0   0.00D 999.9  000000 
127720 99999  19870531    55.7  8    43.1  8  1016.3  8  9999.9  0    6.2  8    1.7  8    3.9  999.9    62.2    50.0   0.00D 999.9  000000 
127720 99999  19870601    58.1  8    43.6  8  1016.7  8  9999.9  0    8.0  8    1.7  8    5.8  999.9    66.4    49.5   0.00D 999.9  000000 
127720 99999  19870602    59.5  8    47.5  8  1015.6  8  9999.9  0    4.8  8    2.4  8    5.8  999.9    70.7    46.4   0.00D 999.9  000000 
127720 99999  19870603    57.6  8    49.6  8  1013.8  8  9999.9  0    4.6  8    1.9  8    3.9  999.9    64.8    48.2   0.00E 999.9  010000 
127720 99999  19870604    62.6  8    54.4  8  1009.2  8  9999.9  0    3.2  8    1.5  8    3.9  999.9    72.1    52.2   0.04E 999.9  010000 
127720 99999  19870605    60.3  8    54.4  8  1005.5  8  9999.9  0    6.5  8    1.9  8    3.9  999.9    67.3    56.5*  0.39F 999.9  010000 
127720 99999  19870606    64.8  8    52.1  8  1014.1  8  9999.9  0    8.2  8    2.4  8    3.9  999.9    74.3    54.5   0.00D 999.9  000000 
127720 99999  19870607    69.0  8    56.3  8  1016.0  8  9999.9  0    7.8  8    3.2  8    5.8  999.9    79.7    55.8   0.00D 999.9  000000 
127720 99999  19870608    72.8  8    59.7  8  1009.1  8  9999.9  0    5.1  8    3.6  8    5.8  999.9    84.2    61.0   0.00D 999.9  000000 
127720 99999  19870609    72.1  8    61.4  8  1008.2  8  9999.9  0    6.5  8    2.2  8    5.8  999.9    82.8    64.2   0.01E 999.9  010000 
127720 99999  19870610    70.4  8    60.6  8  1012.5  8  9999.9  0    5.7  8    2.9  8    5.8  999.9    79.2    63.0*  0.01F 999.9  010000 
127720 99999  19870611    68.4  8    56.0  8  1018.1  8  9999.9  0    7.2  8    1.9  8    3.9  999.9    78.8    55.8   0.00D 999.9  000000 
127720 99999  19870612    68.7  8    55.0  8  1019.8  8  9999.9  0    5.3  8    0.7  8    3.9  999.9    81.3    54.3   0.00D 999.9  000000 
127720 99999  19870613    70.8  8    57.0  8  1015.2  8  9999.9  0    8.1  8    1.0  8    1.9  999.9    84.2    55.2   0.00D 999.9  000000 
127720 99999  19870614    73.9  8    62.9  8  1011.4  8  9999.9  0    6.2  8    2.7  8    5.8  999.9    86.2    60.8   0.00D 999.9  000000 
127720 99999  19870615    77.1  8    66.5  8  1007.3  8  9999.9  0    4.7  8    2.9  8    7.8  999.9    90.0    62.8   0.02E 999.9  000000 
127720 99999  19880516    63.3  9    53.8  9  1011.6  9  9999.9  0    3.6  9    2.2  9    3.9  999.9    71.2    55.2   0.02E 999.9  010000 
127720 99999  19880517    58.2  7    53.3  7  1009.6  7  9999.9  0    1.2  7    1.1  7    1.9  999.9    69.1    50.4   0.00F 999.9  100000 
127720 99999  19880518    63.2  8    57.6  8  1007.8  8  9999.9  0    2.5  8    1.5  8    5.8  999.9    74.5    55.0   0.04F 999.9  010010 
127720 99999  19880519    64.2  8    57.4  8  1011.8  8  9999.9  0    1.2  8    2.2  8    5.8  999.9    77.4    51.4   0.00E 999.9  110000 
127720 99999  19880520    63.7  8    56.4  8  1013.5  8  9999.9  0    3.8  8    1.9  8    5.8  999.9    77.0    54.7*  0.00B 999.9  110010 
127720 99999  19880521    57.5  8    53.7  8  1016.0  8  9999.9  0    4.0  8    1.9  8    3.9  999.9    62.4    52.0*  0.71F 999.9  010000 
127720 99999  19880522    52.7  8    45.4  8  1020.4  8  9999.9  0    6.0  8    1.7  8    1.9  999.9    56.3    50.5   0.03F 999.9  010000 
127720 99999  19880523    55.2  8    47.5  8  1018.6  8  9999.9  0    8.6  8    1.9  8    1.9  999.9    63.0    50.5   0.00E 999.9  000000 
127720 99999  19880524    60.5  8    51.1  8  1018.4  8  9999.9  0    4.9  8    1.9  8    3.9  999.9    81.7    47.5   0.00D 999.9  000000 
127720 99999  19880525    63.7  8    53.1  8  1017.8  8  9999.9  0    3.3  8    2.9  8    5.8  999.9    75.2    48.7   0.00D 999.9  000000 
127720 99999  19880526    66.2  8    54.4  8  1014.5  8  9999.9  0    6.8  8    1.9  8    3.9  999.9    77.0    56.1   0.00D 999.9  000000 
127720 99999  19880527    67.4  8    55.7  8  1011.5  8  9999.9  0    8.8  8    1.7  8    3.9  999.9    79.0    55.4   0.00D 999.9  000010 
127720 99999  19880528    64.8  8    57.9  8  1010.7  8  9999.9  0    4.2  8    1.5  8    3.9  999.9    77.2    55.4   0.10F 999.9  010000 
127720 99999  19880529    65.0  8    56.4  8  1010.8  8  9999.9  0    3.1  8    3.4  8   11.7  999.9    77.4    51.1   0.00E 999.9  100000 
127720 99999  19880530    64.6  8    55.6  8  1011.2  8  9999.9  0    3.9  8    2.7  8    5.8  999.9    75.2    52.9   0.00E 999.9  110010 
127720 99999  19880531    63.7  6    55.5  6  1012.0  6  9999.9  0    4.0  6    2.6  6    7.8  999.9    76.3    56.8*  0.02E 999.9  100010 
127720 99999  19880601    60.5  7    56.8  7  1009.3  7  9999.9  0    1.9  7    1.4  7    3.9  999.9    65.1    55.4   0.43F 999.9  010000 
127720 99999  19880602    58.7  8    49.5  8  1008.9  8  9999.9  0    6.1  8    3.6  8    7.8  999.9    66.9    53.2   0.12F 999.9  010010 
127720 99999  19880603    61.6  8    48.0  8  1011.9  8  9999.9  0    9.5  8    2.7  8    5.8  999.9    71.6    48.0   0.00E 999.9  000000 
127720 99999  19880604    62.7  8    50.1  8  1010.8  8  9999.9  0    4.0  8    2.7  8    3.9  999.9    76.1    44.1   0.00D 999.9  000000 
127720 99999  19880605    64.6  6    55.3  6  1008.8  6  9999.9  0    3.4  6    2.6  6    7.8  999.9    78.1*   51.6   0.00C 999.9  000000 
127720 99999  19880606    64.7  8    59.8  8  1009.1  8  9999.9  0    2.8  8    1.5  8    3.9  999.9    71.2    53.6   0.04E 999.9  010000 
127720 99999  19880607    68.9  8    59.9  8  1009.9  8  9999.9  0    3.5  8    2.2  8    3.9  999.9    79.3    59.9   0.02F 999.9  010010 
127720 99999  19880608    63.7  8    58.8  8  1012.3  8  9999.9  0    1.5  8    1.2  8    1.9  999.9    72.0    54.7   0.35E 999.9  110010 
127720 99999  19880609    67.3  8    55.5  8  1012.7  8  9999.9  0    4.0  8    2.4  8    5.8  999.9    79.0    52.2   0.00D 999.9  000000 
127720 99999  19880610    68.1  8    57.2  8  1011.8  8  9999.9  0    2.9  8    1.2  8    5.8  999.9    82.0    54.5*  0.00D 999.9  000000 
127720 99999  19880611    63.7  8    57.9  8  1008.0  8  9999.9  0    2.7  8    1.2  8    1.9  999.9    76.3    53.1   0.03E 999.9  000010 
127720 99999  19880612    61.0  8    54.0  8  1010.9  8  9999.9  0    3.8  8    2.7  8    3.9  999.9    70.2    54.0   0.01E 999.9  110000 
127720 99999  19880613    60.7  8    48.9  8  1012.3  8  9999.9  0   14.8  8    1.7  8    1.9  999.9    68.7    51.8   0.00F 999.9  010000 
127720 99999  19880614    60.8  9    48.8  9  1010.7  8  9999.9  0    4.2  9    2.4  9    3.9  999.9    73.4    46.6   0.00E 999.9  000000 
127720 99999  19880615    62.8  8    50.6  8  1009.5  8  9999.9  0    7.6  8    1.9  8    3.9  999.9    75.6    51.6   0.00D 999.9  000000 











































































































































































































































































































































































































































































































































































































































































