127720 99999  19860401    49.7  8    35.9  8  1013.5  8  9999.9  0   14.3  8    4.4  8    5.8  999.9    58.1    39.9   0.00D 999.9  000000 
127720 99999  19860402    46.8  8    36.3  8  1018.8  8  9999.9  0   10.5  8    3.2  8    5.8  999.9    58.6    33.6   0.00D 999.9  000000 
127720 99999  19860403    53.8  8    42.2  8  1012.1  8  9999.9  0    3.9  8    4.1  8   11.7  999.9    69.3    36.5   0.00D 999.9  000000 
127720 99999  19860404    61.7  8    46.5  8  1009.3  7  9999.9  0    5.4  8    3.9  8    7.8  999.9    72.3    44.4   0.00D 999.9  000000 
127720 99999  19860405    56.2  8    45.0  8  1012.8  8  9999.9  0    3.1  8    2.2  8    5.8  999.9    73.4    38.5   0.00D 999.9  000000 
127720 99999  19860406    56.1  8    45.0  8  1017.6  8  9999.9  0    2.4  8    1.9  8    1.9  999.9    71.6    39.2   0.00D 999.9  000000 
127720 99999  19860407    60.6  8    48.3  8  1018.7  8  9999.9  0    3.6  8    1.7  8    3.9  999.9    78.1    43.9   0.00D 999.9  000000 
127720 99999  19860408    61.0  8    47.2  8  1015.8  8  9999.9  0    4.5  8    2.2  8    5.8  999.9    79.3    45.0   0.00D 999.9  000000 
127720 99999  19860409    58.4  6    46.2  6  1007.7  6  9999.9  0    5.2  6    2.3  6    7.8  999.9    77.0*   42.4   0.00D 999.9  000000 
127720 99999  19860410    52.2  8    45.9  8   999.9  8  9999.9  0    5.0  8    3.4  8    5.8  999.9    56.5*   47.5*  0.20E 999.9  010000 
127720 99999  19860411    41.7  8    37.4  8  1006.0  8  9999.9  0    3.7  8    2.7  8    5.8  999.9    47.1    35.2*  0.08E 999.9  010000 
127720 99999  19860412    35.1  7    29.1  7  1010.0  7  9999.9  0    3.4  7    3.1  7    3.9  999.9    39.9    33.1*  0.03E 999.9  011000 
127720 99999  19860413    37.6  7    28.7  7  1005.0  7  9999.9  0    5.7  7    5.3  7    9.7  999.9    43.9*   32.7   0.01E 999.9  010000 
127720 99999  19860414    36.1  8    29.8  8  1006.8  8  9999.9  0    3.5  8    4.9  8    9.7  999.9    39.4    34.7   0.00E 999.9  011000 
127720 99999  19860415    41.9  8    31.8  8  1013.4  8  9999.9  0    3.1  8    2.7  8    5.8  999.9    55.0    28.6   0.00C 999.9  100000 
127720 99999  19860416    45.7  8    34.9  8  1014.7  8  9999.9  0    3.3  8    1.9  8    3.9  999.9    59.4    30.0   0.00D 999.9  000000 
127720 99999  19860417    54.8  7    44.3  7  1009.9  7  9999.9  0    7.3  7    4.7  7    9.7  999.9    66.9    47.1   0.01F 999.9  010000 
127720 99999  19860418    55.7  8    46.8  8  1006.7  8  9999.9  0    5.0  8    4.4  8    5.8  999.9    65.5    44.6   0.00E 999.9  010000 
127720 99999  19860419    52.2  8    46.3  8   998.0  8  9999.9  0    6.3  8    3.9  8    5.8  999.9    55.4    46.2*  0.24E 999.9  010000 
127720 99999  19860420    48.1  8    38.6  8  1003.9  8  9999.9  0    5.5  8    4.4  8    9.7  999.9    56.5    41.9*  0.12E 999.9  010000 
127720 99999  19860421    47.3  8    35.5  8  1013.2  8  9999.9  0    5.8  8    4.6  8   11.7  999.9    60.8    28.6   0.00D 999.9  100000 
127720 99999  19860422    55.8  8    43.0  8  1015.0  8  9999.9  0    8.7  8    6.1  8   11.7  999.9    70.2    39.9   0.00D 999.9  000000 
127720 99999  19860423    62.2  8    47.5  8  1016.0  8  9999.9  0    8.4  8    4.4  8    9.7  999.9    72.5    48.9   0.00D 999.9  000000 
127720 99999  19860424    63.5  8    48.4  8  1017.7  8  9999.9  0    8.8  8    3.6  8    7.8  999.9    78.8    44.2   0.00D 999.9  000000 
127720 99999  19860425    64.8  8    46.3  8  1015.1  8  9999.9  0    6.9  8    2.4  8    5.8  999.9    82.2    44.2   0.00D 999.9  000000 
127720 99999  19860426    65.7  8    49.8  8  1011.5  8  9999.9  0    5.0  8    1.9  8    3.9  999.9    80.8    46.6   0.00D 999.9  000000 
127720 99999  19860427    64.3  8    52.4  8  1008.7  8  9999.9  0    7.0  8    1.9  8    7.8  999.9    79.5    47.5   0.00D 999.9  000000 
127720 99999  19860428    63.1  8    53.2  8  1008.1  8  9999.9  0    6.1  8    2.2  8    7.8  999.9    78.4    48.6   0.00D 999.9  000010 
127720 99999  19860429    63.5  8    52.3  8  1007.4  8  9999.9  0    5.9  8    2.2  8    3.9  999.9    79.9    48.9   0.01E 999.9  010000 
127720 99999  19860430    64.3  8    53.7  8  1011.2  7  9999.9  0    5.3  8    1.9  8    5.8  999.9    79.9    47.8   0.12F 999.9  000010 
127720 99999  19860501    65.1  7    50.9  7  1016.3  7  9999.9  0    3.5  7    5.8  7    9.7  999.9    76.5    52.0*  0.00E 999.9  000000 
127720 99999  19860502    63.4  8    46.0  8  1017.1  8  9999.9  0   13.4  8    4.4  8    7.8  999.9    75.2    52.0   0.00D 999.9  000000 
127720 99999  19860503    62.5  8    45.6  8  1014.9  8  9999.9  0   13.2  8    2.2  8    3.9  999.9    77.4    42.1   0.00D 999.9  000000 
127720 99999  19860504    61.3  8    44.8  8  1014.8  8  9999.9  0   13.2  8    2.2  8    3.9  999.9    74.3*   47.1   0.00D  43.7  000000 
127720 99999  19860505    60.6  7    45.1  7  1015.6  7  9999.9  0   12.9  7    2.5  7    5.8  999.9    70.9    45.7   0.00D 999.9  000000 
127720 99999  19860506    62.1  6    45.0  6  1016.5  6  9999.9  0    7.1  6    2.6  6    3.9  999.9    74.7    40.3   0.00D 999.9  000000 
127720 99999  19860507    60.2  8    44.7  8  1019.2  8  9999.9  0   12.8  8    1.5  8    3.9  999.9    75.6    41.0   0.00D 999.9  000000 
127720 99999  19860508    61.3  8    47.5  8  1018.1  8  9999.9  0    6.2  8    3.6  7    7.8  999.9    75.2    43.9   0.00D 999.9  000000 
127720 99999  19860509    54.6  8    52.5  8  1016.8  8  9999.9  0    2.6  8    1.7  8    3.9  999.9    57.7    50.0*  1.00F 999.9  010000 
127720 99999  19860510    55.2  8    47.3  8  1020.3  8  9999.9  0    3.4  8    1.7  8    3.9  999.9    64.9    48.4   0.04E 999.9  010000 
127720 99999  19860511    55.9  8    45.7  8  1019.7  8  9999.9  0    4.4  8    0.7  8    1.9  999.9    68.7    40.8   0.00D 999.9  000000 
127720 99999  19860512    58.0  8    52.1  8  1017.5  8  9999.9  0    5.8  8    1.5  8    5.8  999.9    65.5    50.4   0.12F 999.9  010000 
127720 99999  19860513    59.4  8    51.9  8  1019.1  8  9999.9  0    4.1  8    1.0  8    3.9  999.9    69.4    50.0   0.00D 999.9  000000 
127720 99999  19860514    62.3  8    52.6  8  1017.1  7  9999.9  0    3.0  8    1.5  8    3.9  999.9    75.9    45.7   0.00D 999.9  000000 
127720 99999  19860515    65.2  8    52.5  8  1016.2  8  9999.9  0    6.9  8    5.1  8   25.3  999.9    77.4    49.3   0.00D 999.9  000000 
127720 99999  19870401    42.1  7    38.1  7  1012.3  7  9999.9  0    1.8  7    1.1  7    1.9  999.9    48.4    37.9   0.08F 999.9  010000 
127720 99999  19870402    48.2  8    38.9  8  1002.8  8  9999.9  0    5.8  8    3.6  8    7.8  999.9    57.9    41.0   0.01F 999.9  010000 
127720 99999  19870403    43.9  8    38.7  8  1014.3  8  9999.9  0    3.2  8    4.1  8    5.8  999.9    47.7    40.6   0.01F 999.9  010000 
127720 99999  19870404    46.5  8    42.3  8  1015.8  8  9999.9  0    2.4  8    2.7  8    7.8  999.9    54.5    41.9   0.31F 999.9  010000 
127720 99999  19870405    50.7  8    40.1  8  1009.6  8  9999.9  0   10.6  8    5.3  8   11.7  999.9    62.1    42.4   0.03E 999.9  000010 
127720 99999  19870406    50.5  8    33.8  8  1009.7  8  9999.9  0   10.3  8    5.6  8   11.7  999.9    63.7    32.4   0.00D 999.9  000000 
127720 99999  19870407    52.4  8    38.6  8  1014.7  8  9999.9  0    7.7  8    3.4  8    5.8  999.9    61.2    41.9   0.00D 999.9  000000 
127720 99999  19870408    52.2  8    38.5  8  1012.5  8  9999.9  0    6.0  8    3.9  8    9.7  999.9    69.6    34.2   0.00D 999.9  000000 
127720 99999  19870409    55.4  8    48.3  7  1009.6  8  9999.9  0    3.3  8    3.2  8    5.8  999.9    60.4    50.5   0.02F 999.9  010000 
127720 99999  19870410    54.0  8    51.1  8  1006.1  8  9999.9  0    1.3  8    2.4  8    5.8  999.9    59.2    50.0   0.39F 999.9  110000 
127720 99999  19870411    52.4  7    49.6  7  1004.1  7  9999.9  0    1.9  7    3.9  7    7.8  999.9    59.7    48.4*  0.20F 999.9  010000 
127720 99999  19870412    46.0  8    43.2  8  1010.1  8  9999.9  0    2.0  8    1.9  8    1.9  999.9    47.7*   44.1   0.59F 999.9  010000 
127720 99999  19870413    50.0  7    39.1  7  1017.6  6  9999.9  0    5.9  7    3.3  7    5.8  999.9    57.9    43.2   0.04E 999.9  010000 
127720 99999  19870414    48.4  8    31.8  8  1022.9  8  9999.9  0    7.0  8    3.9  8    5.8  999.9    60.1    37.0   0.00D 999.9  000000 
127720 99999  19870415    46.5  9    34.6  9  1024.7  9  9999.9  0    4.6  9    5.2  9    7.8  999.9    57.9    38.5   0.00D 999.9  000000 
127720 99999  19870416    46.0  8    33.7  8  1023.3  8  9999.9  0    4.1  8    2.2  8    3.9  999.9    57.7    31.1   0.00D 999.9  000000 
127720 99999  19870417    51.8  8    38.1  8  1021.0  8  9999.9  0    4.0  8    2.9  8    7.8  999.9    65.8    34.2   0.00D 999.9  000000 
127720 99999  19870418    54.8  8    35.6  8  1016.0  8  9999.9  0    6.8  8    4.6  8    9.7  999.9    68.4    42.8   0.00D 999.9  000000 
127720 99999  19870419    49.5  8    33.8  8  1021.0  8  9999.9  0    8.5  8    2.4  8    5.8  999.9    61.9    36.5   0.00D 999.9  000000 
127720 99999  19870420    52.4  8    39.4  8  1016.1  8  9999.9  0    5.2  8    3.4  8    9.7  999.9    67.8    33.8   0.00E 999.9  010000 
127720 99999  19870421    56.0  8    45.5  8  1011.2  8  9999.9  0    5.4  8    3.2  8    5.8  999.9    63.0    49.6*  0.00F 999.9  010000 
127720 99999  19870422    49.5  8    40.1  8  1020.5  8  9999.9  0    7.1  8    3.2  8    9.7  999.9    58.3    42.8*  0.08F 999.9  000000 
127720 99999  19870423    48.8  8    35.3  8  1028.3  8  9999.9  0    3.6  8    1.9  8    3.9  999.9    59.7    33.8   0.00D 999.9  000000 
127720 99999  19870424    52.6  5    38.9  5  1025.4  5  9999.9  0    3.6  5    1.6  5    1.9  999.9    64.8    44.2   0.00D 999.9  000000 
127720 99999  19870425    59.2  7    41.4  7  1015.6  7  9999.9  0    7.8  7    3.6  7    7.8  999.9    72.1    38.7   0.00C 999.9  000000 
127720 99999  19870426    53.4  9    37.7  9  1012.0  9  9999.9  0    5.6  9    6.3  9   13.6  999.9    72.1    41.7*  0.00D 999.9  000000 
127720 99999  19870427    43.3  8    31.0  8  1023.4  8  9999.9  0   13.2  8    5.1  8    9.7  999.9    53.6    32.4   0.00D 999.9  000000 
127720 99999  19870428    45.7  8    33.5  8  1032.0  8  9999.9  0    6.3  8    1.9  8    3.9  999.9    60.4    27.7   0.00D 999.9  000000 
127720 99999  19870429    55.2  8    41.9  8  1032.4  8  9999.9  0    4.3  8    1.0  8    3.9  999.9    68.4    44.4   0.00D 999.9  000000 
127720 99999  19870430    56.4  8    43.1  8  1024.6  8  9999.9  0    6.3  8    1.2  8    3.9  999.9    72.7    38.3   0.00D 999.9  000000 
127720 99999  19870501    62.2  8    45.9  8  1015.5  8  9999.9  0    4.5  8    1.5  8    1.9  999.9    78.4    43.3   0.00D 999.9  000000 
127720 99999  19870502    61.1  7    48.0  7  1011.1  7  9999.9  0    5.3  7    1.1  7    3.9  999.9    77.0    50.5   0.00D 999.9  000000 
127720 99999  19870503    60.1  8    49.6  8  1008.2  8  9999.9  0    4.7  8    1.5  8    3.9  999.9    73.6    44.6   0.03E 999.9  010000 
127720 99999  19870504    59.5  8    53.4  8  1010.5  8  9999.9  0    3.1  8    1.2  8    3.9  999.9    68.4    50.7   0.16E 999.9  010000 
127720 99999  19870505    60.3  8    50.2  8  1013.6  8  9999.9  0    3.0  8    1.5  8    3.9  999.9    72.1    49.5   0.01E 999.9  000000 
127720 99999  19870506    59.8  8    50.0  8  1008.3  8  9999.9  0    4.9  8    3.9  8    7.8  999.9    73.6    47.8   0.00E 999.9  010000 
127720 99999  19870507    52.9  5    45.0  5  1003.2  5  9999.9  0    7.1  5   10.5  5   19.4  999.9    57.6*   50.5   0.12E 999.9  010000 
127720 99999  19870508    50.2  8    31.4  8  1012.8  8  9999.9  0   19.0  8    8.5  8   15.5  999.9    57.6    39.6   0.00D 999.9  000000 
127720 99999  19870509    51.9  8    34.3  8  1013.5  8  9999.9  0    9.3  8    2.2  8    3.9  999.9    63.7    36.5   0.00D 999.9  000000 
127720 99999  19870510    54.6  7    38.8  7  1013.7  7  9999.9  0    8.7  7    4.2  7    9.7  999.9    71.6    35.8*  0.00D 999.9  000000 
127720 99999  19870511    54.8  6    48.1  6  1008.9  6  9999.9  0    3.2  6    2.9  6    5.8  999.9    65.1    45.9   0.04E 999.9  010000 
127720 99999  19870512    54.6  8    44.9  8  1010.6  8  9999.9  0    3.7  8    2.2  8    5.8  999.9    68.0    37.6   0.00D 999.9  000000 
127720 99999  19870513    60.7  8    50.7  8  1005.9  8  9999.9  0    6.2  8    3.6  8    9.7  999.9    72.7    49.6   0.00D 999.9  000000 
127720 99999  19870514    53.0  8    47.7  8  1008.6  8  9999.9  0    4.7  8    3.4  8    5.8  999.9    57.2*   45.0*  0.04F 999.9  010000 
127720 99999  19870515    50.6  8    39.1  8  1015.5  8  9999.9  0   10.4  8    1.9  8    5.8  999.9    64.6    35.2   0.00D 999.9  100000 
127720 99999  19880401    49.8  8    45.5  8  1009.0  8  9999.9  0    3.7  8    2.7  8    3.9  999.9    57.0    46.8   0.51F 999.9  010000 
127720 99999  19880402    46.3  8    37.2  8  1014.9  8  9999.9  0    5.4  8    2.7  8    3.9  999.9    51.8    39.4   0.00D 999.9  000000 
127720 99999  19880403    44.0  8    38.3  8  1023.4  8  9999.9  0    2.8  8    1.9  8    3.9  999.9    54.7    31.3   0.02E 999.9  110000 
127720 99999  19880404    48.6  8    42.4  8  1022.8  8  9999.9  0    3.0  8    1.9  8    3.9  999.9    55.8    41.4   0.08E 999.9  010000 
127720 99999  19880405    52.5  8    40.3  8  1019.6  8  9999.9  0    4.4  8    2.9  8    7.8  999.9    63.5    41.7   0.00D 999.9  000000 
127720 99999  19880406    52.8  8    40.5  7  1020.4  8  9999.9  0    6.5  8    3.9  8    7.8  999.9    66.0    42.8   0.00D 999.9  000000 
127720 99999  19880407    53.1  8    43.1  8  1018.3  8  9999.9  0    4.8  8    2.7  8    5.8  999.9    65.8    41.0   0.00D 999.9  000000 
127720 99999  19880408    54.8  8    47.8  8  1009.1  8  9999.9  0    2.2  8    2.9  8    3.9  999.9    62.8    50.0   0.00D 999.9  010000 
127720 99999  19880409    54.8  8    46.4  8  1009.2  8  9999.9  0    3.2  8    3.9  8    5.8  999.9    61.2    47.3*  0.01F 999.9  010000 
127720 99999  19880410    42.1  8    35.5  8  1016.7  8  9999.9  0    4.9  8    3.4  8    7.8  999.9    47.7    38.3   0.24F 999.9  010000 
127720 99999  19880411    45.7  8    33.5  8  1022.2  8  9999.9  0    7.1  8    3.2  8    5.8  999.9    57.9    29.1   0.00D 999.9  000000 
127720 99999  19880412    47.8  8    37.2  8  1019.3  8  9999.9  0    3.7  8    3.6  8    9.7  999.9    61.7    32.9   0.00D 999.9  000000 
127720 99999  19880413    51.6  8    46.0  8  1010.5  8  9999.9  0    2.9  8    2.7  8    5.8  999.9    61.2    41.0   0.01F 999.9  010000 
127720 99999  19880414    42.0  8    28.3  8  1017.8  8  9999.9  0   16.8  8   11.2  8   15.5  999.9    48.2    36.7*  0.31E 999.9  010000 
127720 99999  19880415    40.1  7    24.6  7  1022.5  7  9999.9  0   21.3  7    6.7  7   11.7  999.9    50.4    30.0   0.00D 999.9  000000 
127720 99999  19880416    45.2  7    27.8  7  1018.9  7  9999.9  0   29.3  7    5.8  7    9.7  999.9    57.2*   31.6   0.00C 999.9  000000 
127720 99999  19880417    44.8  8    33.7  8  1018.6  7  9999.9  0   10.1  8    3.2  8    3.9  999.9    54.3    33.8   0.00D 999.9  000000 
127720 99999  19880418    49.0  7    37.9  7  1013.9  7  9999.9  0    4.3  7    3.1  7    3.9  999.9    72.5    31.5   0.00D 999.9  000000 
127720 99999  19880419    57.8  8    45.1  8  1012.9  8  9999.9  0    6.6  8    2.9  8    5.8  999.9    72.7    39.2   0.00D 999.9  000000 
127720 99999  19880420    56.8  8    46.1  8  1014.0  8  9999.9  0    2.7  8    2.9  8    7.8  999.9    69.1    41.7   0.00D 999.9  000000 
127720 99999  19880421    57.0  8    49.5  8  1014.8  8  9999.9  0    2.5  8    3.2  8    5.8  999.9    69.8    50.4   0.01F 999.9  010000 
127720 99999  19880422    55.6  8    48.3  8  1012.4  8  9999.9  0    2.6  8    1.9  8    5.8  999.9    65.1    48.6*  0.08F 999.9  110000 
127720 99999  19880423    47.0  9    40.7  9  1011.0  9  9999.9  0    3.1  9    2.9  8    9.7  999.9    59.7    40.3*  0.04E 999.9  010000 
127720 99999  19880424    39.6  8    26.5  8  1016.5  8  9999.9  0    9.6  8    3.4  8    3.9  999.9    45.7    32.4   0.00D 999.9  000000 
127720 99999  19880425    43.4  8    30.2  8  1016.1  8  9999.9  0    5.1  8    4.9  8    9.7  999.9    54.5    27.5   0.00D 999.9  000000 
127720 99999  19880426    45.3  8    35.9  8  1017.2  8  9999.9  0    3.3  8    1.7  8    3.9  999.9    58.1    30.2   0.00D 999.9  000000 
127720 99999  19880427    49.5  8    37.6  8  1021.0  8  9999.9  0    3.6  8    1.7  8    3.9  999.9    65.5    33.4   0.00D 999.9  000000 
127720 99999  19880428    53.6  8    39.9  8  1019.0  8  9999.9  0    3.1  8    2.7  8    5.8  999.9    66.6    35.6   0.00D 999.9  000000 
127720 99999  19880429    56.5  9    43.6  9  1014.3  9  9999.9  0    2.6  9    2.6  9    3.9  999.9    69.1    41.9   0.00D 999.9  000000 
127720 99999  19880430    56.8  8    45.4  8  1013.7  8  9999.9  0    2.9  8    2.2  8    3.9  999.9    70.3    39.2   0.00D 999.9  000000 
127720 99999  19880501    55.8  8    45.1  8  1016.4  8  9999.9  0    3.8  8    1.9  8    5.8  999.9    68.4    43.7   0.00D 999.9  000000 
127720 99999  19880502    56.9  8    44.0  8  1016.4  8  9999.9  0    5.4  8    4.1  8    9.7  999.9    71.6    37.0   0.00D 999.9  000000 
127720 99999  19880503    65.1  8    51.4  8  1012.8  8  9999.9  0    8.7  8    7.3  8   11.7  999.9    72.7    54.5   0.02E 999.9  010000 
127720 99999  19880504    62.4  7    52.0  7  1013.7  7  9999.9  0    8.3  7    2.8  7    5.8  999.9    72.0    53.2   0.03E 999.9  010000 
127720 99999  19880505    59.1  8    55.3  8  1014.3  8  9999.9  0    3.1  8    1.5  8    1.9  999.9    66.4    54.7   0.75F 999.9  010000 
127720 99999  19880506    58.6  8    54.1  8  1018.9  8  9999.9  0    2.2  8    1.9  8    3.9  999.9    63.3    52.7   0.04E 999.9  010000 
127720 99999  19880507    56.5  8    47.3  8  1025.0  8  9999.9  0    5.1  8    1.7  8    3.9  999.9    68.4    42.1   0.00D 999.9  100000 
127720 99999  19880508    57.8  8    44.3  8  1025.3  8  9999.9  0    9.2  8    2.2  8    3.9  999.9    68.0    48.6   0.00D 999.9  000000 
127720 99999  19880509    56.5  8    42.4  8  1019.5  8  9999.9  0    8.2  8    3.4  8    7.8  999.9    68.7    40.1   0.00D 999.9  000000 
127720 99999  19880510    54.4  8    42.1  8  1015.2  8  9999.9  0    6.0  8    2.9  8    3.9  999.9    64.2    40.1   0.00E 999.9  010000 
127720 99999  19880511    52.2  8    42.7  8  1016.6  8  9999.9  0   10.4  8    2.9  8    3.9  999.9    63.3    41.0   0.04E 999.9  000000 
127720 99999  19880512    55.5  8    46.1  8  1016.5  8  9999.9  0    4.6  8    2.2  8    3.9  999.9    72.0    39.6   0.00E 999.9  010000 
127720 99999  19880513    60.8  8    47.3  8  1016.2  8  9999.9  0    6.6  8    2.9  8    5.8  999.9    73.0    48.6   0.00D 999.9  000000 
127720 99999  19880514    59.9  8    46.1  8  1016.6  8  9999.9  0    7.1  8    1.9  8    3.9  999.9    74.1    41.2   0.00D 999.9  000000 
127720 99999  19880515    63.7  8    45.5  8  1013.3  8  9999.9  0    8.2  8    2.7  8    5.8  999.9    75.0    51.1   0.00D 999.9  000000 

















































































































































































































































































































































































































































































































































































































































































































































































































































































































































































