127720 99999  19860216    30.6  8    27.9  8  1013.6  8  9999.9  0    6.4  8    1.9  8    3.9  999.9    35.6    25.3   0.04E   0.8  001000 
127720 99999  19860217    30.2  8    28.6  8  1006.1  8  9999.9  0    1.5  8    1.9  8    3.9  999.9    32.5    28.2   0.24F   3.5  001000 
127720 99999  19860218    31.1  8    29.7  8  1002.8  8  9999.9  0    1.2  8    1.5  8    5.8  999.9    34.2    28.6   0.28F   7.5  001000 
127720 99999  19860219    34.7  8    33.2  8  1005.3  8  9999.9  0    1.3  8    1.5  8    3.9  999.9    36.3*   31.6   0.00E   4.3  000000 
127720 99999  19860220    33.3  8    30.3  8  1004.4  8  9999.9  0    0.9  8    2.2  8    3.9  999.9    36.5    29.1*  0.04E   3.1  110000 
127720 99999  19860221    24.7  7    21.3  7  1011.3  7  9999.9  0    1.2  7    0.0  7  999.9  999.9    27.0*   23.4*  0.00E   3.1  001000 
127720 99999  19860222    25.7  8    22.5  8  1014.4  8  9999.9  0    1.3  8    0.5  8    1.9  999.9    31.3    21.7*  0.00D   3.1  000000 
127720 99999  19860223    24.3  7    21.5  7  1010.7  7  9999.9  0    0.4  7    0.6  7    1.9  999.9    31.8    14.4   0.00D   3.1  101000 
127720 99999  19860224    20.7  7    13.1  7  1012.0  7  9999.9  0    2.9  7    4.7  7    5.8  999.9    26.4*   10.4*  0.16E   4.7  001000 
127720 99999  19860225    15.1  8     7.8  8  1020.0  8  9999.9  0    1.7  8    2.9  8    3.9  999.9    30.6    -1.7   0.00D   3.9  000000 
127720 99999  19860226    15.0  9     7.0  9  1029.9  9  9999.9  0    5.6  9    4.3  9   11.7  999.9    27.0     7.9   0.00D   3.9  000000 
127720 99999  19860227    11.0  8     2.3  8  1037.2  8  9999.9  0    2.9  8    0.5  8    1.9  999.9    26.4    -3.6   0.00D   3.9  100000 
127720 99999  19860228    10.7  8     6.9  8  1035.7  8  9999.9  0    0.9  8    1.0  8    3.9  999.9    26.8    -1.7   0.00D   3.9  100000 
127720 99999  19860301    16.7  8    12.4  8  1032.1  8  9999.9  0    0.7  8    0.7  8    3.9  999.9    29.8     2.1   0.00D   3.9  100000 
127720 99999  19860302    26.3  8    23.6  8  1016.8  8  9999.9  0    1.0  8    0.0  8  999.9  999.9    27.9*   24.6*  0.24F   5.5  001000 
127720 99999  19860303    29.6  8    26.0  8  1015.4  8  9999.9  0    1.0  8    0.0  8  999.9  999.9    34.5    25.2   0.03E   5.5  101000 
127720 99999  19860304    32.0  8    30.9  8  1015.2  8  9999.9  0    0.7  8    0.0  8  999.9  999.9    34.2    29.8   0.09F   3.9  111000 
127720 99999  19860305    33.3  8    31.5  8  1017.2  8  9999.9  0    0.6  8    2.4  8    5.8  999.9    37.4    32.2   0.00E   2.8  100000 
127720 99999  19860306    31.0  8    30.0  8  1020.5  8  9999.9  0    0.5  8    3.4  8    5.8  999.9    32.7    29.7*  0.00D   2.4  100000 
127720 99999  19860307    33.6  8    31.8  8  1020.0  8  9999.9  0    0.3  8    1.2  8    1.9  999.9    45.5    27.1*  0.00D   1.2  100000 
127720 99999  19860308    37.3  8    33.0  8  1020.9  8  9999.9  0    1.1  8    1.7  8    1.9  999.9    44.2    30.7   0.00D   1.2  100000 
127720 99999  19860309    38.0  8    33.3  8  1019.8  8  9999.9  0    1.3  8    2.2  8    3.9  999.9    52.5    29.5   0.00D 999.9  100000 
127720 99999  19860310    38.3  8    32.6  8  1022.0  8  9999.9  0    1.3  8    0.7  8    1.9  999.9    54.7    29.8*  0.00D 999.9  100000 
127720 99999  19860311    35.4  8    33.2  8  1025.3  8  9999.9  0    1.3  8    1.5  8    3.9  999.9    44.4    29.3*  0.00D 999.9  100000 
127720 99999  19860312    39.6  8    35.9  8  1023.7  8  9999.9  0    1.4  8    1.2  8    1.9  999.9    50.9    32.2   0.00F 999.9  110000 
127720 99999  19860313    38.5  8    35.3  8  1023.3  8  9999.9  0    0.7  8    0.5  8    1.9  999.9    50.7    32.5   0.00D 999.9  100000 
127720 99999  19860314    39.7  8    36.2  8  1027.8  8  9999.9  0    1.1  8    0.7  8    1.9  999.9    46.4    32.4   0.00E 999.9  110000 
127720 99999  19860315    41.0  8    36.8  8  1030.5  8  9999.9  0    1.0  8    1.0  8    3.9  999.9    52.9    32.9   0.00E 999.9  100000 
127720 99999  19860316    37.1  8    30.0  8  1032.7  8  9999.9  0    5.5  8    3.2  8   11.7  999.9    46.2    31.6   0.00D 999.9  000000 
127720 99999  19860317    36.3  8    27.0  8  1032.1  8  9999.9  0    6.1  8    1.7  8    1.9  999.9    49.3    24.6   0.00D 999.9  000000 
127720 99999  19860318    35.0  8    25.7  8  1028.5  8  9999.9  0    4.2  8    2.2  8    3.9  999.9    46.0    22.6   0.00D 999.9  000000 
127720 99999  19860319    37.2  8    25.4  8  1026.7  8  9999.9  0    4.4  8    2.4  8    5.8  999.9    52.7    22.6   0.00D 999.9  000000 
127720 99999  19860320    33.9  8    31.6  8  1027.9  8  9999.9  0    2.0  8    2.7  8    5.8  999.9    36.1    29.5   0.01E 999.9  010000 
127720 99999  19860321    34.7  8    32.3  8  1024.8  8  9999.9  0    1.2  8    1.5  8    1.9  999.9    43.0    24.4   0.01E 999.9  111000 
127720 99999  19860322    35.4  8    31.8  8  1026.3  8  9999.9  0    0.9  8    1.9  8    3.9  999.9    46.4    29.1   0.02E 999.9  100000 
127720 99999  19860323    36.1  8    31.0  8  1017.6  8  9999.9  0    2.0  8    3.9  8    9.7  999.9    49.5    23.0   0.00E 999.9  110000 
127720 99999  19860324    46.2  8    35.5  8  1005.8  8  9999.9  0    9.7  8    7.8  8   13.6  999.9    54.3    39.7   0.01E 999.9  010000 
127720 99999  19860325    45.2  8    42.0  8   999.3  8  9999.9  0    3.6  8    5.6  8    9.7  999.9    49.6    41.0*  0.08F 999.9  010000 
127720 99999  19860326    42.0  8    37.3  8  1011.3  8  9999.9  0    1.9  8    2.4  8    3.9  999.9    53.1    32.4   0.00D 999.9  100000 
127720 99999  19860327    46.6  8    39.9  8  1019.8  8  9999.9  0    1.5  8    1.9  8    3.9  999.9    57.9    36.0   0.00D 999.9  100000 
127720 99999  19860328    45.5  8    38.4  8  1023.1  8  9999.9  0    2.7  8    2.9  8    9.7  999.9    61.5    29.7   0.00D 999.9  100000 
127720 99999  19860329    51.3  8    42.5  8  1014.7  8  9999.9  0    3.0  8    3.9  8    7.8  999.9    69.1    36.0   0.00D 999.9  000000 
127720 99999  19860330    49.4  8    40.1  8  1012.1  8  9999.9  0    4.0  8    3.4  8    3.9  999.9    64.4    35.6   0.00D 999.9  000000 
127720 99999  19860331    49.0  8    38.1  8  1011.2  8  9999.9  0    9.1  8    3.4  8    5.8  999.9    59.2    31.3   0.00D 999.9  000000 
127720 99999  19870216    35.2  8    33.7  8  1006.6  8  9999.9  0    0.6  8    0.0  8  999.9  999.9    37.8    34.2   0.16F 999.9  010000 
127720 99999  19870217    35.2  8    34.6  8  1007.8  8  9999.9  0    0.0  8    0.0  8  999.9  999.9    38.3    31.3*  0.08F 999.9  110000 
127720 99999  19870218    35.1  8    34.1  8  1009.3  8  9999.9  0    0.2  8    0.0  8  999.9  999.9    41.0    30.2   0.00D 999.9  110000 
127720 99999  19870219    36.0  8    35.5  8  1014.2  8  9999.9  0    0.2  8    0.0  8  999.9  999.9    37.6    34.5   0.02F 999.9  110000 
127720 99999  19870220    41.2  7    37.0  7  1012.4  7  9999.9  0    2.4  7    0.0  7  999.9  999.9    50.4    35.4   0.05F 999.9  010000 
127720 99999  19870221    39.4  8    36.0  8  1013.0  8  9999.9  0    1.8  8    0.0  8  999.9  999.9    51.8    30.9   0.01E 999.9  100000 
127720 99999  19870222    32.8  8    31.7  8  1014.0  8  9999.9  0    0.7  8    0.0  8  999.9  999.9    43.2    27.7   0.02E 999.9  110000 
127720 99999  19870223    30.4  8    25.8  8  1013.3  8  9999.9  0    3.8  8    1.0  8    5.8  999.9    39.7    19.0*  0.12E   1.6  101000 
127720 99999  19870224    21.1  8    12.1  8  1025.3  8  9999.9  0    8.2  8    0.2  8    1.9  999.9    34.3     8.6   0.00D   1.2  000000 
127720 99999  19870225    25.1  8    15.0  8  1025.7  8  9999.9  0    4.4  8    1.0  8    3.9  999.9    37.9    14.2   0.00D 999.9  000000 
127720 99999  19870226    25.5  7    17.8  7  1028.2  7  9999.9  0    4.5  7    0.3  7    1.9  999.9    40.3    16.3   0.00D 999.9  000000 
127720 99999  19870227    26.1  8    15.0  8  1029.7  8  9999.9  0    6.1  8    2.2  8   13.6  999.9    35.6    14.4   0.00D 999.9  000000 
127720 99999  19870228    30.4  8    27.6  8  1015.5  8  9999.9  0    1.6  8    0.7  8    1.9  999.9    32.9    27.7   0.00F 999.9  001000 
127720 99999  19870301    29.6  8    21.1  8  1020.3  8  9999.9  0    3.6  8    2.4  8    5.8  999.9    31.6    24.3*  0.00F 999.9  001000 
127720 99999  19870302    22.3  8    10.4  7  1016.3  8  9999.9  0    8.9  8    1.7  8    3.9  999.9    27.7    19.2   0.00C 999.9  001000 
127720 99999  19870303    14.7  8     1.9  8  1017.2  8  9999.9  0   11.9  8    7.0  8   13.6  999.9    23.9     8.2   0.00D 999.9  000000 
127720 99999  19870304    15.1  7     4.2  7  1024.6  7  9999.9  0    3.3  7    1.1  7    3.9  999.9    27.1     4.1   0.00D 999.9  000000 
127720 99999  19870305    18.0  8     9.7  8  1027.7  8  9999.9  0    2.4  8    0.7  8    3.9  999.9    29.5     6.8   0.00D 999.9  000000 
127720 99999  19870306    19.1  8     8.6  8  1026.7  8  9999.9  0    4.1  8    2.4  8    5.8  999.9    28.4     7.9   0.00D 999.9  000000 
127720 99999  19870307    18.0  8    11.8  8  1024.4  8  9999.9  0    3.1  8    0.3  7    1.9  999.9    22.6    12.6*  0.05F 999.9  001000 
127720 99999  19870308    18.7  7    12.1  7  1027.2  7  9999.9  0    1.9  7    0.8  7    1.9  999.9    28.0     3.2   0.00E 999.9  101000 
127720 99999  19870309    24.0  8    16.4  8  1023.3  7  9999.9  0    3.4  8    4.6  8    7.8  999.9    31.8    14.9   0.03E 999.9  001000 
127720 99999  19870310    26.5  8    19.4  8  1026.2  8  9999.9  0    3.4  8    1.7  8    3.9  999.9    32.9    20.8*  0.01F 999.9  001000 
127720 99999  19870311    21.8  8    12.7  8  1030.1  8  9999.9  0    3.1  8    1.9  8    5.8  999.9    37.6    10.9   0.00D 999.9  000000 
127720 99999  19870312    23.1  8     7.0  8  1029.3  8  9999.9  0    7.3  8    4.7  7    5.8  999.9    36.0     8.8   0.00D 999.9  000000 
127720 99999  19870313    26.0  8    13.6  8  1026.5  8  9999.9  0    6.5  8    4.1  8    7.8  999.9    37.8    17.8   0.00D 999.9  000000 
127720 99999  19870314    26.2  8    13.5  8  1024.8  8  9999.9  0    6.4  8    1.5  8    3.9  999.9    37.2    12.9   0.00D 999.9  000000 
127720 99999  19870315    26.6  7    15.0  7  1021.1  7  9999.9  0    2.3  7    0.6  7    1.9  999.9    41.9    12.2   0.00D 999.9  000000 
127720 99999  19870316    28.6  8    19.2  8  1012.8  8  9999.9  0    2.2  8    1.7  8    5.8  999.9    39.2    14.0   0.00D 999.9  000000 
127720 99999  19870317    31.5  8    25.7  8  1012.5  7  9999.9  0    2.2  8    0.5  8    1.9  999.9    41.9    21.2   0.00D 999.9  000000 
127720 99999  19870318    29.8  8    26.4  8  1012.0  8  9999.9  0    1.6  8    2.2  8    5.8  999.9    39.9    18.9   0.00E 999.9  101000 
127720 99999  19870319    36.1  8    29.8  8  1005.9  8  9999.9  0    2.1  8    1.5  8    5.8  999.9    43.5    28.4   0.00F 999.9  010000 
127720 99999  19870320    35.9  8    34.4  8  1002.5  8  9999.9  0    1.0  8    0.5  8    3.9  999.9    43.7    32.2   0.43F 999.9  111000 
127720 99999  19870321    38.3  8    26.6  8  1014.8  8  9999.9  0    5.9  8    2.4  8    5.8  999.9    47.1    31.3   0.00D 999.9  000000 
127720 99999  19870322    35.3  8    27.5  8  1022.4  8  9999.9  0    2.9  8    1.0  8    3.9  999.9    48.0    24.3   0.00D 999.9  000000 
127720 99999  19870323    40.6  8    30.2  8  1018.6  8  9999.9  0    3.0  8    1.7  8    3.9  999.9    64.8*   28.4   0.00D 999.9  000000 
127720 99999  19870324    38.7  8    30.5  8  1015.6  8  9999.9  0    1.3  8    0.7  8    3.9  999.9    52.7    25.9   0.00D 999.9  010000 
127720 99999  19870325    42.8  8    40.0  8  1013.0  8  9999.9  0    0.8  8    0.5  8    1.9  999.9    48.0    35.6   0.04E 999.9  110000 
127720 99999  19870326    46.9  7    42.1  7  1014.3  7  9999.9  0    1.2  7    0.8  7    3.9  999.9    55.9*   39.6*  0.00D 999.9  110000 
127720 99999  19870327    49.4  8    44.1  8  1015.9  8  9999.9  0    1.2  8    1.7  8    3.9  999.9    60.4    36.7   0.00E 999.9  110000 
127720 99999  19870328    52.6  7    45.0  7  1006.0  7  9999.9  0    2.7  7    4.4  7    9.7  999.9    58.8    45.7   0.00E 999.9  000000 
127720 99999  19870329    47.0  8    45.0  8  1002.2  8  9999.9  0    1.5  8    1.7  7    5.8  999.9    50.9    40.6*  0.24F 999.9  010000 
127720 99999  19870330    40.7  8    35.3  8  1013.6  8  9999.9  0    3.6  8    8.0  8   11.7  999.9    43.2    37.4*  0.43F 999.9  010000 
127720 99999  19870331    39.8  7    35.8  7  1015.2  7  9999.9  0    3.3  7    4.4  7    9.7  999.9    40.6    37.2   1.30F 999.9  010000 
127720 99999  19880216    30.5  8    26.9  8  1032.3  8  9999.9  0    1.4  8    2.4  8    3.9  999.9    43.9    21.9   0.00D 999.9  000000 
127720 99999  19880217    29.5  8    26.3  8  1021.1  8  9999.9  0    1.4  8    2.4  8    3.9  999.9    32.5    26.2   0.00D 999.9  100000 
127720 99999  19880218    32.6  8    28.7  8  1012.9  8  9999.9  0    1.5  8    1.5  8    3.9  999.9    41.5    27.7   0.00E 999.9  001000 
127720 99999  19880219    34.5  8    30.7  8  1010.1  8  9999.9  0    1.8  8    1.5  8    1.9  999.9    39.0    29.3   0.02E 999.9  011000 
127720 99999  19880220    32.1  7    24.1  7  1016.7  7  9999.9  0    3.1  7    5.0  7    9.7  999.9    37.0*   22.3*  0.03E 999.9  011000 
127720 99999  19880221    27.5  8    12.3  7  1030.3  7  9999.9  0    6.2  8    3.4  8    5.8  999.9    36.0    19.0   0.00D 999.9  000000 
127720 99999  19880222    29.8  7    24.7  7  1021.7  7  9999.9  0    2.3  7    3.3  7    5.8  999.9    34.7    19.0   0.01E 999.9  001000 
127720 99999  19880223    31.2  7    28.4  7  1015.6  7  9999.9  0    1.0  7    3.6  7    5.8  999.9    34.0*   28.4   0.00D 999.9  000000 
127720 99999  19880224    33.3  8    30.9  8  1004.8  8  9999.9  0    1.1  8    2.7  8    5.8  999.9    36.0    31.8   0.06F   0.4  001000 
127720 99999  19880225    33.9  6    32.2  6   999.3  6  9999.9  0    0.9  6    3.2  6    3.9  999.9    36.3*   31.6   0.28E   1.6  111000 
127720 99999  19880226    36.8  7    33.0  7  1006.0  7  9999.9  0    1.3  7    3.3  7    7.8  999.9    42.8    32.0   0.00F   1.2  110000 
127720 99999  19880227    40.5  8    35.6  8  1005.8  8  9999.9  0    3.4  8    4.6  8    7.8  999.9    44.4*   35.4*  0.05F 999.9  010000 
127720 99999  19880228    34.0  8    30.9  8  1002.6  8  9999.9  0    1.7  8    3.6  8    7.8  999.9    36.0*   32.2   0.05F 999.9  111000 
127720 99999  19880229    36.0  8    26.1  8   995.7  8  9999.9  0   12.1  8    7.0  8   15.5  999.9    40.6    31.3*  0.00D 999.9  000000 
127720 99999  19880301    33.4  8    26.0  8   993.6  8  9999.9  0    7.9  8    2.2  8    5.8  999.9    41.0    25.9   0.00D 999.9  000000 
127720 99999  19880302    31.8  7    25.9  7  1001.6  7  9999.9  0    4.7  7    3.3  7    5.8  999.9    42.4    25.9   0.00E 999.9  001000 
127720 99999  19880303    30.1  8    22.7  8  1011.4  8  9999.9  0    2.5  8    2.2  8    3.9  999.9    38.3    23.0   0.00F 999.9  001000 
127720 99999  19880304    30.6  8    25.6  8  1011.6  8  9999.9  0    1.9  8    2.7  8    5.8  999.9    41.4    20.8   0.00D 999.9  000000 
127720 99999  19880305    38.1  8    32.1  8  1009.8  8  9999.9  0    2.3  8    3.4  8    5.8  999.9    49.8    28.2   0.00E 999.9  000000 
127720 99999  19880306    37.2  8    35.4  8  1009.3  8  9999.9  0    1.4  8    2.4  8    3.9  999.9    41.0*   33.8*  0.31F 999.9  010000 
127720 99999  19880307    31.8  8    28.2  8  1008.6  8  9999.9  0    1.8  8    1.0  8    3.9  999.9    39.2    24.1   0.00D 999.9  000000 
127720 99999  19880308    36.7  8    31.3  8  1006.7  8  9999.9  0    2.4  8    2.7  8    5.8  999.9    44.2    30.2   0.00D 999.9  000000 
127720 99999  19880309    39.5  9    30.4  9  1013.6  9  9999.9  0    4.7  9    7.6  9   13.6  999.9    46.4*   35.1*  0.00E 999.9  010000 
127720 99999  19880310    36.7  8    27.2  8  1020.8  8  9999.9  0    5.1  8    5.8  8    9.7  999.9    44.6    30.6*  0.00D 999.9  000000 
127720 99999  19880311    33.6  8    28.7  8  1017.5  8  9999.9  0    1.8  8    1.2  8    1.9  999.9    43.0    25.2   0.01E 999.9  010000 
127720 99999  19880312    34.2  8    30.2  8  1008.0  8  9999.9  0    5.2  8    6.1  8   13.6  999.9    41.7    28.8   0.08F 999.9  001000 
127720 99999  19880313    34.5  8    20.9  8  1007.8  8  9999.9  0   19.0  8    7.5  8   11.7  999.9    39.6    30.2   0.00D 999.9  000000 
127720 99999  19880314    37.1  8    31.4  8  1005.7  8  9999.9  0    6.8  8    4.1  8    7.8  999.9    45.0    31.6   0.00E 999.9  001000 
127720 99999  19880315    37.0  8    26.4  8  1013.4  8  9999.9  0    5.0  8    2.7  8    5.8  999.9    45.1    23.7   0.00D 999.9  100000 
127720 99999  19880316    45.4  7    38.0  7  1002.4  7  9999.9  0    4.9  7    5.0  7    9.7  999.9    52.9    38.5*  0.01E 999.9  010000 
127720 99999  19880317    47.5  8    36.3  8   996.1  8  9999.9  0   12.3  8    5.1  8    9.7  999.9    54.5*   39.7   0.00E 999.9  010000 
127720 99999  19880318    40.1  8    24.6  8  1007.7  8  9999.9  0    9.7  8    4.4  8    5.8  999.9    48.6    29.5   0.00D 999.9  000000 
127720 99999  19880319    32.2  8    23.2  8  1020.1  8  9999.9  0    2.7  8    1.7  8    3.9  999.9    42.8    24.4   0.00D 999.9  000000 
127720 99999  19880320    31.7  7    24.0  7  1021.6  7  9999.9  0    4.9  7    3.6  7    9.7  999.9    43.9    18.5   0.00E 999.9  011000 
127720 99999  19880321    37.9  8    35.8  8  1011.3  8  9999.9  0    1.2  8    4.6  8   19.4  999.9    43.2    35.4   0.03F 999.9  010000 
127720 99999  19880322    38.8  8    34.6  7  1013.0  8  9999.9  0    1.5  8    1.9  8    1.9  999.9    42.8    35.6   0.02F 999.9  010000 
127720 99999  19880323    42.3  8    40.7  8  1012.1  8  9999.9  0    1.5  8    2.2  8    3.9  999.9    46.0    37.6   0.20F 999.9  110000 
127720 99999  19880324    41.5  7    39.8  7  1014.3  7  9999.9  0    0.9  7    0.8  7    3.9  999.9    50.2    36.5   0.08F 999.9  110000 
127720 99999  19880325    44.1  6    39.3  6  1010.1  6  9999.9  0    3.1  6    1.9  6    3.9  999.9    50.5*   35.8   0.12E 999.9  110000 
127720 99999  19880326    47.4  7    38.3  7  1005.2  7  9999.9  0    9.9  7    4.9  6   11.7  999.9    55.0    43.5   0.04E 999.9  010000 
127720 99999  19880327    45.2  8    36.4  8  1008.6  8  9999.9  0    4.8  8    3.2  8    5.8  999.9    54.5    37.8   0.00D 999.9  000000 
127720 99999  19880328    43.3  8    34.7  8  1011.1  8  9999.9  0    6.7  8    6.8  8   11.7  999.9    53.8    32.4   0.00D 999.9  010000 
127720 99999  19880329    45.1  8    36.9  8  1013.8  8  9999.9  0    5.6  8    8.5  8   11.7  999.9    52.7    41.4*  0.04E 999.9  010000 
127720 99999  19880330    44.8  8    35.9  8  1014.5  8  9999.9  0    4.5  8    2.7  8    5.8  999.9    58.3    29.3   0.00D 999.9  000000 
127720 99999  19880331    45.0  7    40.1  7  1013.3  7  9999.9  0    1.7  7    1.7  7    3.9  999.9    59.0    34.5   0.01E 999.9  010000 

































































































































































































































































































































































































































































































































































































































































































































































































































































































































































