0,594545454545455 0,692631578947368 -0,712 0,428571428571429 0,642857142857143 -1 1 -1 -1 -1 -1 1 -1 1 -1 0,626363636363636 0,658947368421052 -0,712 0,441269841269841 0,655555555555556 -1 1 -1 -1 -1 -1 0,502727272727273 0,632631578947367 0,184 0,353174603174603 0,567460317460317 -1 -1 -1 -1 -1 -1 0,537272727272727 0,7 -1 0,355555555555556 0,56984126984127 -1 1 -1 -1 -1 -1 0,547272727272727 0,686315789473685 -0,608 0,408730158730159 0,623015873015873 -1 -1 -1 -1 -1 -1 
0,586363636363636 0,642105263157895 -0,376 0,426984126984127 0,641269841269841 -1 1 -1 -1 -1 -1 1 -1 -1 1 0,612727272727273 0,577894736842105 -0,32 0,464285714285714 0,678571428571429 -1 -1 -1 -1 -1 -1 0,464545454545455 0,745263157894736 -0,632 0,337301587301587 0,551587301587302 -1 -1 -1 -1 -1 -1 0,549090909090909 0,679999999999999 -0,96 0,348412698412698 0,562698412698413 -1 1 -1 -1 -1 -1 0,531818181818182 0,665263157894737 -0,344 0,414285714285714 0,628571428571429 -1 -1 -1 -1 -1 -1 
0,602727272727273 0,625263157894738 -0,728 0,437301587301587 0,651587301587301 -1 -1 -1 -1 -1 -1 -1 1 -1 1 0,557272727272727 0,604210526315789 -1 0,392857142857143 0,607142857142857 -1 1 -1 -1 -1 -1 0,48 0,702105263157895 -0,336 0,335714285714286 0,55 -1 -1 -1 -1 -1 -1 0,603636363636364 0,664210526315788 -0,904 0,41984126984127 0,634126984126984 -1 1 -1 -1 -1 -1 0,57 0,632631578947367 -0,688 0,414285714285714 0,628571428571429 -1 1 -1 -1 -1 -1 
0,614545454545455 0,64421052631579 -0,744 0,434126984126984 0,648412698412698 -1 -1 -1 -1 -1 -1 1 -1 -1 1 0,644545454545455 0,64 -0,848 0,428571428571429 0,642857142857143 -1 1 1 -1 -1 -1 0,553636363636364 0,678947368421053 -0,608 0,418253968253968 0,632539682539683 -1 1 1 -1 -1 -1 0,623636363636364 0,668421052631579 -1 0,453968253968254 0,668253968253968 -1 -1 -1 -1 -1 -1 0,594545454545455 0,630526315789475 -0,664 0,41984126984127 0,634126984126984 -0,936 1 -1 -1 -1 -1 
0,676363636363636 0,638947368421053 -0,896 0,514285714285714 0,728571428571429 -0,996 1 1 -1 -1 -1 -1 1 1 -1 0,67 0,616842105263158 -0,648 0,5 0,714285714285714 -1 1 1 -1 -1 -1 0,58 0,666315789473684 -0,592 0,43015873015873 0,644444444444444 -1 1 1 -1 -1 -1 0,600909090909091 0,670526315789474 -1 0,421428571428571 0,635714285714286 -1 1 -1 -1 -1 -1 0,627272727272727 0,642105263157895 -0,656 0,474603174603175 0,688888888888889 -1 -1 -1 -1 -1 -1 
0,675454545454545 0,627368421052631 -0,552 0,524603174603175 0,738888888888889 -1 1 -1 -1 -1 -1 -1 1 -1 1 0,652727272727273 0,634736842105263 -0,48 0,481746031746032 0,696031746031746 -1 -1 1 -1 -1 -1 0,582727272727273 0,654736842105264 -0,808 0,434126984126984 0,648412698412698 -0,984 1 1 -1 -1 -1 0,610909090909091 0,663157894736842 -0,984 0,411111111111111 0,625396825396825 -1 1 -1 -1 -1 -1 0,642727272727273 0,613684210526315 -0,712 0,46984126984127 0,684126984126984 -1 1 -1 -1 -1 -1 
0,654545454545455 0,614736842105263 -0,712 0,503968253968254 0,718253968253968 -1 1 -1 -1 -1 -1 -1 1 1 -1 0,615454545454545 0,58421052631579 -0,36 0,48015873015873 0,694444444444444 -1 -1 1 -1 -1 -1 0,571818181818182 0,645263157894736 -0,472 0,432539682539683 0,646825396825397 -1 1 1 -1 -1 -1 0,624545454545455 0,650526315789473 -0,848 0,473015873015873 0,687301587301587 -1 1 -1 -1 -1 -1 0,637272727272727 0,589473684210526 -0,448 0,451587301587302 0,665873015873016 -1 1 1 -1 -1 -1 
0,608181818181818 0,56421052631579 -0,456 0,485714285714286 0,7 -1 -1 -1 -1 -1 -1 1 -1 1 -1 0,630909090909091 0,524210526315789 -0,288 0,537301587301587 0,751587301587302 -1 -1 1 -1 -1 -1 0,59 0,62 -0,136 0,435714285714286 0,65 -0,972 1 1 -1 -1 -1 0,602727272727273 0,629473684210526 -0,784 0,474603174603175 0,688888888888889 -1 1 1 -1 -1 -1 0,649090909090909 0,526315789473684 -0,456 0,507142857142857 0,721428571428571 -1 -1 1 -1 -1 -1 
0,597272727272727 0,585263157894737 -0,744 0,453174603174603 0,667460317460317 -1 -1 -1 -1 -1 -1 -1 1 1 -1 0,617272727272727 0,567368421052631 -0,504 0,474603174603175 0,688888888888889 -1 -1 1 -1 -1 -1 0,589090909090909 0,627368421052631 -0,2 0,446031746031746 0,66031746031746 -0,992 1 1 -1 -1 -1 0,588181818181818 0,610526315789474 -1 0,46031746031746 0,674603174603175 -1 -1 1 -1 -1 -1 0,615454545454545 0,569473684210527 -0,424 0,418253968253968 0,632539682539683 -1 -1 1 -1 -1 -1 
0,579090909090909 0,536842105263158 -0,312 0,441269841269841 0,655555555555556 -1 -1 -1 -1 -1 -1 1 -1 1 -1 0,601818181818182 0,463157894736842 -0,0479999999999999 0,487301587301587 0,701587301587302 -1 -1 1 -1 -1 -1 0,583636363636364 0,642105263157895 -0,128 0,451587301587302 0,665873015873016 -0,992 -1 1 -1 -1 -1 0,588181818181818 0,572631578947368 -0,944 0,45 0,664285714285714 -0,992 -1 1 -1 -1 -1 0,582727272727273 0,539999999999999 -0,2 0,418253968253968 0,632539682539683 -1 1 1 -1 -1 -1 
0,662727272727273 0,546315789473684 -0,304 0,524603174603175 0,738888888888889 -1 -1 -1 -1 -1 -1 -1 1 1 -1 0,712727272727273 0,566315789473684 -0,728 0,528571428571429 0,742857142857143 -0,968 -1 1 -1 -1 -1 0,665454545454546 0,457894736842105 -0,416 0,518253968253968 0,732539682539682 -0,964 -1 1 -1 -1 -1 0,673636363636364 0,58 -0,896 0,498412698412698 0,712698412698413 -1 -1 -1 -1 -1 -1 0,664545454545454 0,497894736842105 -0,224 0,511111111111111 0,725396825396825 -0,968 -1 1 -1 -1 -1 
0,684545454545455 0,538947368421053 -0,512 0,508730158730159 0,723015873015873 -0,668 -1 1 -1 -1 -1 -1 1 1 -1 0,676363636363636 0,557894736842105 -0,512 0,508730158730159 0,723015873015873 -0,624 -1 1 -1 -1 -1 0,647272727272727 0,510526315789474 -0,336 0,496825396825397 0,711111111111111 -0,984 -1 1 -1 -1 -1 0,7 0,562105263157895 -0,784 0,524603174603175 0,738888888888889 -1 1 -1 -1 -1 -1 0,648181818181818 0,552631578947368 -0,672 0,462698412698413 0,676984126984127 -0,996 -1 1 -1 -1 -1 
0,639090909090909 0,587368421052631 -0,576 0,492857142857143 0,707142857142857 -1 -1 -1 -1 -1 -1 -1 1 1 -1 0,671818181818182 0,517894736842106 -0,352 0,481746031746032 0,696031746031746 -1 -1 -1 -1 -1 -1 0,614545454545455 0,570526315789474 -0,28 0,453174603174603 0,667460317460317 -0,992 -1 1 -1 -1 -1 0,682727272727273 0,578947368421053 -0,744 0,496825396825397 0,711111111111111 -1 -1 -1 -1 -1 -1 0,606363636363636 0,603157894736842 -0,712 0,425396825396825 0,63968253968254 -1 1 -1 -1 -1 -1 
0,684545454545455 0,466315789473684 -0,4 0,491269841269841 0,705555555555556 -1 -1 -1 -1 -1 -1 -1 1 1 -1 0,679090909090909 0,43578947368421 -0,8 0,496031746031746 0,71031746031746 -0,992 1 1 -1 -1 -1 0,571818181818182 0,583157894736842 -0,456 0,41031746031746 0,624603174603175 -1 -1 -1 -1 -1 -1 0,727272727272727 0,505263157894737 -0,656 0,574603174603175 0,788888888888889 -1 -1 1 -1 -1 -1 0,643636363636364 0,474736842105263 -0,456 0,471428571428571 0,685714285714286 -1 -1 -1 -1 -1 -1 
0,690909090909091 0,427368421052632 -0,472 0,531746031746032 0,746031746031746 -0,86 -1 1 -1 -1 -1 -1 1 1 -1 0,665454545454546 0,395789473684211 -0,648 0,503968253968254 0,718253968253968 -0,952 -1 1 -1 -1 -1 0,631818181818182 0,531578947368421 0,144 0,48015873015873 0,694444444444444 -0,996 -1 1 -1 -1 -1 0,708181818181818 0,46 -0,768 0,55 0,764285714285714 -0,952 -1 1 -1 -1 -1 0,69 0,417894736842106 -0,416 0,518253968253968 0,732539682539682 -0,86 -1 1 -1 -1 -1 
0,592727272727273 0,521052631578947 -0,264 0,444444444444444 0,658730158730159 -1 -1 -1 -1 -1 -1 1 -1 1 -1 0,637272727272727 0,430526315789473 0,224 0,464285714285714 0,678571428571429 -1 -1 -1 -1 -1 -1 0,564545454545455 0,585263157894737 -0,184 0,41984126984127 0,634126984126984 -0,968 1 -1 -1 -1 -1 0,589090909090909 0,578947368421053 -0,744 0,41984126984127 0,634126984126984 -1 1 -1 -1 -1 -1 0,6 0,489473684210526 -0,0640000000000001 0,423015873015873 0,637301587301587 -1 1 -1 -1 -1 -1 
0,611818181818182 0,454736842105264 -0,24 0,492857142857143 0,707142857142857 -1 -1 -1 -1 -1 -1 -1 1 1 -1 0,656363636363636 0,406315789473684 -0,728 0,498412698412698 0,712698412698413 -0,968 -1 1 -1 -1 -1 0,572727272727273 0,552631578947368 0,344 0,432539682539683 0,646825396825397 -1 -1 -1 -1 -1 -1 0,61 0,496842105263158 -0,304 0,468253968253968 0,682539682539683 -0,996 -1 1 -1 -1 -1 0,640909090909091 0,433684210526316 -0,264 0,484126984126984 0,698412698412698 -0,992 -1 1 -1 -1 -1 
0,607272727272727 0,446315789473684 -0,32 0,481746031746032 0,696031746031746 -0,968 -1 1 -1 -1 -1 -1 1 1 -1 0,609090909090909 0,412631578947369 -0,336 0,446825396825397 0,661111111111111 -1 -1 -1 -1 -1 -1 0,63 0,486315789473685 0,128 0,462698412698413 0,676984126984127 -0,904 -1 1 -1 -1 -1 0,634545454545455 0,481052631578948 -0,592 0,503174603174603 0,717460317460317 -0,888 1 1 -1 -1 -1 0,623636363636364 0,404210526315789 -0,2 0,482539682539682 0,696825396825397 -0,86 -1 1 -1 -1 -1 
0,641818181818182 0,475789473684211 -0,664 0,48015873015873 0,694444444444444 -0,98 -1 1 -1 -1 -1 -1 1 1 -1 0,598181818181818 0,463157894736842 -0,648 0,426984126984127 0,641269841269841 -1 -1 -1 -1 -1 -1 0,636363636363636 0,532631578947369 -0,336 0,471428571428571 0,685714285714286 -0,996 -1 -1 -1 -1 -1 0,642727272727273 0,457894736842105 -0,784 0,478571428571429 0,692857142857143 -1 -1 1 -1 -1 -1 0,588181818181818 0,481052631578948 -0,768 0,425396825396825 0,63968253968254 -0,968 1 1 -1 -1 -1 
0,663636363636364 0,425263157894737 -0,4 0,482539682539682 0,696825396825397 -0,964 1 1 -1 -1 -1 -1 1 1 -1 0,6 0,44421052631579 -0,2 0,438888888888889 0,653174603174603 -0,796 -1 1 -1 -1 -1 0,647272727272727 0,552631578947368 -0,224 0,498412698412698 0,712698412698413 -1 -1 1 -1 -1 -1 0,703636363636364 0,387368421052631 -0,672 0,531746031746032 0,746031746031746 -0,764 1 1 -1 -1 -1 0,612727272727273 0,489473684210526 -0,336 0,425396825396825 0,63968253968254 -0,764 -1 1 -1 -1 -1 
0,570909090909091 0,673684210526316 -0,688 0,432539682539683 0,646825396825397 -0,992 1 -1 -1 -1 -1 -1 1 1 -1 0,575454545454545 0,637894736842104 -0,592 0,405555555555556 0,61984126984127 -1 1 -1 -1 -1 -1 0,438181818181818 0,683157894736843 -0,688 0,317460317460317 0,531746031746032 -1 -1 -1 -1 -1 -1 0,588181818181818 0,641052631578948 -0,648 0,474603174603175 0,688888888888889 -0,992 -1 -1 -1 -1 -1 0,548181818181818 0,662105263157896 -0,576 0,391269841269841 0,605555555555556 -1 1 -1 -1 -1 -1 
0,612727272727273 0,583157894736842 -0,648 0,431746031746032 0,646031746031746 -1 -1 -1 -1 -1 -1 -1 -1 -1 -1 0,566363636363636 0,550526315789473 -0,688 0,367460317460317 0,581746031746032 -1 1 -1 -1 -1 -1 0,526363636363636 0,624210526315789 -0,112 0,391269841269841 0,605555555555556 -1 -1 -1 -1 -1 -1 0,648181818181818 0,610526315789474 -0,808 0,518253968253968 0,732539682539682 -1 -1 -1 -1 -1 -1 0,586363636363636 0,556842105263158 -0,36 0,434126984126984 0,648412698412698 -1 -1 -1 -1 -1 -1 
0,66 0,495789473684211 -0,416 0,512698412698413 0,726984126984127 -1 -1 1 -1 -1 -1 -1 1 1 -1 0,62 0,488421052631579 -0,168 0,438888888888889 0,653174603174603 -0,984 -1 1 -1 -1 -1 0,646363636363636 0,486315789473685 -0,2 0,458730158730159 0,673015873015873 -1 1 1 -1 -1 -1 0,672727272727273 0,531578947368421 -0,672 0,515873015873016 0,73015873015873 -1 1 1 -1 -1 -1 0,634545454545455 0,434736842105263 0,032 0,453174603174603 0,667460317460317 -1 -1 -1 -1 -1 -1 
0,620909090909091 0,527368421052632 -0,536 0,476984126984127 0,691269841269841 -1 -1 1 -1 -1 -1 -1 1 -1 1 0,617272727272727 0,534736842105263 -0,2 0,482539682539682 0,696825396825397 -1 -1 1 -1 -1 -1 0,628181818181818 0,486315789473685 -0,648 0,471428571428571 0,685714285714286 -0,996 1 -1 -1 -1 -1 0,627272727272727 0,549473684210527 -0,688 0,521428571428571 0,735714285714286 -0,984 -1 1 -1 -1 -1 0,616363636363636 0,477894736842105 -0,512 0,461111111111111 0,675396825396825 -1 1 1 -1 -1 -1 
0,595454545454545 0,568421052631579 -0,0479999999999999 0,457142857142857 0,671428571428571 -0,952 -1 1 -1 -1 -1 1 -1 1 -1 0,655454545454545 0,624210526315789 -0,112 0,51984126984127 0,734126984126984 -1 -1 1 -1 -1 -1 0,596363636363636 0,484210526315789 -0,6 0,43968253968254 0,653968253968254 -1 1 -1 -1 -1 -1 0,591818181818182 0,608421052631578 -0,28 0,503174603174603 0,717460317460317 -0,984 -1 -1 -1 -1 -1 0,611818181818182 0,515789473684211 -0,4 0,46984126984127 0,684126984126984 -0,968 -1 1 -1 -1 -1 
0,646363636363636 0,54421052631579 -0,496 0,496031746031746 0,71031746031746 -1 -1 1 -1 -1 -1 -1 1 1 -1 0,678181818181818 0,538947368421053 -0,36 0,51031746031746 0,724603174603175 -0,98 -1 1 -1 -1 -1 0,533636363636364 0,522105263157895 -0,336 0,424603174603175 0,638888888888889 -0,996 -1 -1 -1 -1 -1 0,603636363636364 0,585263157894737 -0,624 0,503174603174603 0,717460317460317 -1 -1 -1 -1 -1 -1 0,633636363636364 0,495789473684211 -0,4 0,414285714285714 0,628571428571429 -0,984 1 1 -1 -1 -1 
0,676363636363636 0,562105263157895 -0,0479999999999999 0,51984126984127 0,734126984126984 -0,992 -1 1 -1 -1 -1 -1 1 1 -1 0,683636363636364 0,596842105263158 0,0720000000000001 0,542857142857143 0,757142857142857 -1 -1 1 -1 -1 -1 0,602727272727273 0,461052631578947 -0,088 0,437301587301587 0,651587301587301 -0,992 -1 1 -1 -1 -1 0,651818181818182 0,618947368421052 -0,728 0,501587301587302 0,715873015873016 -1 -1 -1 -1 -1 -1 0,677272727272727 0,484210526315789 0,00800000000000001 0,523015873015873 0,737301587301587 -0,888 -1 1 -1 -1 -1 
0,733636363636364 0,553684210526316 -0,144 0,553174603174603 0,767460317460318 -0,928 -1 1 -1 -1 -1 1 -1 -1 1 0,741818181818182 0,568421052631579 -0,168 0,596031746031746 0,81031746031746 -0,992 -1 1 -1 -1 -1 0,695454545454545 0,446315789473684 0,00800000000000001 0,505555555555556 0,71984126984127 -0,984 -1 1 -1 -1 -1 0,669090909090909 0,613684210526315 -0,744 0,503174603174603 0,717460317460317 -1 -1 -1 -1 -1 -1 0,736363636363636 0,477894736842105 -0,0479999999999999 0,558730158730159 0,773015873015873 -0,976 -1 1 -1 -1 -1 
0,729090909090909 0,541052631578947 -0,512 0,546825396825397 0,761111111111111 -1 -1 -1 -1 -1 -1 1 -1 -1 1 0,713636363636364 0,52 -0,456 0,581746031746032 0,796031746031746 -1 -1 -1 -1 -1 -1 0,722727272727273 0,482105263157894 -0,144 0,56984126984127 0,784126984126984 -0,992 -1 1 -1 -1 -1 0,666363636363636 0,598947368421052 -0,848 0,498412698412698 0,712698412698413 -1 1 -1 -1 -1 -1 0,727272727272727 0,485263157894737 -0,184 0,561111111111111 0,775396825396825 -0,92 -1 1 -1 -1 -1 
0,694545454545455 0,472631578947368 -0,496 0,532539682539683 0,746825396825397 -1 -1 -1 -1 -1 -1 1 -1 -1 1 0,673636363636364 0,451578947368421 -0,168 0,503968253968254 0,718253968253968 -1 -1 1 -1 -1 -1 0,715454545454545 0,492631578947368 -0,36 0,546825396825397 0,761111111111111 -1 1 -1 -1 -1 -1 0,657272727272727 0,525263157894737 -0,736 0,496825396825397 0,711111111111111 -1 1 -1 -1 -1 -1 0,685454545454546 0,437894736842106 -0,536 0,525396825396825 0,73968253968254 -1 -1 -1 -1 -1 -1 
0,603636363636364 0,626315789473684 -0,512 0,453968253968254 0,668253968253968 -1 -1 1 -1 -1 -1 1 -1 -1 1 0,626363636363636 0,589473684210526 -0,592 0,467460317460317 0,681746031746032 -1 -1 -1 -1 -1 -1 0,564545454545455 0,635789473684211 -0,168 0,391269841269841 0,605555555555556 -0,968 -1 1 -1 -1 -1 0,584545454545454 0,656842105263159 -0,776 0,458730158730159 0,673015873015873 -1 -1 -1 -1 -1 -1 0,582727272727273 0,585263157894737 -0,32 0,401587301587302 0,615873015873016 -1 -1 -1 -1 -1 -1 
0,62 0,536842105263158 -0,464 0,48968253968254 0,703968253968254 -1 -1 -1 -1 -1 -1 1 -1 -1 1 0,649090909090909 0,458947368421053 -0,456 0,515873015873016 0,73015873015873 -1 -1 -1 -1 -1 -1 0,601818181818182 0,635789473684211 -0,664 0,441269841269841 0,655555555555556 -1 1 -1 -1 -1 -1 0,634545454545455 0,562105263157895 -0,168 0,514285714285714 0,728571428571429 -1 -1 1 -1 -1 -1 0,579090909090909 0,568421052631579 -0,424 0,394444444444444 0,608730158730159 -0,968 -1 1 -1 -1 -1 
0,661818181818182 0,482105263157894 -0,336 0,525396825396825 0,73968253968254 -1 -1 -1 -1 -1 -1 1 -1 -1 1 0,697272727272727 0,396842105263158 -0,36 0,517460317460318 0,731746031746032 -1 -1 -1 -1 -1 -1 0,63 0,569473684210527 0,0880000000000001 0,481746031746032 0,696031746031746 -0,996 -1 1 -1 -1 -1 0,643636363636364 0,538947368421053 -0,288 0,537301587301587 0,751587301587302 -1 -1 -1 -1 -1 -1 0,641818181818182 0,468421052631579 -0,536 0,45 0,664285714285714 -1 1 -1 -1 -1 -1 
0,680909090909091 0,438947368421053 -0,36 0,551587301587302 0,765873015873016 -1 -1 -1 -1 -1 -1 1 -1 1 -1 0,690909090909091 0,416842105263158 -0,488 0,51031746031746 0,724603174603175 -0,984 -1 1 -1 -1 -1 0,634545454545455 0,5 0,304 0,503174603174603 0,717460317460317 -1 -1 -1 -1 -1 -1 0,673636363636364 0,498947368421052 -0,336 0,546031746031746 0,76031746031746 -1 -1 -1 -1 -1 -1 0,681818181818182 0,402105263157895 -0,376 0,532539682539683 0,746825396825397 -1 -1 1 -1 -1 -1 
0,668181818181818 0,549473684210527 -0,376 0,496825396825397 0,711111111111111 -0,888 -1 1 -1 -1 -1 1 -1 1 -1 0,614545454545455 0,58 -0,608 0,481746031746032 0,696031746031746 -0,992 -1 1 -1 -1 -1 0,647272727272727 0,538947368421053 -0,2 0,503968253968254 0,718253968253968 -0,92 -1 1 -1 -1 -1 0,667272727272727 0,528421052631579 -0,624 0,544444444444444 0,758730158730159 -1 -1 -1 -1 -1 -1 0,6 0,550526315789473 -0,648 0,421428571428571 0,635714285714286 -0,996 -1 1 -1 -1 -1 
0,662727272727273 0,532631578947369 -0,632 0,455555555555556 0,66984126984127 -0,904 1 1 -1 -1 -1 1 -1 1 -1 0,662727272727273 0,508421052631578 -0,808 0,503968253968254 0,718253968253968 -1 1 1 -1 -1 -1 0,618181818181818 0,603157894736842 -0,144 0,468253968253968 0,682539682539683 -0,992 1 1 -1 -1 -1 0,687272727272727 0,538947368421053 -0,536 0,544444444444444 0,758730158730159 -1 1 1 -1 -1 -1 0,656363636363636 0,537894736842106 -0,648 0,507142857142857 0,721428571428571 -1 1 1 -1 -1 -1 
0,71 0,446315789473684 -0,44 0,551587301587302 0,765873015873016 -0,984 -1 1 -1 -1 -1 -1 -1 -1 -1 0,692727272727273 0,38 -0,632 0,515873015873016 0,73015873015873 -1 1 1 -1 -1 -1 0,661818181818182 0,515789473684211 -0,24 0,476984126984127 0,691269841269841 -0,968 1 1 -1 -1 -1 0,69 0,457894736842105 -0,424 0,553174603174603 0,767460317460318 -0,984 1 1 -1 -1 -1 0,694545454545455 0,448421052631579 -0,632 0,51031746031746 0,724603174603175 -0,968 1 1 -1 -1 -1 
0,677272727272727 0,393684210526316 -0,416 0,537301587301587 0,751587301587302 -1 -1 -1 -1 -1 -1 -1 1 -1 -1 0,6 0,341052631578947 -0,496 0,458730158730159 0,673015873015873 -1 -1 1 -1 -1 -1 0,658181818181818 0,477894736842105 0,112 0,511111111111111 0,725396825396825 -0,996 -1 1 -1 -1 -1 0,672727272727273 0,418947368421052 -0,536 0,544444444444444 0,758730158730159 -0,968 -1 -1 -1 -1 -1 0,665454545454546 0,366315789473684 -0,2 0,51031746031746 0,724603174603175 -0,984 -1 1 -1 -1 -1 
0,655454545454545 0,336842105263158 -0,336 0,515873015873016 0,73015873015873 -1 -1 -1 -1 -1 -1 1 -1 -1 1 0,617272727272727 0,278947368421053 -0,712 0,446825396825397 0,661111111111111 -1 -1 1 -1 -1 -1 0,683636363636364 0,43578947368421 -0,128 0,507142857142857 0,721428571428571 -0,988 -1 1 -1 -1 -1 0,665454545454546 0,35578947368421 -0,536 0,512698412698413 0,726984126984127 -1 1 1 -1 -1 -1 0,639090909090909 0,348421052631579 -0,648 0,425396825396825 0,63968253968254 -1 -1 -1 -1 -1 -1 
0,629090909090909 0,322105263157895 -0,304 0,468253968253968 0,682539682539683 -0,888 -1 1 -1 -1 -1 1 -1 -1 1 0,569090909090909 0,336842105263158 -0,00800000000000001 0,43015873015873 0,644444444444444 -0,996 -1 1 -1 -1 -1 0,632727272727273 0,376842105263157 0,00800000000000001 0,475396825396825 0,68968253968254 -0,984 -1 1 -1 -1 -1 0,606363636363636 0,350526315789473 0 0,51031746031746 0,724603174603175 -0,968 -1 1 -1 -1 -1 0,655454545454545 0,288421052631579 -0,376 0,491269841269841 0,705555555555556 -0,876 -1 1 -1 -1 -1 
0,69 0,458947368421053 -0,648 0,501587301587302 0,715873015873016 -0,984 1 1 -1 -1 -1 1 -1 1 -1 0,630909090909091 0,429473684210526 -0,672 0,488888888888889 0,703174603174603 -1 -1 -1 -1 -1 -1 0,654545454545455 0,509473684210526 -0,472 0,53015873015873 0,744444444444444 -1 -1 1 -1 -1 -1 0,743636363636364 0,474736842105263 -0,488 0,582539682539683 0,796825396825397 -1 -1 1 -1 -1 -1 0,659090909090909 0,448421052631579 -0,632 0,462698412698413 0,676984126984127 -1 1 -1 -1 -1 -1 
0,661818181818182 0,473684210526316 -0,744 0,474603174603175 0,688888888888889 -1 1 -1 -1 -1 -1 1 -1 1 -1 0,619090909090909 0,437894736842106 -0,824 0,434126984126984 0,648412698412698 -1 1 -1 -1 -1 -1 0,68 0,496842105263158 -0,416 0,523015873015873 0,737301587301587 -0,968 1 1 -1 -1 -1 0,703636363636364 0,486315789473685 -0,608 0,525396825396825 0,73968253968254 -0,984 1 1 -1 -1 -1 0,600909090909091 0,488421052631579 -1 0,43015873015873 0,644444444444444 -1 1 -1 -1 -1 -1 
0,666363636363636 0,488421052631579 -0,472 0,485714285714286 0,7 -1 1 -1 -1 -1 -1 1 -1 1 -1 0,634545454545455 0,394736842105263 -0,592 0,415873015873016 0,63015873015873 -1 1 -1 -1 -1 -1 0,662727272727273 0,54421052631579 -0,784 0,517460317460318 0,731746031746032 -0,952 1 1 -1 -1 -1 0,699090909090909 0,502105263157895 -0,512 0,488888888888889 0,703174603174603 -0,984 1 1 -1 -1 -1 0,633636363636364 0,504210526315789 -0,664 0,448412698412698 0,662698412698413 -1 1 -1 -1 -1 -1 
0,678181818181818 0,44 -0,448 0,526984126984127 0,741269841269841 -1 -1 -1 -1 -1 -1 1 -1 1 -1 0,632727272727273 0,422105263157895 -0,424 0,51984126984127 0,734126984126984 -1 -1 -1 -1 -1 -1 0,657272727272727 0,563157894736842 -0,088 0,515873015873016 0,73015873015873 -1 -1 -1 -1 -1 -1 0,711818181818182 0,43578947368421 -0,536 0,562698412698413 0,776984126984127 -1 -1 1 -1 -1 -1 0,667272727272727 0,446315789473684 -0,168 0,51984126984127 0,734126984126984 -0,992 -1 1 -1 -1 -1 
0,695454545454545 0,412631578947369 -0,712 0,525396825396825 0,73968253968254 -0,92 1 1 -1 -1 -1 1 -1 1 -1 0,628181818181818 0,5 -0,36 0,501587301587302 0,715873015873016 -1 -1 1 -1 -1 -1 0,639090909090909 0,524210526315789 0,144 0,511111111111111 0,725396825396825 -1 -1 1 -1 -1 -1 0,707272727272727 0,396842105263158 -0,568 0,501587301587302 0,715873015873016 -0,952 1 1 -1 -1 -1 0,658181818181818 0,452631578947368 -0,36 0,507142857142857 0,721428571428571 -0,7 -1 1 -1 -1 -1 
0,541818181818182 0,507368421052632 -0,632 0,387301587301587 0,601587301587302 -1 -1 1 -1 -1 -1 1 -1 -1 1 0,584545454545454 0,491578947368422 -0,52 0,412698412698413 0,626984126984127 -1 -1 1 -1 -1 -1 0,516363636363636 0,510526315789474 -0,24 0,388888888888889 0,603174603174603 -0,936 -1 -1 1 -1 -1 0,562727272727273 0,533684210526316 -0,784 0,425396825396825 0,63968253968254 -0,98 1 -1 -1 -1 -1 0,527272727272727 0,476842105263157 -0,584 0,38968253968254 0,603968253968254 -0,924 -1 -1 1 -1 -1 
0,565454545454545 0,384210526315789 -0,464 0,432539682539683 0,646825396825397 -1 -1 -1 1 -1 -1 1 -1 -1 1 0,595454545454545 0,316842105263158 0,0720000000000001 0,448412698412698 0,662698412698413 -0,92 -1 1 -1 -1 -1 0,525454545454545 0,451578947368421 -0,536 0,387301587301587 0,601587301587302 -1 -1 -1 -1 -1 -1 0,572727272727273 0,436842105263158 -0,504 0,43015873015873 0,644444444444444 -1 1 1 1 -1 -1 0,56 0,382105263157894 -0,544 0,408730158730159 0,623015873015873 -1 1 -1 1 -1 -1 
0,562727272727273 0,391578947368422 -0,32 0,426984126984127 0,641269841269841 -0,968 -1 1 1 -1 -1 1 -1 -1 1 0,596363636363636 0,46 -0,336 0,434126984126984 0,648412698412698 -0,984 -1 1 -1 -1 -1 0,53 0,389473684210526 -0,736 0,396031746031746 0,61031746031746 -0,952 -1 -1 1 -1 -1 0,549090909090909 0,430526315789473 -0,256 0,432539682539683 0,646825396825397 -1 -1 -1 -1 -1 -1 0,547272727272727 0,389473684210526 -0,592 0,417460317460317 0,631746031746032 -0,908 -1 -1 1 -1 -1 
0,560909090909091 0,432631578947369 -0,704 0,431746031746032 0,646031746031746 -0,98 -1 1 1 -1 -1 -1 1 -1 1 0,595454545454545 0,409473684210526 -0,584 0,425396825396825 0,63968253968254 -0,984 -1 1 -1 -1 -1 0,507272727272727 0,412631578947369 -0,624 0,35 0,564285714285714 -0,984 -1 -1 1 -1 -1 0,543636363636364 0,465263157894737 -0,664 0,4 0,614285714285714 -0,936 1 1 1 -1 -1 0,528181818181818 0,422105263157895 -0,624 0,382539682539683 0,596825396825397 -0,992 -1 -1 1 -1 -1 
0,55 0,539999999999999 -0,592 0,41031746031746 0,624603174603175 -0,984 -1 -1 1 -1 -1 1 -1 -1 1 0,632727272727273 0,515789473684211 -0,664 0,458730158730159 0,673015873015873 -1 1 1 -1 -1 -1 0,46 0,494736842105263 -0,464 0,317460317460317 0,531746031746032 -0,96 -1 -1 1 -1 -1 0,585454545454546 0,553684210526316 -0,656 0,412698412698413 0,626984126984127 -0,992 1 -1 -1 -1 -1 0,450909090909091 0,521052631578947 -0,72 0,308730158730159 0,523015873015873 -0,98 -1 -1 -1 -1 -1 
0,562727272727273 0,593684210526316 -0,768 0,394444444444444 0,608730158730159 -1 1 1 -1 -1 -1 1 -1 -1 1 0,572727272727273 0,548421052631579 -0,632 0,381746031746032 0,596031746031746 -1 1 -1 -1 -1 -1 0,500909090909091 0,623157894736843 -0,688 0,348412698412698 0,562698412698413 -1 -1 1 -1 -1 -1 0,594545454545455 0,616842105263158 -0,8 0,441269841269841 0,655555555555556 -0,996 1 1 -1 -1 -1 0,540909090909091 0,587368421052631 -0,768 0,38015873015873 0,594444444444444 -1 1 -1 -1 -1 -1 
0,59 0,515789473684211 -0,272 0,403174603174603 0,617460317460317 -1 -1 1 -1 -1 -1 -1 1 -1 1 0,617272727272727 0,533684210526316 -0,032 0,465873015873016 0,68015873015873 -0,888 -1 1 -1 -1 -1 0,54 0,538947368421053 -0,288 0,405555555555556 0,61984126984127 -1 -1 1 1 -1 -1 0,613636363636364 0,569473684210527 -0,472 0,465873015873016 0,68015873015873 -1 1 1 -1 -1 -1 0,563636363636364 0,474736842105263 -0,584 0,415873015873016 0,63015873015873 -0,888 1 1 1 -1 -1 
0,616363636363636 0,548421052631579 -0,28 0,476984126984127 0,691269841269841 -0,964 -1 1 -1 -1 -1 -1 1 1 -1 0,649090909090909 0,568421052631579 -0,096 0,496825396825397 0,711111111111111 -0,976 -1 1 -1 -1 -1 0,557272727272727 0,422105263157895 -0,024 0,41984126984127 0,634126984126984 -0,892 -1 -1 1 -1 -1 0,584545454545454 0,603157894736842 -0,312 0,511111111111111 0,725396825396825 -1 -1 -1 -1 -1 -1 0,597272727272727 0,489473684210526 -0,232 0,431746031746032 0,646031746031746 -0,936 -1 1 -1 -1 -1 
0,696363636363636 0,478947368421053 0,0959999999999999 0,482539682539682 0,696825396825397 -0,896 -1 1 -1 -1 -1 -1 1 1 -1 0,709090909090909 0,53578947368421 0,352 0,541269841269841 0,755555555555556 -1 -1 1 -1 -1 -1 0,571818181818182 0,418947368421052 -0,376 0,417460317460317 0,631746031746032 -0,968 -1 1 -1 -1 -1 0,657272727272727 0,56421052631579 -0,544 0,503968253968254 0,718253968253968 -1 -1 -1 -1 -1 -1 0,650909090909091 0,405263157894737 -0,168 0,471428571428571 0,685714285714286 -0,888 1 1 -1 -1 -1 
0,613636363636364 0,548421052631579 -0,344 0,43968253968254 0,653968253968254 -0,916 1 1 -1 -1 -1 1 -1 1 -1 0,668181818181818 0,556842105263158 -0,536 0,448412698412698 0,662698412698413 -1 -1 -1 -1 -1 -1 0,595454545454545 0,410526315789474 -0,0640000000000001 0,441269841269841 0,655555555555556 -0,928 -1 1 -1 -1 -1 0,670909090909091 0,572631578947368 -0,696 0,501587301587302 0,715873015873016 -1 1 -1 -1 -1 -1 0,610909090909091 0,498947368421052 -0,112 0,444444444444444 0,658730158730159 -0,944 -1 1 -1 -1 -1 
0,609090909090909 0,565263157894737 -0,544 0,448412698412698 0,662698412698413 -1 -1 1 -1 -1 -1 1 -1 1 -1 0,616363636363636 0,569473684210527 -0,52 0,476984126984127 0,691269841269841 -0,94 -1 1 -1 -1 -1 0,563636363636364 0,617894736842106 -0,632 0,414285714285714 0,628571428571429 -1 -1 -1 -1 -1 -1 0,581818181818182 0,494736842105263 -0,408 0,453174603174603 0,667460317460317 -0,876 -1 1 -1 -1 -1 0,592727272727273 0,62 -0,456 0,437301587301587 0,651587301587301 -1 1 -1 -1 -1 -1 
0,63 0,516842105263158 -0,04 0,476984126984127 0,691269841269841 -0,968 -1 1 -1 -1 -1 -1 -1 -1 -1 0,638181818181818 0,451578947368421 -0,248 0,478571428571429 0,692857142857143 -0,808 -1 1 -1 -1 -1 0,549090909090909 0,657894736842105 -0,448 0,396825396825397 0,611111111111111 -1 -1 -1 -1 -1 -1 0,627272727272727 0,461052631578947 -0,4 0,442857142857143 0,657142857142857 -0,656 -1 1 -1 -1 -1 0,595454545454545 0,594736842105263 -0,024 0,448412698412698 0,662698412698413 -1 -1 1 -1 -1 -1 
0,635454545454545 0,567368421052631 -0,448 0,458730158730159 0,673015873015873 -0,972 -1 1 -1 -1 -1 -1 1 1 -1 0,57 0,521052631578947 -0,368 0,425396825396825 0,63968253968254 -1 -1 -1 -1 -1 -1 0,591818181818182 0,652631578947368 -0,536 0,442857142857143 0,657142857142857 -1 -1 -1 -1 -1 -1 0,583636363636364 0,532631578947369 -0,672 0,41984126984127 0,634126984126984 -0,968 1 -1 -1 -1 -1 0,637272727272727 0,598947368421052 -0,384 0,473015873015873 0,687301587301587 -0,98 1 1 -1 -1 -1 
0,670909090909091 0,591578947368422 -0,48 0,534126984126984 0,748412698412698 -0,96 -1 1 -1 -1 -1 1 -1 1 -1 0,608181818181818 0,585263157894737 -0,68 0,418253968253968 0,632539682539683 -1 1 -1 -1 -1 -1 0,606363636363636 0,670526315789474 -0,536 0,43968253968254 0,653968253968254 -1 -1 -1 -1 -1 -1 0,672727272727273 0,568421052631579 -0,72 0,512698412698413 0,726984126984127 -1 -1 -1 -1 -1 -1 0,669090909090909 0,610526315789474 -0,504 0,512698412698413 0,726984126984127 -1 -1 1 -1 -1 -1 
0,656363636363636 0,591578947368422 -0,616 0,507142857142857 0,721428571428571 -1 1 -1 -1 -1 -1 -1 1 -1 -1 0,598181818181818 0,576842105263157 -0,784 0,43015873015873 0,644444444444444 -1 1 1 -1 -1 -1 0,621818181818182 0,592631578947368 -0,32 0,464285714285714 0,678571428571429 -1 -1 1 -1 -1 -1 0,683636363636364 0,591578947368422 -0,712 0,521428571428571 0,735714285714286 -1 -1 1 -1 -1 -1 0,661818181818182 0,548421052631579 -0,168 0,515873015873016 0,73015873015873 -1 -1 1 -1 -1 -1 
0,584545454545454 0,634736842105263 -0,4 0,446031746031746 0,66031746031746 -1 -1 1 -1 -1 -1 1 -1 -1 1 0,675454545454545 0,605263157894737 -0,632 0,508730158730159 0,723015873015873 -1 -1 1 -1 -1 -1 0,58 0,69578947368421 -0,712 0,38968253968254 0,603968253968254 -1 -1 -1 -1 -1 -1 0,606363636363636 0,647368421052632 -0,776 0,451587301587302 0,665873015873016 -1 -1 -1 -1 -1 -1 0,596363636363636 0,624210526315789 -0,384 0,448412698412698 0,662698412698413 -1 -1 1 -1 -1 -1 
0,638181818181818 0,698947368421054 -0,712 0,475396825396825 0,68968253968254 -1 -1 1 -1 -1 -1 1 -1 1 -1 0,627272727272727 0,678947368421053 -0,68 0,441269841269841 0,655555555555556 -1 -1 1 -1 -1 -1 0,580909090909091 0,690526315789473 -0,672 0,403968253968254 0,618253968253968 -1 1 -1 -1 -1 -1 0,624545454545455 0,690526315789473 -0,784 0,512698412698413 0,726984126984127 -1 -1 -1 -1 -1 -1 0,644545454545455 0,675789473684211 -0,408 0,442857142857143 0,657142857142857 -0,944 1 1 -1 -1 -1 
0,638181818181818 0,672631578947369 -0,648 0,465873015873016 0,68015873015873 -1 1 1 -1 -1 -1 1 -1 -1 1 0,672727272727273 0,643157894736841 -0,736 0,467460317460317 0,681746031746032 -0,988 -1 1 -1 -1 -1 0,614545454545455 0,7 -0,664 0,461111111111111 0,675396825396825 -0,992 1 1 -1 -1 -1 0,640909090909091 0,675789473684211 -0,856 0,496825396825397 0,711111111111111 -1 -1 -1 -1 -1 -1 0,601818181818182 0,681052631578948 -0,616 0,431746031746032 0,646031746031746 -1 1 1 -1 -1 -1 
0,654545454545455 0,691578947368422 -0,848 0,471428571428571 0,685714285714286 -1 1 -1 -1 -1 -1 -1 1 1 -1 0,650909090909091 0,676842105263157 -0,656 0,446825396825397 0,661111111111111 -1 -1 -1 -1 -1 -1 0,576363636363636 0,70421052631579 -0,728 0,415873015873016 0,63015873015873 -1 1 -1 -1 -1 -1 0,628181818181818 0,692631578947368 -0,752 0,496031746031746 0,71031746031746 -1 -1 -1 -1 -1 -1 0,65 0,687368421052631 -0,76 0,471428571428571 0,685714285714286 -0,948 1 1 -1 -1 -1 
0,646363636363636 0,683157894736843 -0,608 0,485714285714286 0,7 -1 1 -1 -1 -1 -1 -1 1 1 -1 0,615454545454545 0,642105263157895 -0,512 0,442857142857143 0,657142857142857 -1 1 -1 -1 -1 -1 0,589090909090909 0,725263157894738 -0,752 0,438888888888889 0,653174603174603 -0,996 1 -1 -1 -1 -1 0,608181818181818 0,684210526315789 -0,744 0,471428571428571 0,685714285714286 -1 -1 -1 -1 -1 -1 0,66 0,7 -0,632 0,511111111111111 0,725396825396825 -1 1 -1 -1 -1 -1 
0,647272727272727 0,425263157894737 -0,184 0,434126984126984 0,648412698412698 -0,912 -1 1 -1 -1 -1 -1 1 -1 1 0,674545454545455 0,458947368421053 -0,184 0,546031746031746 0,76031746031746 -0,988 -1 -1 -1 -1 -1 0,57 0,410526315789474 -0,752 0,401587301587302 0,615873015873016 -1 1 -1 -1 -1 -1 0,637272727272727 0,493684210526316 -0,552 0,484126984126984 0,698412698412698 -1 -1 -1 -1 -1 -1 0,624545454545455 0,371578947368421 -0,336 0,432539682539683 0,646825396825397 -0,916 -1 1 1 -1 -1 
0,695454545454545 0,528421052631579 -0,472 0,508730158730159 0,723015873015873 -1 -1 1 -1 -1 -1 1 -1 -1 1 0,701818181818182 0,525263157894737 -0,44 0,548412698412698 0,762698412698413 -1 -1 -1 -1 -1 -1 0,591818181818182 0,463157894736842 -0,48 0,396031746031746 0,61031746031746 -1 1 1 -1 -1 -1 0,667272727272727 0,576842105263157 -0,68 0,511111111111111 0,725396825396825 -1 -1 -1 -1 -1 -1 0,675454545454545 0,477894736842105 -0,24 0,507142857142857 0,721428571428571 -0,876 -1 1 -1 -1 -1 
0,671818181818182 0,54421052631579 -0,648 0,48015873015873 0,694444444444444 -1 1 -1 -1 -1 -1 1 -1 -1 1 0,673636363636364 0,502105263157895 -0,576 0,455555555555556 0,66984126984127 -1 -1 -1 -1 -1 -1 0,640909090909091 0,496842105263158 -0,464 0,491269841269841 0,705555555555556 -0,968 -1 -1 -1 -1 -1 0,646363636363636 0,588421052631579 -0,816 0,481746031746032 0,696031746031746 -1 1 1 -1 -1 -1 0,687272727272727 0,508421052631578 -0,472 0,481746031746032 0,696031746031746 -1 1 1 -1 -1 -1 
0,677272727272727 0,551578947368421 -0,672 0,48968253968254 0,703968253968254 -1 1 -1 -1 -1 -1 1 -1 -1 1 0,679090909090909 0,510526315789474 -0,728 0,467460317460317 0,681746031746032 -1 -1 -1 -1 -1 -1 0,555454545454545 0,604210526315789 -0,712 0,41031746031746 0,624603174603175 -1 1 -1 -1 -1 -1 0,664545454545454 0,572631578947368 -0,712 0,517460317460318 0,731746031746032 -1 1 -1 -1 -1 -1 0,65 0,543157894736842 -0,632 0,474603174603175 0,688888888888889 -1 1 -1 -1 -1 -1 
0,667272727272727 0,576842105263157 -0,536 0,498412698412698 0,712698412698413 -1 -1 -1 -1 -1 -1 1 -1 -1 1 0,671818181818182 0,547368421052632 -0,904 0,5 0,714285714285714 -1 1 -1 -1 -1 -1 0,539090909090909 0,671578947368421 -0,224 0,407142857142857 0,621428571428571 -1 -1 -1 -1 -1 -1 0,659090909090909 0,598947368421052 -0,712 0,521428571428571 0,735714285714286 -1 -1 -1 -1 -1 -1 0,674545454545455 0,581052631578948 -0,336 0,505555555555556 0,71984126984127 -1 1 -1 -1 -1 -1 
0,563636363636364 0,572631578947368 -0,552 0,428571428571429 0,642857142857143 -1 -1 -1 -1 -1 -1 1 -1 -1 1 0,600909090909091 0,525263157894737 -0,144 0,481746031746032 0,696031746031746 -1 -1 -1 -1 -1 -1 0,579090909090909 0,536842105263158 -0,288 0,441269841269841 0,655555555555556 -1 -1 -1 -1 -1 -1 0,585454545454546 0,616842105263158 -0,616 0,481746031746032 0,696031746031746 -1 -1 -1 -1 -1 -1 0,586363636363636 0,524210526315789 -0,32 0,442857142857143 0,657142857142857 -1 1 -1 -1 -1 -1 
0,59 0,485263157894737 -0,608 0,434126984126984 0,648412698412698 -1 -1 -1 -1 -1 -1 1 -1 -1 1 0,628181818181818 0,443157894736842 -0,24 0,505555555555556 0,71984126984127 -0,996 -1 1 -1 -1 -1 0,566363636363636 0,493684210526316 -0,304 0,414285714285714 0,628571428571429 -1 1 -1 -1 -1 -1 0,59 0,53578947368421 -0,744 0,468253968253968 0,682539682539683 -1 -1 -1 -1 -1 -1 0,596363636363636 0,437894736842106 -0,336 0,435714285714286 0,65 -0,992 -1 1 -1 -1 -1 
0,625454545454545 0,484210526315789 -0,512 0,446031746031746 0,66031746031746 -1 -1 -1 -1 -1 -1 1 -1 -1 1 0,676363636363636 0,44421052631579 -0,28 0,525396825396825 0,73968253968254 -1 -1 1 -1 -1 -1 0,56 0,471578947368421 -0,336 0,41031746031746 0,624603174603175 -1 -1 1 -1 -1 -1 0,61 0,554736842105264 -0,704 0,467460317460317 0,681746031746032 -1 1 -1 -1 -1 -1 0,657272727272727 0,417894736842106 -0,2 0,474603174603175 0,688888888888889 -0,98 -1 1 -1 -1 -1 
0,645454545454546 0,482105263157894 -0,488 0,496031746031746 0,71031746031746 -1 -1 -1 -1 -1 -1 1 -1 -1 1 0,677272727272727 0,437894736842106 -0,288 0,555555555555556 0,76984126984127 -0,992 -1 1 -1 -1 -1 0,633636363636364 0,476842105263157 -0,272 0,442857142857143 0,657142857142857 -0,992 -1 1 -1 -1 -1 0,657272727272727 0,543157894736842 -0,584 0,5 0,714285714285714 -1 1 -1 -1 -1 -1 0,675454545454545 0,424210526315789 -0,224 0,531746031746032 0,746031746031746 -0,96 -1 -1 -1 -1 -1 
0,666363636363636 0,514736842105263 -0,664 0,514285714285714 0,728571428571429 -0,988 -1 1 -1 -1 -1 1 -1 -1 1 0,636363636363636 0,474736842105263 -0,312 0,528571428571429 0,742857142857143 -1 -1 -1 -1 -1 -1 0,615454545454545 0,507368421052632 -0,424 0,474603174603175 0,688888888888889 -0,992 -1 1 -1 -1 -1 0,657272727272727 0,543157894736842 -0,672 0,498412698412698 0,712698412698413 -1 1 -1 -1 -1 -1 0,658181818181818 0,475789473684211 -0,376 0,503174603174603 0,717460317460317 -1 -1 -1 -1 -1 -1 
0,610909090909091 0,434736842105263 -0,4 0,432539682539683 0,646825396825397 -0,868 -1 1 1 -1 -1 1 -1 -1 1 0,638181818181818 0,471578947368421 -0,088 0,51031746031746 0,724603174603175 -0,988 -1 1 -1 -1 -1 0,521818181818182 0,482105263157894 -0,0640000000000001 0,388888888888889 0,603174603174603 -1 -1 -1 -1 -1 -1 0,555454545454545 0,489473684210526 -0,44 0,465873015873016 0,68015873015873 -1 -1 -1 -1 -1 -1 0,605454545454545 0,386315789473685 -0,512 0,438888888888889 0,653174603174603 -0,948 1 1 1 -1 -1 
0,605454545454545 0,394736842105263 -0,44 0,455555555555556 0,66984126984127 -0,984 -1 1 -1 -1 -1 1 -1 1 -1 0,618181818181818 0,378947368421053 0,00800000000000001 0,48015873015873 0,694444444444444 -0,992 -1 1 -1 -1 -1 0,526363636363636 0,456842105263158 -0,0640000000000001 0,396031746031746 0,61031746031746 -1 1 1 -1 -1 -1 0,617272727272727 0,443157894736842 -0,536 0,475396825396825 0,68968253968254 -0,92 -1 1 -1 -1 -1 0,616363636363636 0,345263157894736 -0,32 0,453968253968254 0,668253968253968 -1 1 1 -1 -1 -1 
0,557272727272727 0,384210526315789 -0,32 0,408730158730159 0,623015873015873 -0,96 -1 1 1 -1 -1 1 -1 -1 1 0,563636363636364 0,423157894736843 0,00800000000000001 0,438888888888889 0,653174603174603 -0,968 -1 1 -1 -1 -1 0,563636363636364 0,374736842105263 -0,12 0,417460317460317 0,631746031746032 -0,844 -1 -1 1 -1 -1 0,527272727272727 0,423157894736843 -0,408 0,442857142857143 0,657142857142857 -0,936 -1 1 -1 -1 -1 0,560909090909091 0,312631578947369 0,00800000000000001 0,43015873015873 0,644444444444444 -0,944 -1 1 1 -1 -1 
0,520909090909091 0,385263157894737 -0,472 0,4 0,614285714285714 -0,992 -1 -1 1 -1 -1 1 -1 -1 1 0,566363636363636 0,389473684210526 -0,264 0,43015873015873 0,644444444444444 -0,876 -1 -1 1 -1 -1 0,551818181818182 0,334736842105263 -0,712 0,424603174603175 0,638888888888889 -0,684 -1 -1 1 -1 -1 0,530909090909091 0,415789473684211 -0,584 0,415873015873016 0,63015873015873 -0,996 -1 -1 1 -1 -1 0,536363636363636 0,342105263157895 -0,264 0,398412698412698 0,612698412698413 -0,996 -1 -1 1 -1 -1 
0,526363636363636 0,406315789473684 -0,496 0,36984126984127 0,584126984126984 -1 -1 -1 1 -1 -1 1 -1 -1 1 0,570909090909091 0,441052631578947 -0,168 0,434126984126984 0,648412698412698 -0,976 -1 1 1 -1 -1 0,48 0,343157894736842 -0,584 0,357142857142857 0,571428571428571 -0,904 -1 -1 1 -1 -1 0,504545454545455 0,443157894736842 -0,28 0,417460317460317 0,631746031746032 -0,956 -1 -1 -1 -1 -1 0,540909090909091 0,363157894736842 -0,376 0,408730158730159 0,623015873015873 -1 -1 -1 1 -1 -1 
0,541818181818182 0,48 -0,032 0,414285714285714 0,628571428571429 -0,976 -1 -1 1 -1 -1 -1 1 -1 1 0,535454545454545 0,576842105263157 0,104 0,432539682539683 0,646825396825397 -1 -1 1 1 -1 -1 0,54 0,341052631578947 -0,272 0,408730158730159 0,623015873015873 -0,972 -1 -1 1 -1 -1 0,453636363636364 0,55578947368421 0,224 0,426984126984127 0,641269841269841 -1 -1 -1 -1 -1 -1 0,549090909090909 0,422105263157895 -0,168 0,405555555555556 0,61984126984127 -0,9 -1 1 1 -1 -1 
0,499090909090909 0,593684210526316 -0,104 0,374603174603175 0,588888888888889 -0,968 -1 -1 -1 -1 -1 -1 1 -1 1 0,506363636363636 0,628421052631579 -0,496 0,392857142857143 0,607142857142857 -1 -1 -1 -1 -1 -1 0,499090909090909 0,433684210526316 0,0880000000000001 0,368253968253968 0,582539682539683 -0,972 -1 -1 1 -1 -1 0,439090909090909 0,64 -0,512 0,378571428571429 0,592857142857143 -1 -1 -1 -1 -1 -1 0,505454545454545 0,537894736842106 -0,224 0,353968253968254 0,568253968253968 -1 -1 -1 1 -1 -1 
0,460909090909091 0,536842105263158 -0,608 0,338888888888889 0,553174603174603 -1 -1 -1 -1 -1 -1 -1 1 1 -1 0,52 0,495789473684211 -0,576 0,381746031746032 0,596031746031746 -1 -1 -1 -1 -1 -1 0,494545454545455 0,458947368421053 -0,0640000000000001 0,36031746031746 0,574603174603175 -0,984 -1 -1 1 -1 -1 0,47 0,598947368421052 -0,84 0,324603174603175 0,538888888888889 -1 1 -1 -1 -1 -1 0,511818181818182 0,466315789473684 -0,184 0,358730158730159 0,573015873015873 -0,976 -1 -1 1 -1 -1 
0,520909090909091 0,427368421052632 -0,32 0,384126984126984 0,598412698412699 -0,968 -1 1 1 -1 -1 -1 1 -1 1 0,586363636363636 0,44 -0,128 0,437301587301587 0,651587301587301 -0,984 -1 1 -1 -1 -1 0,491818181818182 0,382105263157894 -0,432 0,373015873015873 0,587301587301587 -0,992 -1 -1 1 -1 -1 0,474545454545455 0,503157894736842 -0,784 0,311111111111111 0,525396825396825 -1 1 -1 1 -1 -1 0,555454545454545 0,371578947368421 -0,376 0,405555555555556 0,61984126984127 -0,996 1 1 1 -1 -1 
0,585454545454546 0,471578947368421 -0,496 0,438888888888889 0,653174603174603 -0,984 -1 1 -1 -1 -1 -1 1 1 -1 0,621818181818182 0,450526315789473 -0,376 0,482539682539682 0,696825396825397 -0,968 -1 1 -1 -1 -1 0,484545454545455 0,466315789473684 -0,56 0,314285714285714 0,528571428571429 -0,904 -1 -1 1 -1 -1 0,491818181818182 0,542105263157895 -0,912 0,341269841269841 0,555555555555556 -1 1 1 -1 -1 -1 0,580909090909091 0,438947368421053 -0,576 0,432539682539683 0,646825396825397 -0,992 1 -1 1 -1 -1 
0,603636363636364 0,451578947368421 -0,4 0,481746031746032 0,696031746031746 -1 -1 -1 -1 -1 -1 -1 -1 -1 -1 0,571818181818182 0,406315789473684 -0,0479999999999999 0,482539682539682 0,696825396825397 -1 -1 -1 -1 -1 -1 0,647272727272727 0,511578947368421 0,032 0,481746031746032 0,696031746031746 -0,968 1 1 -1 -1 -1 0,628181818181818 0,496842105263158 -0,52 0,468253968253968 0,682539682539683 -0,948 1 1 -1 -1 -1 0,614545454545455 0,411578947368421 0,024 0,487301587301587 0,701587301587302 -0,984 -1 1 -1 -1 -1 
0,605454545454545 0,463157894736842 -0,728 0,446031746031746 0,66031746031746 -0,98 1 1 -1 -1 -1 -1 1 1 -1 0,554545454545455 0,418947368421052 -0,304 0,424603174603175 0,638888888888889 -1 -1 -1 -1 -1 -1 0,650909090909091 0,515789473684211 -0,2 0,48968253968254 0,703968253968254 -1 -1 1 -1 -1 -1 0,631818181818182 0,467368421052631 -0,776 0,488888888888889 0,703174603174603 -1 1 1 -1 -1 -1 0,568181818181818 0,45578947368421 -0,552 0,417460317460317 0,631746031746032 -1 1 1 -1 -1 -1 
0,611818181818182 0,441052631578947 -0,608 0,446825396825397 0,661111111111111 -0,984 1 1 -1 -1 -1 -1 1 -1 1 0,572727272727273 0,390526315789474 -0,36 0,414285714285714 0,628571428571429 -1 -1 -1 -1 -1 -1 0,660909090909091 0,468421052631579 -0,56 0,492857142857143 0,707142857142857 -0,844 1 1 -1 -1 -1 0,640909090909091 0,445263157894736 -0,704 0,487301587301587 0,701587301587302 -1 1 1 -1 -1 -1 0,570909090909091 0,428421052631579 -0,304 0,415873015873016 0,63015873015873 -0,904 -1 1 -1 -1 -1 
0,640909090909091 0,349473684210527 -0,496 0,491269841269841 0,705555555555556 -0,836 1 1 -1 -1 -1 -1 1 1 -1 0,58 0,312631578947369 -0,592 0,405555555555556 0,61984126984127 -1 -1 -1 -1 -1 -1 0,671818181818182 0,365263157894737 0,032 0,491269841269841 0,705555555555556 -0,952 -1 1 -1 -1 -1 0,649090909090909 0,404210526315789 -0,4 0,496031746031746 0,71031746031746 -0,88 -1 1 -1 -1 -1 0,606363636363636 0,342105263157895 -0,456 0,415873015873016 0,63015873015873 -0,908 1 1 -1 -1 -1 
0,636363636363636 0,421052631578947 -0,536 0,468253968253968 0,682539682539683 -0,956 -1 1 -1 -1 -1 -1 1 1 -1 0,590909090909091 0,410526315789474 -0,688 0,412698412698413 0,626984126984127 -0,996 -1 1 -1 -1 -1 0,61 0,450526315789473 -0,336 0,46984126984127 0,684126984126984 -0,952 -1 1 -1 -1 -1 0,65 0,448421052631579 -0,648 0,496825396825397 0,711111111111111 -0,744 -1 1 -1 -1 -1 0,61 0,407368421052632 -0,608 0,462698412698413 0,676984126984127 -0,992 -1 1 -1 -1 -1 
0,533636363636364 0,646315789473685 -0,648 0,382539682539683 0,596825396825397 -1 -1 -1 -1 -1 -1 -1 1 1 -1 0,581818181818182 0,664210526315788 -0,432 0,418253968253968 0,632539682539683 -1 -1 1 -1 -1 -1 0,495454545454545 0,592631578947368 -0,2 0,396825396825397 0,611111111111111 -1 -1 -1 -1 -1 -1 0,512727272727273 0,665263157894737 -0,984 0,348412698412698 0,562698412698413 -1 -1 -1 -1 -1 -1 0,543636363636364 0,607368421052632 -0,416 0,38968253968254 0,603968253968254 -0,984 -1 1 -1 -1 -1 
0,593636363636364 0,578947368421053 -0,416 0,421428571428571 0,635714285714286 -0,952 -1 1 1 -1 -1 -1 -1 -1 -1 0,627272727272727 0,613684210526315 -0,088 0,5 0,714285714285714 -1 -1 1 -1 -1 -1 0,536363636363636 0,541052631578947 -0,24 0,394444444444444 0,608730158730159 -0,968 -1 -1 1 -1 -1 0,542727272727273 0,636842105263158 -0,976 0,35 0,564285714285714 -1 -1 -1 -1 -1 -1 0,588181818181818 0,525263157894737 -0,224 0,446031746031746 0,66031746031746 -1 -1 1 -1 -1 -1 
0,600909090909091 0,475789473684211 0,0880000000000001 0,464285714285714 0,678571428571429 -0,904 -1 1 -1 -1 -1 1 -1 -1 1 0,624545454545455 0,554736842105264 0,528 0,515873015873016 0,73015873015873 -1 -1 1 -1 -1 -1 0,556363636363636 0,421052631578947 -0,416 0,425396825396825 0,63968253968254 -0,944 1 -1 1 -1 -1 0,594545454545455 0,560000000000001 -0,608 0,408730158730159 0,623015873015873 -0,996 -1 -1 -1 -1 -1 0,58 0,384210526315789 0,24 0,431746031746032 0,646031746031746 -0,996 -1 1 -1 1 -1 
0,545454545454545 0,524210526315789 0,376 0,446825396825397 0,661111111111111 -1 -1 -1 -1 -1 -1 -1 1 1 -1 0,606363636363636 0,633684210526316 -0,12 0,48968253968254 0,703968253968254 -1 -1 -1 -1 -1 -1 0,557272727272727 0,385263157894737 -0,672 0,424603174603175 0,638888888888889 -0,952 -1 1 1 -1 -1 0,516363636363636 0,587368421052631 -0,712 0,423015873015873 0,637301587301587 -0,996 -1 -1 -1 -1 -1 0,544545454545455 0,490526315789474 0,376 0,428571428571429 0,642857142857143 -1 -1 1 1 -1 -1 
0,592727272727273 0,552631578947368 -0,576 0,442857142857143 0,657142857142857 -1 1 -1 -1 -1 -1 1 -1 -1 1 0,591818181818182 0,541052631578947 -0,56 0,464285714285714 0,678571428571429 -1 -1 -1 -1 -1 -1 0,520909090909091 0,551578947368421 -0,688 0,407142857142857 0,621428571428571 -0,996 -1 -1 -1 -1 -1 0,523636363636364 0,583157894736842 -0,944 0,357142857142857 0,571428571428571 -1 -1 -1 -1 -1 -1 0,568181818181818 0,529473684210526 -0,576 0,401587301587302 0,615873015873016 -1 1 -1 -1 -1 -1 
