121950 99999  19860101     8.2  8     5.2  8  1013.5  8  9999.9  0    4.3  8    2.4  8    3.9  999.9    14.0*    0.7   0.00G   0.8  001000 
121950 99999  19860102    17.0  7    14.4  7  1007.4  7  9999.9  0    2.3  7    5.6  7   11.7  999.9    22.5*    7.5  99.99    1.2  001000 
121950 99999  19860103    25.0  8    23.1  8  1003.0  8  9999.9  0    2.5  8    7.0  8    7.8  999.9    28.4*   21.2   0.00D   1.2  000000 
121950 99999  19860104    30.2  8    28.1  8  1004.4  8  9999.9  0    2.4  8    5.6  8    7.8  999.9    32.2    25.3   0.00B   1.2  000000 
121950 99999  19860105    22.6  8    17.9  7  1006.7  8  9999.9  0    4.7  8    6.3  8   11.7  999.9    29.5*   14.2*  0.00H   1.6  001000 
121950 99999  19860106    23.1  8    19.0  8  1006.2  8  9999.9  0    3.4  8    5.3  8    7.8  999.9    25.7    12.2   0.00G   1.2  001000 
121950 99999  19860107    27.6  8    22.9  7  1009.0  8  9999.9  0    2.4  8    2.9  8    5.8  999.9    29.5    25.2   0.00G   2.8  001000 
121950 99999  19860108    22.0  8    18.5  8  1010.6  8  9999.9  0    2.1  8    5.3  8    9.7  999.9    27.9*   17.2*  0.01G   3.1  001000 
121950 99999  19860109    18.2  8    14.3  8  1013.1  8  9999.9  0    2.4  8    9.0  8   13.6  999.9    22.5*   11.5   0.00G   3.5  001000 
121950 99999  19860110    22.3  8    18.5  8  1017.3  8  9999.9  0    4.8  8   10.4  8   19.4  999.9    24.6*   19.8  99.99    5.9  001000 
121950 99999  19860111    20.1  8    16.8  8  1009.9  8  9999.9  0    3.0  8    6.8  8    9.7  999.9    22.1*   18.9*  0.00G   6.7  001000 
121950 99999  19860112    31.6  8    30.0  8  1003.7  8  9999.9  0    3.3  8    8.0  8    9.7  999.9    32.9    20.3   0.01G   7.5  001000 
121950 99999  19860113    32.9  8    31.6  8   998.2  8  9999.9  0    2.4  8   10.4  8   13.6  999.9    34.5    32.5   0.00G   7.1  011000 
121950 99999  19860114    33.0  8    31.4  8   988.7  8  9999.9  0    2.5  8   11.2  8   11.7  999.9    33.8    32.2  99.99    4.7  011000 
121950 99999  19860115    32.7  8    31.4  7   984.0  8  9999.9  0    2.5  8   12.9  8   15.5  999.9    33.4*   31.5*  0.00G   5.5  001000 
121950 99999  19860116    26.0  8    22.8  8   998.1  8  9999.9  0    3.9  8    9.5  8   15.5  999.9    30.9*   19.8*  0.00G   7.1  001000 
121950 99999  19860117    14.4  8    10.7  8  1009.7  8  9999.9  0    6.2  8    2.9  8    3.9  999.9    21.9*    1.2* 99.99    7.5  001000 
121950 99999  19860118    17.7  8    15.3  8  1009.7  8  9999.9  0    5.3  8    9.2  8   13.6  999.9    23.4     0.7   0.00H   7.9  001000 
121950 99999  19860119    29.8  7    27.4  7   996.9  7  9999.9  0    6.2  7   10.8  7   11.7  999.9    33.8    22.1*  0.00G 999.9  001000 
121950 99999  19860120    31.7  8    29.4  8   987.7  8  9999.9  0    2.8  8   17.5  8   29.1  999.9    37.8    23.4*  0.00G   5.5  011000 
121950 99999  19860121    31.2  6    28.0  6  1009.0  6  9999.9  0    6.2  6   10.7  6   15.5  999.9    35.1    22.3*  0.00C 999.9  000000 
121950 99999  19860122    33.8  8    29.8  8  1005.0  8  9999.9  0    4.8  8   11.2  8   13.6  999.9    34.9    21.4   0.00H   5.9  001000 
121950 99999  19860123    34.6  8    30.6  8   996.4  8  9999.9  0    4.8  8   11.9  8   15.5  999.9    36.3    32.4*  0.00H   5.9  001000 
121950 99999  19860124    35.5  8    33.1  8   987.6  8  9999.9  0    2.4  8    9.5  8   15.5  999.9    37.0    33.3* 99.99    5.5  110000 
121950 99999  19860125    31.3  8    30.3  8   996.4  8  9999.9  0    1.1  8    4.6  8    9.7  999.9    32.7    29.1   0.00H   3.9  101000 
121950 99999  19860126    31.5  9    29.5  8   997.9  9  9999.9  0    2.3  9   11.2  9   13.6  999.9    32.4    29.3  99.99    7.5  001000 
121950 99999  19860127    29.8  7    27.2  7  1005.2  7  9999.9  0    4.5  7   10.5  7   13.6  999.9    33.4*   26.6* 99.99   11.0  001000 
121950 99999  19860128    23.0  8    20.4  8  1021.4  8  9999.9  0    3.9  8    8.3  8   11.7  999.9    25.7*   17.1*  0.00B  11.8  000000 
121950 99999  19860129    20.3  8    18.2  8  1027.4  8  9999.9  0    6.4  8    9.0  8   11.7  999.9    24.8    11.5   0.00D  11.8  000000 
121950 99999  19860130    25.7  8    23.1  8  1028.8  8  9999.9  0    2.5  8    8.0  8    9.7  999.9    27.5*   21.7   0.00G  11.8  001000 
121950 99999  19860131    26.2  8    23.9  8  1029.1  8  9999.9  0    3.0  8   10.2  8   13.6  999.9    27.3*   24.3*  0.00H  11.4  001000 
121950 99999  19860201    17.2  8    12.8  8  1030.8  8  9999.9  0    4.8  8   15.8  8   17.5  999.9    22.5*   12.9*  0.00D  11.8  000000 
121950 99999  19860202    11.5  8     4.7  8  1035.3  8  9999.9  0   10.1  8   10.9  8   15.5  999.9    18.5     7.5*  0.00D  11.4  000000 
121950 99999  19860203     7.6  8     1.6  8  1036.4  8  9999.9  0   12.4  8    7.3  8    9.7  999.9    12.9     4.1   0.00D  11.4  000000 
121950 99999  19860204     3.0  8    -1.4  8  1030.8  8  9999.9  0    5.4  8    0.5  8    1.9  999.9    11.5    -6.3   0.00D  11.0  000000 
121950 99999  19860205     5.9  8     1.5  8  1023.5  8  9999.9  0    4.3  8    3.4  8    7.8  999.9    12.6    -0.4*  0.00H   6.3  001000 
121950 99999  19860206     1.7  7    -3.0  7  1016.5  7  9999.9  0    4.1  7    7.2  7    9.7  999.9     4.6    -1.5   0.00H  11.0  001000 
121950 99999  19860207    -3.5  8    -7.6  8  1019.3  8  9999.9  0    3.4  8    7.8  8   11.7  999.9     1.0   -13.9*  0.00H  11.8  001000 
121950 99999  19860208     3.9  8    -0.1  8  1020.0  8  9999.9  0    2.5  8    4.4  8    5.8  999.9    15.1*  -13.9   0.00H  11.4  001000 
121950 99999  19860209    18.7  8    16.4  8  1021.9  8  9999.9  0    2.5  8    4.1  8    7.8  999.9    22.3    11.1   0.04G  11.4  001000 
121950 99999  19860210    10.8  8     6.9  8  1029.0  7  9999.9  0    4.8  8    3.6  8    5.8  999.9    16.2*    5.2   0.00G  11.8  000000 
121950 99999  19860211    10.4  8     2.1  8  1035.3  8  9999.9  0    6.2  8    3.9  8    5.8  999.9    21.0    -3.5   0.00D  11.4  000000 
121950 99999  19860212    10.9  8     4.3  8  1039.1  8  9999.9  0    5.7  8    3.9  8    5.8  999.9    19.2     3.9   0.00D  11.4  000000 
121950 99999  19860213    11.4  8     9.2  8  1032.5  8  9999.9  0    2.2  8    1.5  8    3.9  999.9    17.2    -3.5   0.00H  11.4  101000 
121950 99999  19860214    15.2  8    11.2  8  1032.0  8  9999.9  0    5.2  8    6.3  8    9.7  999.9    19.0    10.9   0.00G  11.4  001000 
121950 99999  19860215    13.1  8     7.2  8  1033.1  8  9999.9  0    6.2  8    7.3  8   11.7  999.9    23.0    -0.8   0.00D  11.4  000000 
121950 99999  19861211    32.9  9    32.6  8  1031.2  9  9999.9  0    0.3  9    3.7  9    5.8  999.9    34.9    31.6   0.00G 999.9  111000 
121950 99999  19861212    32.0 10    30.8  8  1029.2 10  9999.9  0    2.2 10    3.3 10    5.8  999.9    33.1    30.9   0.00H 999.9  011000 
121950 99999  19861213    30.6  9    29.0  8  1023.3  9  9999.9  0    2.5  9    4.5  9    7.8  999.9    31.3    28.0*  0.00H 999.9  011000 
121950 99999  19861214    24.5  8    18.7  8  1017.1  8  9999.9  0    4.3  8    2.9  8    5.8  999.9    26.2    23.5*  0.00E 999.9  000000 
121950 99999  19861215    26.0  9    24.1  8  1018.0  9  9999.9  0    1.6  9    5.1  8    7.8  999.9    27.3    22.8  99.99    0.8  001000 
121950 99999  19861216    28.8  6    27.7  6  1007.0  6  9999.9  0    0.9  6    9.1  6   13.6  999.9    29.8*   27.3   0.00H   0.8  101000 
121950 99999  19861217    32.6  8    30.9  7   999.9  7  9999.9  0    2.5  8   14.6  8   17.5  999.9    34.7    28.6   0.24E   3.1  011000 
121950 99999  19861218    32.5  8    31.2  8  1003.8  8  9999.9  0    3.4  8    8.5  8   11.7  999.9    33.4*   31.8*  0.00H   3.1  001000 
121950 99999  19861219    32.7  9    32.0  8   986.5  9  9999.9  0    1.8  9    9.5  9   13.6  999.9    33.8    31.6   0.01G   3.5  001000 
121950 99999  19861220    30.4  9    29.3  8   984.2  9  9999.9  0    2.3  9    8.4  9   13.6  999.9    32.5*   24.8*  0.00G   5.1  001000 
121950 99999  19861221    24.3  8    21.8  8   991.5  8  9999.9  0    3.9  8   13.8  8   19.4  999.9    27.3    22.1  99.99    5.9  001000 
121950 99999  19861222    23.3  9    19.9  8   995.5  9  9999.9  0    2.9  9   15.8  9   19.4  999.9    25.7    19.9  99.99    6.3  001000 
121950 99999  19861223    19.8  8    17.8  8  1006.8  8  9999.9  0    2.5  8    7.8  8    9.7  999.9    23.4*   15.3* 99.99    6.7  001000 
121950 99999  19861224    11.0  7     9.1  7  1024.0  7  9999.9  0    2.5  7    4.4  7    9.7  999.9    30.2     7.2*  0.00G   6.7  001000 
121950 99999  19861225    11.9  8    10.0  8  1027.2  8  9999.9  0    3.0  8    3.4  8    7.8  999.9    14.4     9.0   0.00G   6.7  001000 
121950 99999  19861226    11.4  9     8.8  8  1015.0  9  9999.9  0    3.7  9    5.2  9    7.8  999.9    12.9     9.3   0.00G   6.3  001000 
121950 99999  19861227     7.7  8     5.8  8  1006.9  8  9999.9  0    2.5  7    8.0  8   11.7  999.9    11.5*    5.2  99.99    6.3  001000 
121950 99999  19861228    25.0  8    23.7  8  1002.4  8  9999.9  0    2.5  8    4.4  8    5.8  999.9    28.4     9.3   0.01G   6.7  001000 
121950 99999  19861229    27.5  9    26.1  9   992.5  9  9999.9  0    2.4  9    9.3  9   15.5  999.9    34.5*   23.0   0.04G   7.1  001000 
121950 99999  19861230    28.1  7    26.0  7   990.0  7  9999.9  0    4.0  7   16.9  7   25.3  999.9    33.8*   18.1*  0.00G   7.9  001000 
121950 99999  19861231    22.0  7    19.9  7  1006.5  7  9999.9  0    3.6  7    4.4  7    7.8  999.9    24.1    16.7  99.99    8.3  001000 
121950 99999  19870101    17.1  7    15.1  7  1008.7  7  9999.9  0    2.5  7    6.4  7    9.7  999.9    20.8*    7.5*  0.00E   8.3  001000 
121950 99999  19870102    -3.4  7    -6.3  7  1014.1  7  9999.9  0    2.5  7    1.9  7    3.9  999.9     4.3*  -10.8*  0.00D   9.1  000000 
121950 99999  19870103     8.2  8     5.2  8  1010.9  8  9999.9  0    3.9  7    6.6  8    9.7  999.9    17.8   -11.2   0.04G   9.8  001000 
121950 99999  19870104    -3.6  7    -7.5  7  1019.3  7  9999.9  0    7.1  7    2.6  6    7.8  999.9     2.1   -12.6*  0.00G  10.2  001000 
121950 99999  19870105    -0.1  7    -3.3  7  1008.7  7  9999.9  0    2.8  7    5.6  7    9.7  999.9     9.0*  -15.9*  0.08E 999.9  001000 
121950 99999  19870106     3.1  6    -0.3  6  1000.8  6  9999.9  0    2.5  6    9.7  6   13.6  999.9     8.6*   -4.9*  0.12E  11.4  001000 
121950 99999  19870107   -14.6  8   -19.8  7  1021.2  8  9999.9  0    4.8  8    9.5  8   15.5  999.9   -11.9*  -16.6   0.00E  11.8  000000 
121950 99999  19870108    -6.8  8   -10.5  8  1021.7  8  9999.9  0    3.9  8    9.0  8   13.6  999.9     0.5*  -21.6*  0.02E 999.9  001000 
121950 99999  19870109    -2.4  7    -5.9  7  1010.4  7  9999.9  0    2.5  7    8.0  7   11.7  999.9     3.0   -12.6*  0.00E  14.2  001000 
121950 99999  19870110   -13.1  7   -17.9  7  1017.1  7  9999.9  0    3.6  7    3.6  7    3.9  999.9    -8.0   -18.0   0.00D  11.8  000000 
121950 99999  19870111   -12.5  8   -17.3  8  1024.0  8  9999.9  0    6.2  8    9.5  8   13.6  999.9    -6.9*  -15.9*  0.00E  11.8  001000 
121950 99999  19870112    -1.9  7    -8.9  7  1018.6  7  9999.9  0    3.6  7   13.3  7   15.5  999.9     9.9*  -16.2   0.00E  11.8  001000 
121950 99999  19870113     0.0  9    -3.5  8  1017.1  9  9999.9  0    4.6  9    5.6  9    9.7  999.9     1.9*   -2.0*  0.04E  12.2  001000 
121950 99999  19870114     2.7  9    -0.8  8  1024.6  9  9999.9  0    6.2  9    4.7  9    5.8  999.9    29.5    -2.6   0.04E  12.6  001000 
121950 99999  19870115     4.5  8     1.6  7  1030.9  8  9999.9  0    5.3  8    5.6  8    7.8  999.9     9.5    -0.8*  0.00H  12.6  001000 
121950 99999  19870116    -2.3  9    -8.1  8  1035.7  9  9999.9  0    3.7  9    2.2  9    5.8  999.9    10.2*   -8.7*  0.00D  12.6  000000 
121950 99999  19870117    -5.9  8   -10.3  8  1042.8  8  9999.9  0    3.4  8    0.0  8  999.9  999.9     6.8   -13.4   0.00D  12.6  000000 
121950 99999  19870118    -3.6  8    -6.3  8  1046.2  8  9999.9  0    2.9  8    1.0  8    3.9  999.9     5.0   -10.1   0.00C  12.6  101000 
121950 99999  19870119    10.4  8     8.6  8  1043.1  8  9999.9  0    1.3  8    2.7  8    7.8  999.9    14.0    -5.1   0.01E  12.6  101000 
121950 99999  19870120     4.8  7     2.8  7  1042.4  7  9999.9  0    2.0  7    0.0  7  999.9  999.9     7.9*    2.3*  0.01F  13.0  101000 
121950 99999  19870121     4.1  8     1.8  8  1035.7  8  9999.9  0    2.0  8    1.9  8    5.8  999.9    12.2*   -3.5   0.00E  13.0  001000 
121950 99999  19870122    22.8  7    21.9  7  1031.0  7  9999.9  0    2.1  7    5.0  7    7.8  999.9    26.4    10.0   0.00C  13.0  000000 
121950 99999  19870123    23.3  7    21.5  7  1022.6  7  9999.9  0    3.6  7    5.6  7    9.7  999.9    26.2    20.1*  0.01F  13.0  001000 
121950 99999  19870124    10.1  9     7.3  8  1029.4  9  9999.9  0    5.8  9    5.4  9    9.7  999.9    19.4*   -1.1   0.00D  13.0  001000 
121950 99999  19870125    28.5  8    26.2  8  1001.8  7  9999.9  0    2.5  8   18.5  8   25.3  999.9    32.7    15.4   0.39F  13.4  001000 
121950 99999  19870126    21.4  8    18.8  8   988.3  8  9999.9  0    2.9  8   18.7  8   27.2  999.9    24.4    17.2*  0.00E  13.8  001000 
121950 99999  19870127    13.6  8    10.4  8   998.8  8  9999.9  0    7.1  7   10.0  8   13.6  999.9    18.7     7.7   0.01F  15.0  001000 
121950 99999  19870128    15.5  9    12.5  8   989.7  9  9999.9  0    4.6  9   10.1  9   19.4  999.9    21.9     0.0*  0.08F  15.7  001000 
121950 99999  19870129    -7.5  8   -13.3  8  1010.8  8  9999.9  0    7.9  8    4.9  8   11.7  999.9     5.0   -19.8*  0.00C  16.1  000000 
121950 99999  19870130    -2.6  8    -7.5  8  1018.3  8  9999.9  0    9.9  8   12.4  8   23.3  999.9    10.0*  -19.8   0.00E  16.1  001000 
121950 99999  19870131    20.8  8    17.9  8  1013.2  8  9999.9  0    2.5  8   16.5  8   21.4  999.9    26.4*    7.5   0.01E  16.1  001000 
121950 99999  19870201    31.1 10    29.6  8  1018.3 10  9999.9  0    4.0 10   13.6 10   17.5  999.9    32.9*   24.3   0.00E  16.5  001000 
121950 99999  19870202    24.4 11    20.2  9  1025.5 11  9999.9  0    4.5 11    6.0 11    7.8  999.9    30.2*   13.6*  0.00D  16.1  000000 
121950 99999  19870203    13.3  8     9.5  8  1028.0  8  9999.9  0    2.2  8    4.4  8    5.8  999.9    25.2*    5.0   0.00D  16.1  000000 
121950 99999  19870204    16.4  9    12.7  7  1025.8  9  9999.9  0    1.5  9    5.8  9   11.7  999.9    22.8     1.2   0.00D  16.1  100000 
121950 99999  19870205    27.8  9    26.5  8  1021.4  9  9999.9  0    1.1  9    9.7  9   13.6  999.9    32.4    15.4   0.00D  16.1  100000 
121950 99999  19870206    33.5  8    32.1  8  1009.9  8  9999.9  0    3.3  8   13.8  8   15.5  999.9    35.4    32.0   0.02E  15.7  011000 
121950 99999  19870207    30.9  8    28.1  8   999.0  8  9999.9  0    5.6  8   15.8  8   19.4  999.9    36.0    21.9*  0.39F  14.2  011000 
121950 99999  19870208    24.9  8    22.8  8  1006.7  8  9999.9  0    7.1  8   13.8  8   25.3  999.9    28.6    19.2   0.02E  14.2  001000 
121950 99999  19870209    18.2  9    15.0  7  1008.4  9  9999.9  0   11.3  9    6.7  9   13.6  999.9    22.1*   10.0*  0.02E  15.0  001000 
121950 99999  19870210    24.0 13    22.1  8  1009.7 13  9999.9  0    4.5 13    5.2 13    9.7  999.9    28.9    10.0   0.04E  15.0  001000 
121950 99999  19870211    32.3  8    30.9  6  1006.0  8  9999.9  0    2.4  8    7.0  8   13.6  999.9    34.0    27.3   0.04E  15.4  001000 
121950 99999  19870212    32.5  7    31.4  6  1008.6  7  9999.9  0    3.5  7   10.0  7   13.6  999.9    34.0*   30.6   0.00E  15.4  010000 
121950 99999  19870213    34.6  8    32.2  6  1010.0  8  9999.9  0    2.4  8    9.2  8   13.6  999.9    38.5    31.6   0.00B  15.4  000000 
121950 99999  19870214    33.9  9    33.2  8  1013.6  9  9999.9  0    1.4  9    4.1  9    7.8  999.9    36.1*   32.5*  0.04E  13.8  110000 
121950 99999  19870215    32.9  7    32.8  5  1013.2  7  9999.9  0    0.5  7    4.7  7    7.8  999.9    33.8    32.2   0.08E  13.4  100000 
121950 99999  19871211    28.7  8    26.3  8   992.3  8  9999.9  0    6.2  8   13.8  8   21.4  999.9    33.8*   16.3*  0.16F   3.5  001000 
121950 99999  19871212    20.4  7    16.4  7  1011.1  7  9999.9  0   12.4  7    5.0  7    5.8  999.9    23.5*   14.2   0.00C   3.9  000000 
121950 99999  19871213    30.3  8    28.3  8  1014.3  8  9999.9  0   10.1  8   14.6  8   19.4  999.9    32.9    20.3   0.00D   3.9  000000 
121950 99999  19871214    19.5  8    18.0  8  1010.8  8  9999.9  0    3.9  8   10.0  8   15.5  999.9    22.8    12.9   0.00D   2.4  001000 
121950 99999  19871215    24.1  8    23.3  8  1011.4  8  9999.9  0    1.6  8    4.4  8   13.6  999.9    27.5*   16.0   0.02E   2.4  101000 
121950 99999  19871216    26.3  9    25.0  8  1011.9  9  9999.9  0    2.9  9   11.0  9   17.5  999.9    28.9*   24.6*  0.00E   2.8  001000 
121950 99999  19871217    22.3  8    19.9  8  1019.8  8  9999.9  0    4.3  8    2.2  8    3.9  999.9    25.7    15.4   0.00D   2.8  000000 
121950 99999  19871218    28.2  8    26.1  8  1013.6  8  9999.9  0    2.5  8   10.2  8   15.5  999.9    34.2*   22.8   0.00E   2.8  010000 
121950 99999  19871219    36.2  8    33.8  8   998.0  8  9999.9  0    4.9  8   12.9  8   15.5  999.9    40.1*   32.0   0.37F   1.6  111000 
121950 99999  19871220    35.1  8    33.9  8  1011.0  7  9999.9  0    3.2  8    5.1  8    7.8  999.9    36.7*   33.6   0.00E 999.9  010000 
121950 99999  19871221    36.6  5    34.8  5  1010.0  5  9999.9  0    4.3  5    5.1  5    5.8  999.9    38.1    35.6*  0.04E 999.9  010000 
121950 99999  19871222    29.3  8    25.6  8  1021.9  8  9999.9  0    8.1  8    6.1  8    7.8  999.9    36.0*   23.0*  0.00D 999.9  001000 
121950 99999  19871223    21.7  8    16.9  8  1025.0  8  9999.9  0    5.7  8    8.3  8    9.7  999.9    23.0    19.8   0.08F   1.2  001000 
121950 99999  19871224    22.3  9    20.2  8  1029.7  9  9999.9  0    7.5  8    4.3  9    5.8  999.9    23.5    21.4   0.01F   1.2  001000 
121950 99999  19871225    25.4  9    24.3  8  1026.5  9  9999.9  0    1.3  9    4.7  9    7.8  999.9    28.8    20.3   0.00D   1.2  100000 
121950 99999  19871226    30.4  8    29.2  8  1022.3  8  9999.9  0    1.1  8    6.1  8    7.8  999.9    34.2*   25.7   0.04E   1.2  001000 
121950 99999  19871227    38.2  8    36.5  8  1014.4  8  9999.9  0    2.4  8   11.2  8   15.5  999.9    41.5    33.6   0.16F 999.9  010000 
121950 99999  19871228    37.8  7    35.1  7  1012.7  7  9999.9  0    6.9  7    7.2  7    9.7  999.9    40.3*   33.8*  0.00E 999.9  010000 
121950 99999  19871229    33.7  8    30.9  8  1017.3  8  9999.9  0    6.2  8    6.1  8   11.7  999.9    43.9*   28.8   0.12E 999.9  010000 
121950 99999  19871230    44.3  8    41.8  8  1003.5  8  9999.9  0    3.9  8   22.8  8   35.0  999.9    47.5    38.3   0.43F 999.9  010000 
121950 99999  19871231    38.8  8    36.2  8  1013.2  8  9999.9  0    5.3  8    9.5  8   15.5  999.9    40.3*   37.0*  0.00B 999.9  000000 
121950 99999  19880101    36.7  8    32.6  8  1010.2  8  9999.9  0    3.9  8    7.5  8   11.7  999.9    40.1*   32.5   0.04E 999.9  010000 
121950 99999  19880102    41.9  9    40.1  8   995.2  9  9999.9  0    2.5  9   12.1  9   17.5  999.9    45.3*   38.1   0.24E 999.9  010000 
121950 99999  19880103    44.8  8    41.3  8   991.4  8  9999.9  0    7.1  8   11.9  8   15.5  999.9    46.8    42.6*  0.08E 999.9  010000 
121950 99999  19880104    41.3  8    35.8  8   998.0  8  9999.9  0    7.8  8   10.4  8   13.6  999.9    43.7    39.2*  0.00D 999.9  000000 
121950 99999  19880105    39.8  8    36.9  7  1000.8  8  9999.9  0    5.7  8   10.7  8   15.5  999.9    41.5    37.9   0.16F 999.9  010000 
121950 99999  19880106    41.5  8    39.4  8  1005.0  8  9999.9  0    3.0  8    4.6  8    9.7  999.9    46.8    35.4   0.28F 999.9  010000 
121950 99999  19880107    40.9  8    38.2  8  1007.3  8  9999.9  0    2.5  8    5.6  8    7.8  999.9    43.9    37.8*  0.00D 999.9  000000 
121950 99999  19880108    35.4  9    33.6  8  1017.2  8  9999.9  0    2.3  8    3.2  9    9.7  999.9    40.1    31.8*  0.00D 999.9  000000 
121950 99999  19880109    33.1  8    31.2  8  1031.3  8  9999.9  0    2.8  8    2.7  8    3.9  999.9    34.9    30.9*  0.00D 999.9  000000 
121950 99999  19880110    31.9  8    30.0  8  1034.5  8  9999.9  0    1.8  8    5.6  8    9.7  999.9    33.3    30.0   0.00D 999.9  100000 
121950 99999  19880111    33.0  9    30.6  8  1025.7  9  9999.9  0    2.5  9   11.4  9   15.5  999.9    33.4    30.6   0.00D 999.9  000000 
121950 99999  19880112    34.3  8    31.5  8  1019.3  8  9999.9  0    3.0  8    9.5  8   13.6  999.9    36.0    32.9   0.00E 999.9  010000 
121950 99999  19880113    33.1  8    30.0  8  1025.8  8  9999.9  0    3.0  8    6.1  8    7.8  999.9    34.2*   31.3*  0.00C 999.9  000000 
121950 99999  19880114    29.8  7    26.8  6  1028.4  7  9999.9  0    2.5  7    4.4  7    5.8  999.9    35.2    25.9   0.00D 999.9  000000 
121950 99999  19880115    28.4  9    25.0  8  1029.0  9  9999.9  0    4.1  9    4.7  9    7.8  999.9    34.7    23.9   0.00D 999.9  000000 
121950 99999  19880116    25.8  8    23.3  8  1025.8  8  9999.9  0    3.9  8    3.4  8    5.8  999.9    29.8*   20.1*  0.00E 999.9  001000 
121950 99999  19880117    30.5  7    29.9  7  1022.6  7  9999.9  0    1.1  7    1.4  7    3.9  999.9    31.3    28.2   0.16B   1.2  101000 
121950 99999  19880118    26.4  8    23.9  8  1022.7  7  9999.9  0    2.9  8    3.9  8    7.8  999.9    29.1*   23.9*  0.39E   5.9  001000 
121950 99999  19880119    24.7  7    20.4  7  1027.1  7  9999.9  0    6.2  7    4.2  7    7.8  999.9    25.9*   23.5   0.00D   5.9  000000 
121950 99999  19880120    25.5  8    23.1  8  1024.1  8  9999.9  0    3.9  8    7.0  8    9.7  999.9    27.5    22.8   0.00D   5.1  000000 
121950 99999  19880121    21.5  8    20.4  8  1020.2  8  9999.9  0    1.9  8    8.0  8    9.7  999.9    22.1    20.8   0.00D   5.1  100000 
121950 99999  19880122    22.9  8    21.0  8  1018.9  8  9999.9  0    2.4  8   11.4  8   13.6  999.9    25.9*   19.6   0.01E   5.1  001000 
121950 99999  19880123    22.6  8    18.3  8  1016.8  8  9999.9  0    3.9  8   14.1  8   17.5  999.9    25.7    18.3*  0.00E   5.1  000000 
121950 99999  19880124    17.3  8    14.7  8  1015.4  8  9999.9  0    3.4  8   11.4  8   13.6  999.9    19.2*   16.0*  0.04F   5.1  001000 
121950 99999  19880125    14.9  8    12.2  8  1012.5  7  9999.9  0    2.5  8   13.4  8   15.5  999.9    18.9    10.4   0.01E   6.3  001000 
121950 99999  19880126    16.7  8    13.1  8  1012.5  8  9999.9  0    4.3  8   12.9  8   13.6  999.9    20.7    14.2   0.00D   5.5  000000 
121950 99999  19880127    11.8  9     6.2  8  1018.3  9  9999.9  0    6.2  9   11.2  9   13.6  999.9    14.7*    9.3*  0.00E   5.5  000000 
121950 99999  19880128    12.7  9     7.2  8  1022.0  9  9999.9  0    4.6  9   13.0  9   13.6  999.9    18.1     8.6   0.05F   5.5  001000 
121950 99999  19880129    15.0  8     9.4  8  1012.0  8  9999.9  0    4.8  8   14.6  8   17.5  999.9    19.2     9.7   0.04E   5.9  001000 
121950 99999  19880130    18.8  8    15.7  8  1001.1  8  9999.9  0    2.5  8   15.1  8   17.5  999.9    19.8*   16.7   0.04F   6.7  001000 
121950 99999  19880131    15.0  7    12.6  7  1007.4  7  9999.9  0    3.0  7   14.2  7   17.5  999.9    16.7*   11.3*  0.00E   6.7  001000 
121950 99999  19880201    14.6  7    12.1  7  1019.3  7  9999.9  0    6.2  7   10.0  7   11.7  999.9    17.1*   11.8   0.02G   6.7  000000 
121950 99999  19880202    25.3  8    21.7  7  1006.3  8  9999.9  0    3.9  8   10.7  8   13.6  999.9    32.0*   15.6   0.00G   6.7  001000 
121950 99999  19880203    32.8  7    32.1  7  1004.7  7  9999.9  0    1.3  7    6.4  7    9.7  999.9    37.2    30.2   0.12E   6.7  101000 
121950 99999  19880204    34.0  6    31.2  6  1011.3  6  9999.9  0    3.7  6    5.8  6    7.8  999.9    36.3    29.8   0.00D   5.9  000000 
121950 99999  19880205    34.1  8    31.5  8  1008.6  8  9999.9  0    3.7  8    4.9  8    7.8  999.9    38.1    30.2   0.00D   4.7  000000 
121950 99999  19880206    36.1  8    33.0  8  1005.6  8  9999.9  0    3.0  8    5.3  8    7.8  999.9    41.0    31.6   0.02F   3.9  010000 
121950 99999  19880207    35.2  8    32.9  8  1007.4  8  9999.9  0    5.3  8    4.4  8    5.8  999.9    37.4*   31.3   0.00E   1.6  000000 
121950 99999  19880208    32.6  9    32.0  8  1003.7  9  9999.9  0    1.0  9    3.7  9    7.8  999.9    33.8    31.1   0.00D   1.6  101000 
121950 99999  19880209    34.1  9    31.3  8  1001.8  9  9999.9  0    2.9  9    9.3  9   11.7  999.9    35.2    31.6   0.04F   1.6  011000 
121950 99999  19880210    33.8  7    31.1  7  1003.2  7  9999.9  0    3.6  7    7.8  7   11.7  999.9    35.1    31.3   0.00F   1.2  001000 
121950 99999  19880211    31.6  8    28.9  8  1007.1  8  9999.9  0    3.9  8    7.0  8    7.8  999.9    34.9    28.6   0.04E   1.2  001000 
121950 99999  19880212    32.7  8    29.7  8  1012.0  7  9999.9  0    3.9  8    5.1  8    7.8  999.9    35.2    28.0*  0.00F   2.0  001000 
121950 99999  19880213    31.2  8    30.2  8  1023.9  7  9999.9  0    1.1  8    0.8  7    1.9  999.9    33.6*   25.7   0.02E   1.2  111000 
121950 99999  19880214    32.7  8    29.7  8  1038.7  8  9999.9  0    6.1  8    2.7  8    5.8  999.9    34.5    28.8   0.01E   1.2  000000 
121950 99999  19880215    31.5  7    25.5  7  1042.3  7  9999.9  0    8.9  7    3.3  7    5.8  999.9    33.8    28.8*  0.00C   1.2  000000 
121950 99999  19881211    30.5  8    26.0  8  1003.6  8  9999.9  0    9.3  8   11.2  8   15.5  999.9    36.1    21.9   0.04F   3.1  011000 
121950 99999  19881212    29.5  8    27.6  8  1009.4  8  9999.9  0    4.6  8    7.3  8   15.5  999.9    40.5*   23.0*  0.35F   3.9  011000 
121950 99999  19881213    20.7  8    19.6  8  1017.0  8  9999.9  0    2.4  8    7.3  8   15.5  999.9    30.2*   10.8   0.00E   7.1  101000 
121950 99999  19881214    28.2  8    24.0  8  1007.1  8  9999.9  0    7.3  8   12.1  8   15.5  999.9    34.2*   19.4*  0.04F   7.1  001000 
121950 99999  19881215    16.9  7    13.4  7  1020.8  7  9999.9  0    6.0  7    8.9  7   15.5  999.9    21.2    13.5*  0.00E 999.9  000000 
121950 99999  19881216    14.7  8    13.1  8  1027.0  8  9999.9  0    2.5  8    3.9  8    7.8  999.9    18.5*   11.7   0.00F   7.1  101000 
121950 99999  19881217    22.6  8    20.0  8  1019.5  8  9999.9  0    4.0  8    8.0  8   11.7  999.9    25.2    17.4   0.00F   7.1  001000 
121950 99999  19881218    29.8  9    26.6  9  1012.5  8  9999.9  0    7.0  9    9.9  9   15.5  999.9    33.8    22.6   0.01E   7.1  000000 
121950 99999  19881219    32.8  9    31.1  8   991.4  9  9999.9  0    5.5  9   12.1  9   13.6  999.9    34.9    27.0   0.17F   7.9  001000 
121950 99999  19881220    25.4  8    20.8  8  1003.4  8  9999.9  0    5.4  8   13.4  8   17.5  999.9    41.0*   16.2*  0.04F   7.9  001000 
121950 99999  19881221    22.7  8    20.4  8  1013.0  8  9999.9  0    9.9  8   11.2  8   19.4  999.9    34.9*    7.5   0.04E   9.1  001000 
121950 99999  19881222    36.0  8    33.6  8  1010.3  8  9999.9  0    4.7  8   12.9  8   15.5  999.9    38.7*   30.7   0.02E   9.4  010000 
121950 99999  19881223    37.3  8    34.7  8  1004.6  8  9999.9  0    5.6  8   12.4  8   15.5  999.9    38.1*   36.1*  0.06F   7.9  011000 
121950 99999  19881224    36.8  7    34.4  7   991.1  7  9999.9  0    5.1  7   12.5  7   13.6  999.9    39.2    33.1*  0.31F   3.9  011000 
121950 99999  19881225    28.7  8    25.7  8  1008.3  8  9999.9  0    6.1  8   15.0  7   23.3  999.9    33.4*   26.6*  0.12F   1.6  001000 
121950 99999  19881226    31.5  5    30.0  5  1017.9  5  9999.9  0    3.0  5    3.9  5    7.8  999.9    35.6*   27.3*  0.06F 999.9  111000 
121950 99999  19881227    40.3  8    38.9  8  1010.7  8  9999.9  0    2.6  8   14.2  7   25.3  999.9    42.1    34.7   0.12F 999.9  110000 
121950 99999  19881228    34.2  8    31.2  8  1020.6  8  9999.9  0    4.8  8   14.1  8   25.3  999.9    39.6*   32.2*  0.00E 999.9  000000 
121950 99999  19881229    38.5  8    37.2  8  1024.9  8  9999.9  0    2.9  8   10.7  8   17.5  999.9    43.2    32.4   0.03F 999.9  010000 
121950 99999  19881230    40.9  8    39.1  8  1022.9  8  9999.9  0    2.5  8   14.3  8   27.2  999.9    41.4    39.9*  0.04F 999.9  010000 
121950 99999  19881231    37.0  7    30.5  7  1018.0  6  9999.9  0    9.4  7   25.0  7   38.9  999.9    41.4*   32.2*  0.00E 999.9  010000 































































































































































































































































































































































































































































































































































































































































































































































































































































































































































































































































































































































































































































































































































































































































