121950 99999  19860101     8.2  8     5.2  8  1013.5  8  9999.9  0    4.3  8    2.4  8    3.9  999.9    14.0*    0.7   0.00G   0.8  001000 
121950 99999  19860102    17.0  7    14.4  7  1007.4  7  9999.9  0    2.3  7    5.6  7   11.7  999.9    22.5*    7.5  99.99    1.2  001000 
121950 99999  19860103    25.0  8    23.1  8  1003.0  8  9999.9  0    2.5  8    7.0  8    7.8  999.9    28.4*   21.2   0.00D   1.2  000000 
121950 99999  19860104    30.2  8    28.1  8  1004.4  8  9999.9  0    2.4  8    5.6  8    7.8  999.9    32.2    25.3   0.00B   1.2  000000 
121950 99999  19860105    22.6  8    17.9  7  1006.7  8  9999.9  0    4.7  8    6.3  8   11.7  999.9    29.5*   14.2*  0.00H   1.6  001000 
121950 99999  19860106    23.1  8    19.0  8  1006.2  8  9999.9  0    3.4  8    5.3  8    7.8  999.9    25.7    12.2   0.00G   1.2  001000 
121950 99999  19860107    27.6  8    22.9  7  1009.0  8  9999.9  0    2.4  8    2.9  8    5.8  999.9    29.5    25.2   0.00G   2.8  001000 
121950 99999  19860108    22.0  8    18.5  8  1010.6  8  9999.9  0    2.1  8    5.3  8    9.7  999.9    27.9*   17.2*  0.01G   3.1  001000 
121950 99999  19860109    18.2  8    14.3  8  1013.1  8  9999.9  0    2.4  8    9.0  8   13.6  999.9    22.5*   11.5   0.00G   3.5  001000 
121950 99999  19860110    22.3  8    18.5  8  1017.3  8  9999.9  0    4.8  8   10.4  8   19.4  999.9    24.6*   19.8  99.99    5.9  001000 
121950 99999  19860111    20.1  8    16.8  8  1009.9  8  9999.9  0    3.0  8    6.8  8    9.7  999.9    22.1*   18.9*  0.00G   6.7  001000 
121950 99999  19860112    31.6  8    30.0  8  1003.7  8  9999.9  0    3.3  8    8.0  8    9.7  999.9    32.9    20.3   0.01G   7.5  001000 
121950 99999  19860113    32.9  8    31.6  8   998.2  8  9999.9  0    2.4  8   10.4  8   13.6  999.9    34.5    32.5   0.00G   7.1  011000 
121950 99999  19860114    33.0  8    31.4  8   988.7  8  9999.9  0    2.5  8   11.2  8   11.7  999.9    33.8    32.2  99.99    4.7  011000 
121950 99999  19860115    32.7  8    31.4  7   984.0  8  9999.9  0    2.5  8   12.9  8   15.5  999.9    33.4*   31.5*  0.00G   5.5  001000 
121950 99999  19860116    26.0  8    22.8  8   998.1  8  9999.9  0    3.9  8    9.5  8   15.5  999.9    30.9*   19.8*  0.00G   7.1  001000 
121950 99999  19860117    14.4  8    10.7  8  1009.7  8  9999.9  0    6.2  8    2.9  8    3.9  999.9    21.9*    1.2* 99.99    7.5  001000 
121950 99999  19860118    17.7  8    15.3  8  1009.7  8  9999.9  0    5.3  8    9.2  8   13.6  999.9    23.4     0.7   0.00H   7.9  001000 
121950 99999  19860119    29.8  7    27.4  7   996.9  7  9999.9  0    6.2  7   10.8  7   11.7  999.9    33.8    22.1*  0.00G 999.9  001000 
121950 99999  19860120    31.7  8    29.4  8   987.7  8  9999.9  0    2.8  8   17.5  8   29.1  999.9    37.8    23.4*  0.00G   5.5  011000 
121950 99999  19860121    31.2  6    28.0  6  1009.0  6  9999.9  0    6.2  6   10.7  6   15.5  999.9    35.1    22.3*  0.00C 999.9  000000 
121950 99999  19860122    33.8  8    29.8  8  1005.0  8  9999.9  0    4.8  8   11.2  8   13.6  999.9    34.9    21.4   0.00H   5.9  001000 
121950 99999  19860123    34.6  8    30.6  8   996.4  8  9999.9  0    4.8  8   11.9  8   15.5  999.9    36.3    32.4*  0.00H   5.9  001000 
121950 99999  19860124    35.5  8    33.1  8   987.6  8  9999.9  0    2.4  8    9.5  8   15.5  999.9    37.0    33.3* 99.99    5.5  110000 
121950 99999  19860125    31.3  8    30.3  8   996.4  8  9999.9  0    1.1  8    4.6  8    9.7  999.9    32.7    29.1   0.00H   3.9  101000 
121950 99999  19860126    31.5  9    29.5  8   997.9  9  9999.9  0    2.3  9   11.2  9   13.6  999.9    32.4    29.3  99.99    7.5  001000 
121950 99999  19860127    29.8  7    27.2  7  1005.2  7  9999.9  0    4.5  7   10.5  7   13.6  999.9    33.4*   26.6* 99.99   11.0  001000 
121950 99999  19860128    23.0  8    20.4  8  1021.4  8  9999.9  0    3.9  8    8.3  8   11.7  999.9    25.7*   17.1*  0.00B  11.8  000000 
121950 99999  19860129    20.3  8    18.2  8  1027.4  8  9999.9  0    6.4  8    9.0  8   11.7  999.9    24.8    11.5   0.00D  11.8  000000 
121950 99999  19860130    25.7  8    23.1  8  1028.8  8  9999.9  0    2.5  8    8.0  8    9.7  999.9    27.5*   21.7   0.00G  11.8  001000 
121950 99999  19860131    26.2  8    23.9  8  1029.1  8  9999.9  0    3.0  8   10.2  8   13.6  999.9    27.3*   24.3*  0.00H  11.4  001000 
121950 99999  19860201    17.2  8    12.8  8  1030.8  8  9999.9  0    4.8  8   15.8  8   17.5  999.9    22.5*   12.9*  0.00D  11.8  000000 
121950 99999  19860202    11.5  8     4.7  8  1035.3  8  9999.9  0   10.1  8   10.9  8   15.5  999.9    18.5     7.5*  0.00D  11.4  000000 
121950 99999  19860203     7.6  8     1.6  8  1036.4  8  9999.9  0   12.4  8    7.3  8    9.7  999.9    12.9     4.1   0.00D  11.4  000000 
121950 99999  19860204     3.0  8    -1.4  8  1030.8  8  9999.9  0    5.4  8    0.5  8    1.9  999.9    11.5    -6.3   0.00D  11.0  000000 
121950 99999  19860205     5.9  8     1.5  8  1023.5  8  9999.9  0    4.3  8    3.4  8    7.8  999.9    12.6    -0.4*  0.00H   6.3  001000 
121950 99999  19860206     1.7  7    -3.0  7  1016.5  7  9999.9  0    4.1  7    7.2  7    9.7  999.9     4.6    -1.5   0.00H  11.0  001000 
121950 99999  19860207    -3.5  8    -7.6  8  1019.3  8  9999.9  0    3.4  8    7.8  8   11.7  999.9     1.0   -13.9*  0.00H  11.8  001000 
121950 99999  19860208     3.9  8    -0.1  8  1020.0  8  9999.9  0    2.5  8    4.4  8    5.8  999.9    15.1*  -13.9   0.00H  11.4  001000 
121950 99999  19860209    18.7  8    16.4  8  1021.9  8  9999.9  0    2.5  8    4.1  8    7.8  999.9    22.3    11.1   0.04G  11.4  001000 
121950 99999  19860210    10.8  8     6.9  8  1029.0  7  9999.9  0    4.8  8    3.6  8    5.8  999.9    16.2*    5.2   0.00G  11.8  000000 
121950 99999  19860211    10.4  8     2.1  8  1035.3  8  9999.9  0    6.2  8    3.9  8    5.8  999.9    21.0    -3.5   0.00D  11.4  000000 
121950 99999  19860212    10.9  8     4.3  8  1039.1  8  9999.9  0    5.7  8    3.9  8    5.8  999.9    19.2     3.9   0.00D  11.4  000000 
121950 99999  19860213    11.4  8     9.2  8  1032.5  8  9999.9  0    2.2  8    1.5  8    3.9  999.9    17.2    -3.5   0.00H  11.4  101000 
121950 99999  19860214    15.2  8    11.2  8  1032.0  8  9999.9  0    5.2  8    6.3  8    9.7  999.9    19.0    10.9   0.00G  11.4  001000 
121950 99999  19860215    13.1  8     7.2  8  1033.1  8  9999.9  0    6.2  8    7.3  8   11.7  999.9    23.0    -0.8   0.00D  11.4  000000 
121950 99999  19861211    32.9  9    32.6  8  1031.2  9  9999.9  0    0.3  9    3.7  9    5.8  999.9    34.9    31.6   0.00G 999.9  111000 
121950 99999  19861212    32.0 10    30.8  8  1029.2 10  9999.9  0    2.2 10    3.3 10    5.8  999.9    33.1    30.9   0.00H 999.9  011000 
121950 99999  19861213    30.6  9    29.0  8  1023.3  9  9999.9  0    2.5  9    4.5  9    7.8  999.9    31.3    28.0*  0.00H 999.9  011000 
121950 99999  19861214    24.5  8    18.7  8  1017.1  8  9999.9  0    4.3  8    2.9  8    5.8  999.9    26.2    23.5*  0.00E 999.9  000000 
121950 99999  19861215    26.0  9    24.1  8  1018.0  9  9999.9  0    1.6  9    5.1  8    7.8  999.9    27.3    22.8  99.99    0.8  001000 
121950 99999  19861216    28.8  6    27.7  6  1007.0  6  9999.9  0    0.9  6    9.1  6   13.6  999.9    29.8*   27.3   0.00H   0.8  101000 
121950 99999  19861217    32.6  8    30.9  7   999.9  7  9999.9  0    2.5  8   14.6  8   17.5  999.9    34.7    28.6   0.24E   3.1  011000 
121950 99999  19861218    32.5  8    31.2  8  1003.8  8  9999.9  0    3.4  8    8.5  8   11.7  999.9    33.4*   31.8*  0.00H   3.1  001000 
121950 99999  19861219    32.7  9    32.0  8   986.5  9  9999.9  0    1.8  9    9.5  9   13.6  999.9    33.8    31.6   0.01G   3.5  001000 
121950 99999  19861220    30.4  9    29.3  8   984.2  9  9999.9  0    2.3  9    8.4  9   13.6  999.9    32.5*   24.8*  0.00G   5.1  001000 
121950 99999  19861221    24.3  8    21.8  8   991.5  8  9999.9  0    3.9  8   13.8  8   19.4  999.9    27.3    22.1  99.99    5.9  001000 
121950 99999  19861222    23.3  9    19.9  8   995.5  9  9999.9  0    2.9  9   15.8  9   19.4  999.9    25.7    19.9  99.99    6.3  001000 
121950 99999  19861223    19.8  8    17.8  8  1006.8  8  9999.9  0    2.5  8    7.8  8    9.7  999.9    23.4*   15.3* 99.99    6.7  001000 
121950 99999  19861224    11.0  7     9.1  7  1024.0  7  9999.9  0    2.5  7    4.4  7    9.7  999.9    30.2     7.2*  0.00G   6.7  001000 
121950 99999  19861225    11.9  8    10.0  8  1027.2  8  9999.9  0    3.0  8    3.4  8    7.8  999.9    14.4     9.0   0.00G   6.7  001000 
121950 99999  19861226    11.4  9     8.8  8  1015.0  9  9999.9  0    3.7  9    5.2  9    7.8  999.9    12.9     9.3   0.00G   6.3  001000 
121950 99999  19861227     7.7  8     5.8  8  1006.9  8  9999.9  0    2.5  7    8.0  8   11.7  999.9    11.5*    5.2  99.99    6.3  001000 
121950 99999  19861228    25.0  8    23.7  8  1002.4  8  9999.9  0    2.5  8    4.4  8    5.8  999.9    28.4     9.3   0.01G   6.7  001000 
121950 99999  19861229    27.5  9    26.1  9   992.5  9  9999.9  0    2.4  9    9.3  9   15.5  999.9    34.5*   23.0   0.04G   7.1  001000 
121950 99999  19861230    28.1  7    26.0  7   990.0  7  9999.9  0    4.0  7   16.9  7   25.3  999.9    33.8*   18.1*  0.00G   7.9  001000 
121950 99999  19861231    22.0  7    19.9  7  1006.5  7  9999.9  0    3.6  7    4.4  7    7.8  999.9    24.1    16.7  99.99    8.3  001000 
