0,752727272727273 0,574736842105263 -0,784 0,58015873015873 0,794444444444444 -1 -1 -1 -1 -1 -1 
0,74 0,53578947368421 -0,784 0,531746031746032 0,746031746031746 -0,716 -1 1 -1 -1 -1 
0,754545454545455 0,510526315789474 -0,288 0,587301587301587 0,801587301587302 -0,952 -1 1 -1 -1 -1 
0,731818181818182 0,527368421052632 -0,376 0,546825396825397 0,761111111111111 -1 -1 -1 -1 -1 -1 
0,714545454545454 0,543157894736842 -0,536 0,537301587301587 0,751587301587302 -1 -1 -1 -1 -1 -1 
0,767272727272727 0,522105263157895 -0,88 0,524603174603175 0,738888888888889 -1 -1 1 -1 -1 -1 
0,782727272727273 0,478947368421053 -0,712 0,596825396825397 0,811111111111111 -0,984 -1 -1 -1 -1 1 
0,770909090909091 0,492631578947368 -0,888 0,568253968253968 0,782539682539683 -1 -1 -1 -1 -1 -1 
0,737272727272727 0,514736842105263 -0,584 0,558730158730159 0,773015873015873 -1 -1 1 -1 -1 -1 
0,743636363636364 0,498947368421052 -0,592 0,56031746031746 0,774603174603175 -0,936 -1 1 -1 -1 -1 
0,804545454545455 0,546315789473684 -0,872 0,611111111111111 0,825396825396825 -1 1 -1 -1 -1 -1 
0,788181818181818 0,585263157894737 -0,976 0,63015873015873 0,844444444444444 -1 -1 -1 -1 -1 -1 
0,78 0,597894736842105 -0,808 0,631746031746032 0,846031746031746 -1 -1 -1 -1 -1 -1 
0,765454545454546 0,589473684210526 -0,984 0,585714285714286 0,8 -1 -1 -1 -1 -1 -1 
0,792727272727273 0,551578947368421 -0,768 0,588888888888889 0,803174603174603 -1 -1 -1 -1 -1 -1 
0,794545454545455 0,517894736842106 -0,768 0,612698412698413 0,826984126984127 -1 -1 -1 -1 -1 -1 
0,803636363636364 0,549473684210527 -0,776 0,603174603174603 0,817460317460317 -1 -1 -1 -1 -1 -1 
0,83 0,596842105263158 -0,736 0,648412698412698 0,862698412698413 -0,968 -1 1 -1 -1 -1 
0,766363636363636 0,597894736842105 -0,28 0,611111111111111 0,825396825396825 -1 -1 -1 -1 -1 -1 
0,725454545454545 0,573684210526316 -0,24 0,618253968253968 0,832539682539683 -1 -1 1 -1 -1 -1 
0,69 0,578947368421053 -0,592 0,53015873015873 0,744444444444444 -1 -1 -1 -1 -1 -1 
0,747272727272727 0,590526315789474 -0,472 0,524603174603175 0,738888888888889 -1 -1 -1 -1 -1 -1 
0,746363636363636 0,597894736842105 -0,688 0,588888888888889 0,803174603174603 -1 -1 -1 -1 -1 -1 
0,695454545454545 0,626315789473684 -0,92 0,534126984126984 0,748412698412698 -1 -1 -1 -1 -1 -1 
0,737272727272727 0,647368421052632 -0,944 0,537301587301587 0,751587301587302 -1 -1 -1 -1 -1 -1 
0,818181818181818 0,518947368421052 -0,672 0,617460317460317 0,831746031746032 -0,888 -1 1 -1 -1 -1 
0,804545454545455 0,515789473684211 -0,696 0,614285714285714 0,828571428571429 -0,78 -1 1 -1 -1 1 
0,807272727272727 0,528421052631579 -0,688 0,594444444444444 0,808730158730159 -0,992 1 1 -1 -1 -1 
0,820909090909091 0,531578947368421 -0,728 0,611111111111111 0,825396825396825 -0,992 -1 -1 -1 -1 1 
0,844545454545455 0,508421052631578 -0,632 0,63015873015873 0,844444444444444 -0,984 -1 -1 -1 -1 -1 
0,820909090909091 0,531578947368421 -0,728 0,611111111111111 0,825396825396825 -0,992 -1 -1 -1 -1 1 
0,844545454545455 0,508421052631578 -0,632 0,63015873015873 0,844444444444444 -0,984 -1 -1 -1 -1 -1 
0,831818181818182 0,497894736842105 -0,752 0,653174603174603 0,867460317460317 -0,992 -1 1 -1 -1 -1 
0,785454545454546 0,509473684210526 -0,544 0,578571428571429 0,792857142857143 -1 -1 1 -1 -1 -1 
0,722727272727273 0,569473684210527 -0,416 0,557142857142857 0,771428571428571 -0,928 -1 1 -1 -1 -1 
0,839090909090909 0,588421052631579 -0,648 0,632539682539683 0,846825396825397 -1 -1 -1 -1 -1 -1 
0,858181818181818 0,55578947368421 -0,672 0,667460317460317 0,881746031746032 -1 -1 1 -1 -1 1 
0,86 0,557894736842105 -0,656 0,667460317460317 0,881746031746032 -0,828 -1 1 -1 -1 -1 
0,845454545454545 0,528421052631579 -0,696 0,642857142857143 0,857142857142857 -1 -1 1 -1 -1 1 
0,828181818181818 0,521052631578947 -0,848 0,638888888888889 0,853174603174603 -0,996 -1 -1 -1 -1 -1 
0,683636363636364 0,636842105263158 -0,576 0,503968253968254 0,718253968253968 -1 -1 -1 -1 -1 -1 
0,702727272727273 0,66 -0,712 0,514285714285714 0,728571428571429 -1 -1 -1 -1 -1 -1 
0,700909090909091 0,675789473684211 -0,8 0,508730158730159 0,723015873015873 -1 -1 -1 -1 -1 -1 
0,708181818181818 0,653684210526315 -0,68 0,523015873015873 0,737301587301587 -1 -1 -1 -1 -1 -1 
0,718181818181818 0,609473684210526 -0,648 0,528571428571429 0,742857142857143 -1 1 -1 -1 -1 -1 
0,772727272727273 0,385263157894737 0,32 0,621428571428571 0,835714285714286 -0,884 -1 1 -1 -1 -1 
0,776363636363636 0,484210526315789 -0,032 0,634126984126984 0,848412698412699 -0,972 -1 1 -1 -1 -1 
0,801818181818182 0,532631578947369 -0,496 0,621428571428571 0,835714285714286 -1 -1 1 -1 -1 -1 
0,802727272727273 0,478947368421053 -0,456 0,582539682539683 0,796825396825397 -1 1 1 -1 -1 -1 
0,783636363636364 0,388421052631579 0,344 0,614285714285714 0,828571428571429 -0,736 -1 1 -1 -1 -1 
0,823636363636364 0,46421052631579 -0,552 0,621428571428571 0,835714285714286 -1 -1 -1 -1 -1 -1 
0,789090909090909 0,530526315789473 -0,52 0,596031746031746 0,81031746031746 -0,852 -1 1 -1 -1 -1 
0,750909090909091 0,560000000000001 -0,608 0,584126984126984 0,798412698412698 -1 -1 1 -1 -1 -1 
0,758181818181818 0,568421052631579 -0,6 0,573015873015873 0,787301587301587 -1 -1 -1 -1 -1 -1 
0,811818181818182 0,521052631578947 -0,592 0,61031746031746 0,824603174603175 -1 -1 1 -1 -1 -1 
0,755454545454545 0,446315789473684 -0,32 0,601587301587302 0,815873015873016 -0,992 -1 1 -1 -1 -1 
0,694545454545455 0,532631578947369 -0,168 0,576984126984127 0,791269841269841 -0,852 -1 1 -1 -1 -1 
0,720909090909091 0,566315789473684 -0,4 0,55 0,764285714285714 -0,996 -1 1 -1 -1 -1 
0,656363636363636 0,587368421052631 -0,688 0,475396825396825 0,68968253968254 -0,952 -1 -1 -1 -1 -1 
0,750909090909091 0,504210526315789 -0,712 0,523015873015873 0,737301587301587 -1 -1 1 -1 -1 -1 
0,66 0,628421052631579 -0,416 0,491269841269841 0,705555555555556 -0,996 -1 -1 -1 -1 -1 
0,653636363636364 0,694736842105263 -0,576 0,473015873015873 0,687301587301587 -1 -1 -1 -1 -1 -1 
0,678181818181818 0,710526315789474 -0,688 0,491269841269841 0,705555555555556 -1 1 -1 -1 -1 -1 
0,702727272727273 0,653684210526315 -0,416 0,485714285714286 0,7 -1 1 -1 -1 -1 -1 
0,69 0,553684210526316 -0,304 0,51984126984127 0,734126984126984 -0,996 -1 1 -1 -1 -1 
0,645454545454546 0,577894736842105 -0,0640000000000001 0,503174603174603 0,717460317460317 -0,944 -1 1 -1 -1 -1 
0,653636363636364 0,628421052631579 -0,336 0,523015873015873 0,737301587301587 -1 -1 -1 -1 -1 -1 
0,613636363636364 0,643157894736841 -0,44 0,484126984126984 0,698412698412698 -1 -1 -1 -1 -1 -1 
0,643636363636364 0,612631578947369 -0,416 0,508730158730159 0,723015873015873 -1 -1 1 -1 -1 -1 
0,64 0,611578947368421 -0,44 0,511111111111111 0,725396825396825 -0,996 -1 1 -1 -1 -1 
0,711818181818182 0,613684210526315 -0,744 0,523015873015873 0,737301587301587 -1 -1 -1 -1 -1 -1 
0,756363636363636 0,574736842105263 -0,632 0,561111111111111 0,775396825396825 -1 -1 -1 -1 -1 -1 
0,767272727272727 0,612631578947369 -0,672 0,551587301587302 0,765873015873016 -0,908 -1 1 -1 -1 -1 
0,694545454545455 0,605263157894737 -0,728 0,507142857142857 0,721428571428571 -0,94 1 -1 -1 -1 -1 
0,71 0,570526315789474 -0,712 0,507142857142857 0,721428571428571 -1 -1 -1 -1 -1 -1 
0,754545454545455 0,611578947368421 -0,496 0,575396825396825 0,78968253968254 -0,996 -1 -1 -1 -1 -1 
0,73 0,677894736842106 -0,864 0,518253968253968 0,732539682539682 -1 -1 -1 -1 -1 -1 
0,737272727272727 0,679999999999999 -0,864 0,518253968253968 0,732539682539682 -1 -1 -1 -1 -1 -1 
0,759090909090909 0,651578947368422 -0,848 0,55 0,764285714285714 -1 -1 -1 -1 -1 -1 
0,783636363636364 0,626315789473684 -0,592 0,562698412698413 0,776984126984127 -1 -1 -1 -1 -1 -1 
0,783636363636364 0,626315789473684 -0,592 0,562698412698413 0,776984126984127 -1 -1 -1 -1 -1 -1 
0,765454545454546 0,581052631578948 -0,632 0,594444444444444 0,808730158730159 -0,984 -1 1 -1 -1 -1 
0,707272727272727 0,536842105263158 -0,824 0,523015873015873 0,737301587301587 -1 -1 -1 -1 -1 -1 
0,719090909090909 0,609473684210526 -0,688 0,51031746031746 0,724603174603175 -1 -1 -1 -1 -1 -1 
0,731818181818182 0,631578947368421 -0,592 0,551587301587302 0,765873015873016 -1 -1 -1 -1 -1 -1 
0,728181818181818 0,467368421052631 -0,824 0,534126984126984 0,748412698412698 -1 1 -1 -1 -1 -1 
0,716363636363636 0,470526315789474 -0,728 0,546825396825397 0,761111111111111 -1 -1 -1 -1 -1 -1 
0,762727272727273 0,425263157894737 -0,728 0,568253968253968 0,782539682539683 -1 -1 1 -1 -1 -1 
0,744545454545455 0,418947368421052 0,168 0,585714285714286 0,8 -0,904 -1 1 -1 -1 -1 
0,718181818181818 0,46421052631579 -0,36 0,542857142857143 0,757142857142857 -1 -1 1 -1 -1 -1 
0,687272727272727 0,514736842105263 -0,608 0,492857142857143 0,707142857142857 -1 -1 -1 -1 -1 -1 
0,744545454545455 0,517894736842106 -0,824 0,541269841269841 0,755555555555556 -1 -1 -1 -1 -1 -1 
0,752727272727273 0,529473684210526 -0,768 0,565873015873016 0,78015873015873 -1 -1 -1 -1 -1 -1 
0,783636363636364 0,592631578947368 -0,92 0,624603174603175 0,838888888888889 -1 -1 -1 -1 -1 -1 
0,773636363636364 0,617894736842106 -0,944 0,591269841269841 0,805555555555556 -1 1 -1 -1 -1 -1 
0,654545454545455 0,58 -0,896 0,441269841269841 0,655555555555556 -1 -1 -1 -1 -1 -1 
0,716363636363636 0,531578947368421 -0,848 0,5 0,714285714285714 -1 -1 -1 -1 -1 -1 
0,71 0,571578947368421 -0,6 0,534126984126984 0,748412698412698 -1 -1 -1 -1 -1 -1 
0,67 0,605263157894737 -0,848 0,46031746031746 0,674603174603175 -1 -1 -1 -1 -1 -1 
0,704545454545455 0,560000000000001 -0,688 0,496031746031746 0,71031746031746 -0,996 -1 1 -1 -1 -1 
0,685454545454546 0,361052631578947 0,168 0,526984126984127 0,741269841269841 -0,984 -1 1 -1 -1 -1 
0,683636363636364 0,476842105263157 -0,0479999999999999 0,537301587301587 0,751587301587302 -0,984 -1 1 -1 -1 -1 
0,737272727272727 0,478947368421053 -0,304 0,561111111111111 0,775396825396825 -1 -1 -1 -1 -1 -1 
0,767272727272727 0,432631578947369 -0,488 0,596031746031746 0,81031746031746 -0,992 -1 1 -1 -1 -1 
0,672727272727273 0,539999999999999 -0,36 0,535714285714286 0,75 -0,936 -1 1 -1 -1 -1 
0,730909090909091 0,43578947368421 -0,688 0,544444444444444 0,758730158730159 -1 -1 1 -1 -1 -1 
0,735454545454545 0,467368421052631 -0,336 0,568253968253968 0,782539682539683 -1 -1 -1 -1 -1 -1 
0,743636363636364 0,484210526315789 -0,2 0,584126984126984 0,798412698412698 -1 -1 -1 -1 -1 -1 
0,765454545454546 0,454736842105264 -0,808 0,568253968253968 0,782539682539683 -1 -1 -1 -1 -1 -1 
0,778181818181818 0,476842105263157 -0,264 0,588888888888889 0,803174603174603 -0,624 -1 1 -1 -1 -1 
0,750909090909091 0,571578947368421 -0,592 0,553968253968254 0,768253968253968 -0,964 -1 1 -1 -1 -1 
0,75 0,547368421052632 -0,64 0,512698412698413 0,726984126984127 -1 -1 -1 -1 -1 -1 
0,760909090909091 0,450526315789473 -0,36 0,578571428571429 0,792857142857143 -1 -1 -1 -1 -1 -1 
0,765454545454546 0,384210526315789 -0,224 0,603968253968254 0,818253968253968 -0,992 -1 1 -1 -1 -1 
0,737272727272727 0,514736842105263 -0,784 0,578571428571429 0,792857142857143 -0,992 -1 -1 -1 -1 -1 
0,762727272727273 0,536842105263158 -0,576 0,58968253968254 0,803968253968254 -1 -1 -1 -1 -1 -1 
0,727272727272727 0,491578947368422 -0,304 0,561111111111111 0,775396825396825 -1 -1 -1 -1 -1 -1 
0,750909090909091 0,398947368421052 -0,472 0,567460317460317 0,781746031746032 -0,844 -1 1 -1 -1 -1 
0,696363636363636 0,44421052631579 -0,288 0,541269841269841 0,755555555555556 -1 -1 -1 -1 -1 -1 
0,684545454545455 0,487368421052631 -0,848 0,496825396825397 0,711111111111111 -1 1 -1 -1 -1 -1 
0,83 0,513684210526315 -0,712 0,618253968253968 0,832539682539683 -0,984 -1 -1 -1 -1 1 
0,762727272727273 0,560000000000001 -0,576 0,601587301587302 0,815873015873016 -0,952 -1 1 -1 -1 -1 
0,747272727272727 0,566315789473684 -0,784 0,531746031746032 0,746031746031746 -0,968 -1 -1 -1 -1 1 
0,75 0,495789473684211 -0,536 0,561111111111111 0,775396825396825 -1 -1 1 -1 -1 -1 
0,740909090909091 0,415789473684211 -0,376 0,581746031746032 0,796031746031746 -0,844 -1 1 -1 -1 -1 
0,682727272727273 0,43578947368421 -0,36 0,542857142857143 0,757142857142857 -0,996 -1 1 -1 -1 -1 
0,680909090909091 0,461052631578947 -0,416 0,491269841269841 0,705555555555556 -0,988 -1 1 -1 -1 -1 
0,666363636363636 0,487368421052631 -0,416 0,485714285714286 0,7 -0,992 -1 1 -1 -1 -1 
0,659090909090909 0,524210526315789 -0,848 0,446825396825397 0,661111111111111 -1 -1 -1 -1 -1 -1 
0,676363636363636 0,511578947368421 -0,8 0,517460317460318 0,731746031746032 -0,952 -1 1 -1 -1 -1 
0,67 0,524210526315789 -0,712 0,494444444444444 0,708730158730159 -1 -1 -1 -1 -1 -1 
0,695454545454545 0,449473684210527 -0,752 0,542857142857143 0,757142857142857 -0,968 -1 1 -1 -1 -1 
0,692727272727273 0,466315789473684 -0,744 0,537301587301587 0,751587301587302 -0,976 1 1 -1 -1 -1 
0,688181818181818 0,48 -0,576 0,525396825396825 0,73968253968254 -0,968 -1 1 -1 -1 -1 
0,702727272727273 0,437894736842106 -0,376 0,546031746031746 0,76031746031746 -0,904 -1 1 -1 -1 -1 
0,72 0,524210526315789 -0,416 0,537301587301587 0,751587301587302 -0,984 -1 1 -1 -1 -1 
0,761818181818182 0,474736842105263 -0,632 0,591269841269841 0,805555555555556 -0,98 -1 1 -1 -1 -1 
0,746363636363636 0,324210526315789 0,0720000000000001 0,571428571428571 0,785714285714286 -0,716 -1 1 -1 -1 -1 
0,750909090909091 0,4 -0,144 0,571428571428571 0,785714285714286 -0,92 -1 1 -1 -1 -1 
0,767272727272727 0,386315789473685 -0,728 0,6 0,814285714285714 -0,812 -1 1 -1 -1 -1 
0,758181818181818 0,545263157894736 -0,36 0,618253968253968 0,832539682539683 -0,904 1 -1 -1 -1 -1 
0,760909090909091 0,469473684210527 -0,00800000000000001 0,58015873015873 0,794444444444444 -0,932 -1 1 -1 -1 -1 
0,707272727272727 0,338947368421053 0,376 0,546031746031746 0,76031746031746 -0,92 -1 1 -1 -1 -1 
0,685454545454546 0,361052631578947 0,168 0,526984126984127 0,741269841269841 -0,984 -1 1 -1 -1 -1 
0,683636363636364 0,476842105263157 -0,0479999999999999 0,537301587301587 0,751587301587302 -0,984 -1 1 -1 -1 -1 
0,717272727272727 0,560000000000001 -0,808 0,51984126984127 0,734126984126984 -0,78 1 -1 -1 -1 -1 
0,68 0,628421052631579 -0,768 0,514285714285714 0,728571428571429 -1 -1 -1 -1 -1 -1 
0,636363636363636 0,642105263157895 -0,848 0,448412698412698 0,662698412698413 -1 -1 -1 -1 -1 -1 
0,684545454545455 0,613684210526315 -0,808 0,484126984126984 0,698412698412698 -1 -1 -1 -1 -1 -1 
0,648181818181818 0,607368421052632 -0,576 0,455555555555556 0,66984126984127 -1 -1 -1 -1 -1 -1 
0,797272727272727 0,46 -0,496 0,641269841269841 0,855555555555556 -1 -1 -1 -1 -1 -1 
0,786363636363636 0,388421052631579 -0,496 0,65 0,864285714285714 -1 -1 -1 -1 -1 -1 
0,728181818181818 0,307368421052632 -0,184 0,603174603174603 0,817460317460317 -1 -1 -1 -1 -1 -1 
0,718181818181818 0,294736842105263 -0,496 0,535714285714286 0,75 -0,876 -1 1 -1 -1 -1 
0,684545454545455 0,322105263157895 -0,576 0,505555555555556 0,71984126984127 -0,732 -1 -1 -1 -1 -1 
0,781818181818182 0,617894736842106 -0,632 0,621428571428571 0,835714285714286 -1 1 -1 -1 -1 -1 
0,794545454545455 0,658947368421052 -0,672 0,603968253968254 0,818253968253968 -1 1 -1 -1 -1 -1 
0,713636363636364 0,656842105263159 -0,64 0,6 0,814285714285714 -1 -1 -1 -1 -1 -1 
0,662727272727273 0,616842105263158 -0,68 0,503968253968254 0,718253968253968 -1 -1 -1 -1 -1 -1 
0,628181818181818 0,608421052631578 -0,752 0,482539682539682 0,696825396825397 -1 -1 -1 -1 -1 -1 
0,755454545454545 0,498947368421052 -0,84 0,574603174603175 0,788888888888889 -0,952 -1 1 -1 -1 -1 
0,73 0,470526315789474 -0,776 0,553174603174603 0,767460317460318 -0,968 -1 1 -1 -1 -1 
0,744545454545455 0,429473684210526 -0,696 0,514285714285714 0,728571428571429 -0,968 -1 1 -1 -1 -1 
0,756363636363636 0,407368421052632 -0,688 0,576984126984127 0,791269841269841 -0,92 1 1 -1 -1 1 
0,748181818181818 0,43578947368421 -0,56 0,565873015873016 0,78015873015873 -0,984 1 1 -1 -1 -1 
0,682727272727273 0,317894736842106 -0,176 0,537301587301587 0,751587301587302 -0,988 -1 -1 -1 -1 -1 
0,700909090909091 0,321052631578947 -0,0479999999999999 0,528571428571429 0,742857142857143 -0,904 -1 1 -1 -1 -1 
0,728181818181818 0,432631578947369 -0,32 0,564285714285714 0,778571428571429 -0,968 -1 1 -1 -1 -1 
0,716363636363636 0,4 -0,456 0,562698412698413 0,776984126984127 -0,716 -1 1 -1 -1 -1 
0,729090909090909 0,458947368421053 -0,408 0,571428571428571 0,785714285714286 -0,968 -1 1 -1 -1 -1 
0,6 0,657894736842105 -0,6 0,482539682539682 0,696825396825397 -1 -1 -1 -1 -1 -1 
0,64 0,595789473684211 -0,832 0,461111111111111 0,675396825396825 -1 -1 -1 -1 -1 -1 
0,752727272727273 0,45578947368421 -0,528 0,553174603174603 0,767460317460318 -0,968 -1 1 -1 -1 -1 
0,693636363636364 0,453684210526316 -0,32 0,537301587301587 0,751587301587302 -0,984 -1 1 -1 -1 -1 
0,678181818181818 0,485263157894737 -0,688 0,51031746031746 0,724603174603175 -1 -1 1 -1 -1 -1 
0,728181818181818 0,456842105263158 -0,408 0,544444444444444 0,758730158730159 -0,836 -1 1 -1 -1 -1 
0,703636363636364 0,483157894736842 -0,648 0,5 0,714285714285714 -1 1 1 -1 -1 -1 
0,689090909090909 0,508421052631578 -0,416 0,512698412698413 0,726984126984127 -0,992 -1 1 -1 -1 -1 
0,615454545454545 0,610526315789474 -0,352 0,471428571428571 0,685714285714286 -0,848 -1 -1 -1 -1 -1 
0,712727272727273 0,578947368421053 -0,536 0,48968253968254 0,703968253968254 -0,96 -1 1 -1 -1 -1 
0,864545454545455 0,42 -0,416 0,664285714285714 0,878571428571429 -0,444 -1 -1 -1 -1 1 
0,788181818181818 0,442105263157895 -0,264 0,641269841269841 0,855555555555556 -0,996 -1 1 -1 -1 -1 
0,781818181818182 0,473684210526316 -0,344 0,633333333333333 0,847619047619048 -1 -1 -1 -1 -1 -1 
0,774545454545455 0,505263157894737 -0,424 0,625396825396825 0,83968253968254 -1 -1 -1 -1 -1 -1 
0,813636363636364 0,482105263157894 -0,44 0,674603174603175 0,888888888888889 -1 -1 -1 -1 -1 1 
0,760909090909091 0,52 -0,24 0,594444444444444 0,808730158730159 -1 -1 -1 -1 -1 -1 
0,792727272727273 0,487368421052631 -0,552 0,603174603174603 0,817460317460317 -0,996 -1 1 -1 -1 -1 
0,753636363636364 0,490526315789474 -0,088 0,611111111111111 0,825396825396825 -0,964 -1 1 -1 -1 -1 
0,733636363636364 0,594736842105263 -0,128 0,576984126984127 0,791269841269841 -0,952 -1 -1 -1 -1 -1 
0,719090909090909 0,661052631578947 -0,712 0,541269841269841 0,755555555555556 -1 -1 -1 -1 -1 -1 
0,798181818181818 0,452631578947368 -0,408 0,617460317460317 0,831746031746032 -0,984 -1 1 -1 -1 -1 
0,705454545454545 0,507368421052632 -0,304 0,574603174603175 0,788888888888889 -1 -1 -1 -1 -1 -1 
0,710909090909091 0,461052631578947 -0,144 0,564285714285714 0,778571428571429 -1 -1 -1 -1 -1 -1 
0,713636363636364 0,485263157894737 -0,2 0,553174603174603 0,767460317460318 -0,952 -1 -1 -1 -1 -1 
0,714545454545454 0,495789473684211 -0,28 0,564285714285714 0,778571428571429 -1 -1 1 -1 -1 -1 
0,692727272727273 0,462105263157895 -0,168 0,562698412698413 0,776984126984127 -1 -1 1 -1 -1 -1 
0,717272727272727 0,426315789473684 -0,224 0,558730158730159 0,773015873015873 -0,936 -1 1 -1 -1 -1 
0,713636363636364 0,541052631578947 -0,0640000000000001 0,542857142857143 0,757142857142857 -0,952 -1 1 -1 -1 -1 
0,713636363636364 0,52 -0,28 0,564285714285714 0,778571428571429 -1 -1 1 -1 -1 -1 
0,696363636363636 0,461052631578947 -0,144 0,532539682539683 0,746825396825397 -0,984 -1 1 -1 -1 -1 
