0,547272727272727 0,686315789473685 -0,608 0,408730158730159 0,623015873015873 -1 -1 -1 -1 -1 -1 
0,531818181818182 0,665263157894737 -0,344 0,414285714285714 0,628571428571429 -1 -1 -1 -1 -1 -1 
0,57 0,632631578947367 -0,688 0,414285714285714 0,628571428571429 -1 1 -1 -1 -1 -1 
0,594545454545455 0,630526315789475 -0,664 0,41984126984127 0,634126984126984 -0,936 1 -1 -1 -1 -1 
0,627272727272727 0,642105263157895 -0,656 0,474603174603175 0,688888888888889 -1 -1 -1 -1 -1 -1 
0,642727272727273 0,613684210526315 -0,712 0,46984126984127 0,684126984126984 -1 1 -1 -1 -1 -1 
0,637272727272727 0,589473684210526 -0,448 0,451587301587302 0,665873015873016 -1 1 1 -1 -1 -1 
0,649090909090909 0,526315789473684 -0,456 0,507142857142857 0,721428571428571 -1 -1 1 -1 -1 -1 
0,615454545454545 0,569473684210527 -0,424 0,418253968253968 0,632539682539683 -1 -1 1 -1 -1 -1 
0,582727272727273 0,539999999999999 -0,2 0,418253968253968 0,632539682539683 -1 1 1 -1 -1 -1 
0,664545454545454 0,497894736842105 -0,224 0,511111111111111 0,725396825396825 -0,968 -1 1 -1 -1 -1 
0,648181818181818 0,552631578947368 -0,672 0,462698412698413 0,676984126984127 -0,996 -1 1 -1 -1 -1 
0,606363636363636 0,603157894736842 -0,712 0,425396825396825 0,63968253968254 -1 1 -1 -1 -1 -1 
0,643636363636364 0,474736842105263 -0,456 0,471428571428571 0,685714285714286 -1 -1 -1 -1 -1 -1 
0,69 0,417894736842106 -0,416 0,518253968253968 0,732539682539682 -0,86 -1 1 -1 -1 -1 
0,6 0,489473684210526 -0,0640000000000001 0,423015873015873 0,637301587301587 -1 1 -1 -1 -1 -1 
0,640909090909091 0,433684210526316 -0,264 0,484126984126984 0,698412698412698 -0,992 -1 1 -1 -1 -1 
0,623636363636364 0,404210526315789 -0,2 0,482539682539682 0,696825396825397 -0,86 -1 1 -1 -1 -1 
0,588181818181818 0,481052631578948 -0,768 0,425396825396825 0,63968253968254 -0,968 1 1 -1 -1 -1 
0,612727272727273 0,489473684210526 -0,336 0,425396825396825 0,63968253968254 -0,764 -1 1 -1 -1 -1 
0,548181818181818 0,662105263157896 -0,576 0,391269841269841 0,605555555555556 -1 1 -1 -1 -1 -1 
0,586363636363636 0,556842105263158 -0,36 0,434126984126984 0,648412698412698 -1 -1 -1 -1 -1 -1 
0,634545454545455 0,434736842105263 0,032 0,453174603174603 0,667460317460317 -1 -1 -1 -1 -1 -1 
0,616363636363636 0,477894736842105 -0,512 0,461111111111111 0,675396825396825 -1 1 1 -1 -1 -1 
0,611818181818182 0,515789473684211 -0,4 0,46984126984127 0,684126984126984 -0,968 -1 1 -1 -1 -1 
0,633636363636364 0,495789473684211 -0,4 0,414285714285714 0,628571428571429 -0,984 1 1 -1 -1 -1 
0,677272727272727 0,484210526315789 0,00800000000000001 0,523015873015873 0,737301587301587 -0,888 -1 1 -1 -1 -1 
0,736363636363636 0,477894736842105 -0,0479999999999999 0,558730158730159 0,773015873015873 -0,976 -1 1 -1 -1 -1 
0,727272727272727 0,485263157894737 -0,184 0,561111111111111 0,775396825396825 -0,92 -1 1 -1 -1 -1 
0,685454545454546 0,437894736842106 -0,536 0,525396825396825 0,73968253968254 -1 -1 -1 -1 -1 -1 
0,582727272727273 0,585263157894737 -0,32 0,401587301587302 0,615873015873016 -1 -1 -1 -1 -1 -1 
0,579090909090909 0,568421052631579 -0,424 0,394444444444444 0,608730158730159 -0,968 -1 1 -1 -1 -1 
0,641818181818182 0,468421052631579 -0,536 0,45 0,664285714285714 -1 1 -1 -1 -1 -1 
0,681818181818182 0,402105263157895 -0,376 0,532539682539683 0,746825396825397 -1 -1 1 -1 -1 -1 
0,6 0,550526315789473 -0,648 0,421428571428571 0,635714285714286 -0,996 -1 1 -1 -1 -1 
0,656363636363636 0,537894736842106 -0,648 0,507142857142857 0,721428571428571 -1 1 1 -1 -1 -1 
0,694545454545455 0,448421052631579 -0,632 0,51031746031746 0,724603174603175 -0,968 1 1 -1 -1 -1 
0,665454545454546 0,366315789473684 -0,2 0,51031746031746 0,724603174603175 -0,984 -1 1 -1 -1 -1 
0,639090909090909 0,348421052631579 -0,648 0,425396825396825 0,63968253968254 -1 -1 -1 -1 -1 -1 
0,655454545454545 0,288421052631579 -0,376 0,491269841269841 0,705555555555556 -0,876 -1 1 -1 -1 -1 
0,659090909090909 0,448421052631579 -0,632 0,462698412698413 0,676984126984127 -1 1 -1 -1 -1 -1 
0,600909090909091 0,488421052631579 -1 0,43015873015873 0,644444444444444 -1 1 -1 -1 -1 -1 
0,633636363636364 0,504210526315789 -0,664 0,448412698412698 0,662698412698413 -1 1 -1 -1 -1 -1 
0,667272727272727 0,446315789473684 -0,168 0,51984126984127 0,734126984126984 -0,992 -1 1 -1 -1 -1 
0,658181818181818 0,452631578947368 -0,36 0,507142857142857 0,721428571428571 -0,7 -1 1 -1 -1 -1 
0,527272727272727 0,476842105263157 -0,584 0,38968253968254 0,603968253968254 -0,924 -1 -1 1 -1 -1 
0,56 0,382105263157894 -0,544 0,408730158730159 0,623015873015873 -1 1 -1 1 -1 -1 
0,547272727272727 0,389473684210526 -0,592 0,417460317460317 0,631746031746032 -0,908 -1 -1 1 -1 -1 
0,528181818181818 0,422105263157895 -0,624 0,382539682539683 0,596825396825397 -0,992 -1 -1 1 -1 -1 
0,450909090909091 0,521052631578947 -0,72 0,308730158730159 0,523015873015873 -0,98 -1 -1 -1 -1 -1 
0,540909090909091 0,587368421052631 -0,768 0,38015873015873 0,594444444444444 -1 1 -1 -1 -1 -1 
0,563636363636364 0,474736842105263 -0,584 0,415873015873016 0,63015873015873 -0,888 1 1 1 -1 -1 
0,597272727272727 0,489473684210526 -0,232 0,431746031746032 0,646031746031746 -0,936 -1 1 -1 -1 -1 
0,650909090909091 0,405263157894737 -0,168 0,471428571428571 0,685714285714286 -0,888 1 1 -1 -1 -1 
0,610909090909091 0,498947368421052 -0,112 0,444444444444444 0,658730158730159 -0,944 -1 1 -1 -1 -1 
0,592727272727273 0,62 -0,456 0,437301587301587 0,651587301587301 -1 1 -1 -1 -1 -1 
0,595454545454545 0,594736842105263 -0,024 0,448412698412698 0,662698412698413 -1 -1 1 -1 -1 -1 
0,637272727272727 0,598947368421052 -0,384 0,473015873015873 0,687301587301587 -0,98 1 1 -1 -1 -1 
0,669090909090909 0,610526315789474 -0,504 0,512698412698413 0,726984126984127 -1 -1 1 -1 -1 -1 
0,661818181818182 0,548421052631579 -0,168 0,515873015873016 0,73015873015873 -1 -1 1 -1 -1 -1 
0,596363636363636 0,624210526315789 -0,384 0,448412698412698 0,662698412698413 -1 -1 1 -1 -1 -1 
0,644545454545455 0,675789473684211 -0,408 0,442857142857143 0,657142857142857 -0,944 1 1 -1 -1 -1 
0,601818181818182 0,681052631578948 -0,616 0,431746031746032 0,646031746031746 -1 1 1 -1 -1 -1 
0,65 0,687368421052631 -0,76 0,471428571428571 0,685714285714286 -0,948 1 1 -1 -1 -1 
0,66 0,7 -0,632 0,511111111111111 0,725396825396825 -1 1 -1 -1 -1 -1 
0,624545454545455 0,371578947368421 -0,336 0,432539682539683 0,646825396825397 -0,916 -1 1 1 -1 -1 
0,675454545454545 0,477894736842105 -0,24 0,507142857142857 0,721428571428571 -0,876 -1 1 -1 -1 -1 
0,687272727272727 0,508421052631578 -0,472 0,481746031746032 0,696031746031746 -1 1 1 -1 -1 -1 
0,65 0,543157894736842 -0,632 0,474603174603175 0,688888888888889 -1 1 -1 -1 -1 -1 
0,674545454545455 0,581052631578948 -0,336 0,505555555555556 0,71984126984127 -1 1 -1 -1 -1 -1 
0,586363636363636 0,524210526315789 -0,32 0,442857142857143 0,657142857142857 -1 1 -1 -1 -1 -1 
0,596363636363636 0,437894736842106 -0,336 0,435714285714286 0,65 -0,992 -1 1 -1 -1 -1 
0,657272727272727 0,417894736842106 -0,2 0,474603174603175 0,688888888888889 -0,98 -1 1 -1 -1 -1 
0,675454545454545 0,424210526315789 -0,224 0,531746031746032 0,746031746031746 -0,96 -1 -1 -1 -1 -1 
0,658181818181818 0,475789473684211 -0,376 0,503174603174603 0,717460317460317 -1 -1 -1 -1 -1 -1 
0,605454545454545 0,386315789473685 -0,512 0,438888888888889 0,653174603174603 -0,948 1 1 1 -1 -1 
0,616363636363636 0,345263157894736 -0,32 0,453968253968254 0,668253968253968 -1 1 1 -1 -1 -1 
0,560909090909091 0,312631578947369 0,00800000000000001 0,43015873015873 0,644444444444444 -0,944 -1 1 1 -1 -1 
0,536363636363636 0,342105263157895 -0,264 0,398412698412698 0,612698412698413 -0,996 -1 -1 1 -1 -1 
0,540909090909091 0,363157894736842 -0,376 0,408730158730159 0,623015873015873 -1 -1 -1 1 -1 -1 
0,549090909090909 0,422105263157895 -0,168 0,405555555555556 0,61984126984127 -0,9 -1 1 1 -1 -1 
0,505454545454545 0,537894736842106 -0,224 0,353968253968254 0,568253968253968 -1 -1 -1 1 -1 -1 
0,511818181818182 0,466315789473684 -0,184 0,358730158730159 0,573015873015873 -0,976 -1 -1 1 -1 -1 
0,555454545454545 0,371578947368421 -0,376 0,405555555555556 0,61984126984127 -0,996 1 1 1 -1 -1 
0,580909090909091 0,438947368421053 -0,576 0,432539682539683 0,646825396825397 -0,992 1 -1 1 -1 -1 
0,614545454545455 0,411578947368421 0,024 0,487301587301587 0,701587301587302 -0,984 -1 1 -1 -1 -1 
0,568181818181818 0,45578947368421 -0,552 0,417460317460317 0,631746031746032 -1 1 1 -1 -1 -1 
0,570909090909091 0,428421052631579 -0,304 0,415873015873016 0,63015873015873 -0,904 -1 1 -1 -1 -1 
0,606363636363636 0,342105263157895 -0,456 0,415873015873016 0,63015873015873 -0,908 1 1 -1 -1 -1 
0,61 0,407368421052632 -0,608 0,462698412698413 0,676984126984127 -0,992 -1 1 -1 -1 -1 
0,543636363636364 0,607368421052632 -0,416 0,38968253968254 0,603968253968254 -0,984 -1 1 -1 -1 -1 
0,588181818181818 0,525263157894737 -0,224 0,446031746031746 0,66031746031746 -1 -1 1 -1 -1 -1 
0,58 0,384210526315789 0,24 0,431746031746032 0,646031746031746 -0,996 -1 1 -1 1 -1 
0,544545454545455 0,490526315789474 0,376 0,428571428571429 0,642857142857143 -1 -1 1 1 -1 -1 
0,568181818181818 0,529473684210526 -0,576 0,401587301587302 0,615873015873016 -1 1 -1 -1 -1 -1 
0,554545454545455 0,58 -0,464 0,418253968253968 0,632539682539683 -1 -1 -1 -1 -1 -1 
0,548181818181818 0,497894736842105 0,552 0,414285714285714 0,628571428571429 -0,968 -1 1 -1 -1 -1 
0,566363636363636 0,572631578947368 -0,12 0,41031746031746 0,624603174603175 -1 -1 1 -1 -1 -1 
0,649090909090909 0,490526315789474 0,592 0,514285714285714 0,728571428571429 -1 -1 1 -1 -1 -1 
0,662727272727273 0,514736842105263 0,152 0,515873015873016 0,73015873015873 -1 -1 1 -1 -1 -1 
0,581818181818182 0,648421052631578 -0,728 0,418253968253968 0,632539682539683 -1 -1 -1 -1 -1 -1 
0,561818181818182 0,7 -0,672 0,403968253968254 0,618253968253968 -1 -1 -1 -1 -1 -1 
0,618181818181818 0,652631578947368 0,048 0,446825396825397 0,661111111111111 -1 -1 -1 -1 -1 -1 
0,63 0,577894736842105 -0,128 0,492857142857143 0,707142857142857 -1 -1 1 -1 -1 -1 
0,596363636363636 0,546315789473684 -0,512 0,464285714285714 0,678571428571429 -0,976 -1 1 -1 -1 -1 
0,581818181818182 0,56421052631579 -0,472 0,441269841269841 0,655555555555556 -0,968 -1 -1 -1 -1 -1 
0,558181818181818 0,408421052631578 -0,28 0,435714285714286 0,65 -0,968 -1 -1 1 -1 -1 
0,588181818181818 0,453684210526316 -0,456 0,428571428571429 0,642857142857143 -0,936 -1 -1 1 -1 -1 
0,591818181818182 0,490526315789474 -0,576 0,455555555555556 0,66984126984127 -1 1 -1 -1 -1 -1 
0,519090909090909 0,486315789473685 -0,536 0,36984126984127 0,584126984126984 -0,98 -1 -1 1 -1 -1 
0,546363636363636 0,628421052631579 -0,592 0,392857142857143 0,607142857142857 -1 1 1 -1 -1 -1 
0,586363636363636 0,516842105263158 -0,824 0,426984126984127 0,641269841269841 -0,844 1 1 -1 -1 -1 
0,587272727272727 0,446315789473684 -0,496 0,425396825396825 0,63968253968254 -0,984 -1 1 -1 -1 -1 
0,563636363636364 0,527368421052632 -0,168 0,432539682539683 0,646825396825397 -1 -1 1 1 -1 -1 
0,515454545454546 0,637894736842104 -0,624 0,414285714285714 0,628571428571429 -1 -1 -1 -1 -1 -1 
0,644545454545455 0,648421052631578 -0,768 0,503174603174603 0,717460317460317 -1 1 1 -1 -1 -1 
0,596363636363636 0,714736842105264 -0,864 0,417460317460317 0,631746031746032 -1 -1 -1 -1 -1 -1 
0,554545454545455 0,732631578947367 -0,864 0,382539682539683 0,596825396825397 -1 1 -1 -1 -1 -1 
0,585454545454546 0,686315789473685 -0,472 0,45 0,664285714285714 -1 -1 1 -1 -1 -1 
0,616363636363636 0,570526315789474 -0,36 0,453174603174603 0,667460317460317 -0,98 1 1 -1 -1 -1 
0,646363636363636 0,458947368421053 -0,496 0,468253968253968 0,682539682539683 -1 1 -1 -1 -1 -1 
0,597272727272727 0,491578947368422 -0,648 0,442857142857143 0,657142857142857 -1 1 -1 -1 -1 -1 
0,568181818181818 0,522105263157895 -0,648 0,417460317460317 0,631746031746032 -1 1 1 -1 -1 -1 
0,564545454545455 0,412631578947369 -0,336 0,41984126984127 0,634126984126984 -0,984 1 1 1 -1 -1 
0,514545454545455 0,441052631578947 -0,336 0,361111111111111 0,575396825396825 -0,984 -1 1 1 -1 -1 
0,612727272727273 0,489473684210526 -0,336 0,425396825396825 0,63968253968254 -0,764 -1 1 -1 -1 -1 
0,663636363636364 0,427368421052632 -0,536 0,494444444444444 0,708730158730159 -0,948 -1 1 -1 -1 -1 
0,59 0,493684210526316 -0,592 0,428571428571429 0,642857142857143 -0,996 -1 -1 -1 -1 -1 
0,558181818181818 0,563157894736842 -0,784 0,411111111111111 0,625396825396825 -1 1 -1 -1 -1 -1 
0,506363636363636 0,610526315789474 -0,632 0,357142857142857 0,571428571428571 -1 -1 -1 -1 -1 -1 
0,417272727272727 0,65578947368421 -0,032 0,308730158730159 0,523015873015873 -1 -1 -1 -1 -1 -1 
0,395454545454545 0,614736842105263 -0,088 0,285714285714286 0,5 -1 -1 -1 -1 -1 -1 
0,534545454545455 0,498947368421052 -0,488 0,324603174603175 0,538888888888889 -0,844 -1 1 1 -1 -1 
0,609090909090909 0,494736842105263 -0,536 0,441269841269841 0,655555555555556 -0,952 1 1 -1 -1 -1 
0,600909090909091 0,492631578947368 -0,0640000000000001 0,462698412698413 0,676984126984127 -0,984 -1 -1 -1 -1 -1 
0,569090909090909 0,474736842105263 0,264 0,448412698412698 0,662698412698413 -0,92 -1 1 -1 -1 -1 
0,479090909090909 0,586315789473685 -0,376 0,332539682539683 0,546825396825397 -1 -1 -1 -1 -1 -1 
0,530909090909091 0,58 -0,608 0,303174603174603 0,517460317460318 -0,996 1 1 1 -1 -1 
0,611818181818182 0,536842105263158 -0,32 0,451587301587302 0,665873015873016 -1 1 1 -1 -1 -1 
0,565454545454545 0,511578947368421 0,576 0,462698412698413 0,676984126984127 -1 -1 1 1 -1 -1 
0,530909090909091 0,723157894736843 -0,776 0,396031746031746 0,61031746031746 -1 -1 -1 -1 -1 -1 
0,499090909090909 0,629473684210526 -0,608 0,367460317460317 0,581746031746032 -1 -1 1 -1 -1 -1 
0,583636363636364 0,546315789473684 -0,712 0,414285714285714 0,628571428571429 -0,992 1 1 -1 -1 -1 
0,614545454545455 0,508421052631578 -0,36 0,451587301587302 0,665873015873016 -0,836 1 1 -1 -1 -1 
0,587272727272727 0,569473684210527 -0,2 0,446031746031746 0,66031746031746 -0,984 -1 -1 -1 -1 -1 
0,573636363636364 0,565263157894737 -0,088 0,435714285714286 0,65 -1 -1 -1 -1 -1 -1 
0,542727272727273 0,512631578947369 -0,608 0,403174603174603 0,617460317460317 -1 -1 -1 -1 -1 -1 
0,581818181818182 0,443157894736842 -0,536 0,401587301587302 0,615873015873016 -0,996 -1 1 -1 -1 -1 
0,645454545454546 0,34421052631579 -0,488 0,484126984126984 0,698412698412698 -0,92 -1 1 -1 -1 -1 
0,609090909090909 0,295789473684211 -0,312 0,451587301587302 0,665873015873016 -0,92 -1 1 -1 -1 -1 
0,540909090909091 0,445263157894736 -0,224 0,4 0,614285714285714 -1 -1 -1 1 -1 -1 
0,556363636363636 0,508421052631578 -0,712 0,423015873015873 0,637301587301587 -1 1 -1 -1 -1 -1 
0,537272727272727 0,463157894736842 -0,632 0,41031746031746 0,624603174603175 -1 1 -1 -1 -1 -1 
0,555454545454545 0,494736842105263 -0,712 0,411111111111111 0,625396825396825 -1 1 -1 -1 -1 -1 
0,57 0,598947368421052 -0,456 0,43015873015873 0,644444444444444 -1 1 -1 -1 -1 -1 
0,643636363636364 0,628421052631579 -0,184 0,441269841269841 0,655555555555556 -0,988 -1 1 -1 -1 -1 
0,626363636363636 0,534736842105263 -0,176 0,471428571428571 0,685714285714286 -0,988 -1 1 -1 -1 -1 
0,551818181818182 0,396842105263158 -0,512 0,385714285714286 0,6 -0,828 -1 1 1 -1 -1 
0,484545454545455 0,531578947368421 -0,52 0,331746031746032 0,546031746031746 -0,988 -1 -1 1 -1 -1 
0,470909090909091 0,621052631578947 -0,64 0,307142857142857 0,521428571428571 -1 1 -1 -1 -1 -1 
0,500909090909091 0,523157894736843 -0,712 0,367460317460317 0,581746031746032 -0,996 -1 -1 1 -1 -1 
0,524545454545455 0,521052631578947 -0,496 0,382539682539683 0,596825396825397 -0,92 -1 -1 1 -1 -1 
0,509090909090909 0,6 -0,488 0,368253968253968 0,582539682539683 -0,996 -1 -1 1 -1 -1 
0,442727272727273 0,678947368421053 -0,648 0,301587301587302 0,515873015873016 -1 -1 -1 -1 -1 -1 
0,579090909090909 0,627368421052631 -0,504 0,342857142857143 0,557142857142857 -0,988 1 1 1 -1 -1 
0,524545454545455 0,521052631578947 -0,496 0,382539682539683 0,596825396825397 -0,92 -1 -1 1 -1 -1 
0,509090909090909 0,6 -0,488 0,368253968253968 0,582539682539683 -0,996 -1 -1 1 -1 -1 
0,442727272727273 0,678947368421053 -0,648 0,301587301587302 0,515873015873016 -1 -1 -1 -1 -1 -1 
0,579090909090909 0,627368421052631 -0,504 0,342857142857143 0,557142857142857 -0,988 1 1 1 -1 -1 
0,593636363636364 0,610526315789474 -0,568 0,442857142857143 0,657142857142857 -1 1 1 -1 -1 -1 
0,579090909090909 0,627368421052631 -0,504 0,342857142857143 0,557142857142857 -0,988 1 1 1 -1 -1 
0,593636363636364 0,610526315789474 -0,568 0,442857142857143 0,657142857142857 -1 1 1 -1 -1 -1 
0,602727272727273 0,661052631578947 -0,456 0,432539682539683 0,646825396825397 -1 -1 1 -1 -1 -1 
0,570909090909091 0,597894736842105 -0,224 0,437301587301587 0,651587301587301 -1 -1 -1 -1 -1 -1 
0,599090909090909 0,573684210526316 -0,352 0,448412698412698 0,662698412698413 -0,988 1 1 -1 -1 -1 
0,451818181818182 0,398947368421052 -0,392 0,325396825396825 0,53968253968254 -1 -1 -1 1 -1 -1 
0,512727272727273 0,458947368421053 -0,344 0,325396825396825 0,53968253968254 -0,996 -1 -1 1 -1 -1 
0,48 0,518947368421052 -0,248 0,314285714285714 0,528571428571429 -1 1 -1 1 -1 -1 
0,550909090909091 0,325263157894737 -0,096 0,367460317460317 0,581746031746032 -0,964 -1 1 1 -1 -1 
0,467272727272727 0,58421052631579 0,192 0,33968253968254 0,553968253968254 -0,928 -1 -1 1 -1 -1 
0,578181818181818 0,369473684210527 -0,36 0,421428571428571 0,635714285714286 -1 1 1 -1 -1 -1 
0,568181818181818 0,337894736842106 -0,232 0,405555555555556 0,61984126984127 -0,964 -1 1 1 -1 -1 
0,53 0,443157894736842 -0,264 0,403968253968254 0,618253968253968 -0,992 -1 -1 1 -1 -1 
0,536363636363636 0,475789473684211 -0,368 0,401587301587302 0,615873015873016 -0,988 -1 -1 -1 -1 -1 
0,53 0,54421052631579 -0,544 0,326984126984127 0,541269841269841 -1 1 -1 -1 -1 -1 
0,52 0,618947368421052 -0,688 0,364285714285714 0,578571428571429 -1 1 -1 -1 -1 -1 
0,533636363636364 0,597894736842105 -0,632 0,384126984126984 0,598412698412699 -1 1 -1 -1 -1 -1 
0,546363636363636 0,541052631578947 -0,56 0,407142857142857 0,621428571428571 -1 -1 -1 -1 -1 -1 
0,566363636363636 0,504210526315789 -0,688 0,403968253968254 0,618253968253968 -1 1 -1 -1 -1 -1 
0,602727272727273 0,537894736842106 -0,6 0,438888888888889 0,653174603174603 -1 1 1 -1 -1 -1 
0,61 0,429473684210526 -0,32 0,431746031746032 0,646031746031746 -0,956 1 1 -1 -1 -1 
0,623636363636364 0,24 -0,032 0,471428571428571 0,685714285714286 -0,956 -1 1 -1 -1 -1 
0,601818181818182 0,351578947368421 -0,0640000000000001 0,468253968253968 0,682539682539683 -0,9 -1 1 -1 -1 -1 
0,583636363636364 0,561052631578947 -0,224 0,441269841269841 0,655555555555556 -0,988 -1 -1 -1 -1 -1 
0,579090909090909 0,518947368421052 -0,32 0,446825396825397 0,661111111111111 -1 1 1 -1 -1 -1 
0,568181818181818 0,587368421052631 -0,28 0,41984126984127 0,634126984126984 -0,996 1 1 1 -1 -1 
0,569090909090909 0,629473684210526 -0,592 0,415873015873016 0,63015873015873 -0,996 1 -1 -1 -1 -1 
0,535454545454545 0,633684210526316 -0,576 0,391269841269841 0,605555555555556 -1 1 -1 -1 -1 -1 
0,52 0,618947368421052 -0,688 0,364285714285714 0,578571428571429 -1 1 -1 -1 -1 -1 
0,533636363636364 0,597894736842105 -0,632 0,384126984126984 0,598412698412699 -1 1 -1 -1 -1 -1 
