121950 99999  19860216    12.7  8     7.1  8  1026.1  8  9999.9  0    4.3  8    4.9  8    7.8  999.9    18.0*   -8.5   0.00H  11.0  001000 
121950 99999  19860217    13.2  7     9.0  7  1013.6  7  9999.9  0    3.6  7    4.2  7    5.8  999.9    18.9*    2.5*  0.00H  11.0  001000 
121950 99999  19860218    18.7  8    15.1  8  1005.8  8  9999.9  0    3.0  8    8.3  8   13.6  999.9    22.1*   13.3* 99.99   13.0  001000 
121950 99999  19860219     5.9  8    -1.3  8  1018.9  8  9999.9  0    7.3  8   10.9  8   13.6  999.9    10.4*    0.7   0.01E  13.8  000000 
121950 99999  19860220     7.6  8    -1.5  8  1021.2  7  9999.9  0   12.4  8   14.3  8   19.4  999.9    14.7    -1.1   0.00D  13.8  001000 
121950 99999  19860221     8.9  7     4.2  7  1014.5  7  9999.9  0    5.5  7   10.3  7   15.5  999.9    11.1*    6.3   0.00H  13.4  001000 
121950 99999  19860222    13.5  8     9.2  8  1012.6  8  9999.9  0    4.8  8    3.4  8    5.8  999.9    18.7     6.6  99.99   14.2  001000 
121950 99999  19860223    12.2  8     7.9  8  1011.7  8  9999.9  0    5.4  8    4.6  8    7.8  999.9    19.4     7.0*  0.00H  14.2  001000 
121950 99999  19860224    13.6  7     9.2  7  1013.6  7  9999.9  0    5.1  7    3.9  7    5.8  999.9    20.1     4.6   0.00G  14.2  001000 
121950 99999  19860225     4.1  8    -3.2  8  1023.9  8  9999.9  0    8.9  8    4.6  8   11.7  999.9    13.1   -17.0   0.00E  14.2  001000 
121950 99999  19860226     7.4  8    -0.1  8  1032.7  8  9999.9  0   10.1  8    8.0  8   13.6  999.9    14.2*   -1.8   0.12E  14.2  000000 
121950 99999  19860227    17.9  8    12.4  8  1029.8  8  9999.9  0    6.1  8   13.1  8   15.5  999.9    21.9    13.1   0.00G  14.2  001000 
121950 99999  19860228    15.7  8    10.5  8  1030.2  8  9999.9  0    7.9  8    9.5  8   13.6  999.9    21.7*    2.8*  0.01G  14.2  001000 
121950 99999  19860301    16.3  8    10.4  8  1030.6  8  9999.9  0   10.9  8    6.1  8    7.8  999.9    25.5     2.3   0.00G  14.2  000000 
121950 99999  19860302     9.2  8    -0.9  8  1024.9  8  9999.9  0    7.9  8    0.7  8    1.9  999.9    26.2    -4.9   0.00D  14.2  000000 
121950 99999  19860303    11.8  8     1.7  8  1023.2  8  9999.9  0    6.4  8    2.2  8    5.8  999.9    29.5    -5.1   0.00D  14.2  000000 
121950 99999  19860304    19.2  8    16.0  8  1015.4  8  9999.9  0    2.5  8    4.6  8    9.7  999.9    28.2*    6.3   0.00G  13.4  001000 
121950 99999  19860305    30.8  8    26.5  8  1005.5  8  9999.9  0    2.4  8   11.9  8   15.5  999.9    35.2*   23.2   0.00G  13.4  001000 
121950 99999  19860306    35.9  8    34.2  8  1011.0  8  9999.9  0    1.4  8    7.8  8   13.6  999.9    37.8*   34.3   0.00H  11.8  110000 
121950 99999  19860307    35.6  8    31.4  8  1016.3  8  9999.9  0    2.5  8    4.7  7    5.8  999.9    37.4    33.1   0.00H   7.9  010000 
121950 99999  19860308    33.8  8    32.0  8  1027.6  8  9999.9  0    3.4  8    4.1  8    7.8  999.9    38.1    28.4*  0.00H   5.9  110000 
121950 99999  19860309    29.3  8    27.8  8  1030.6  8  9999.9  0    2.7  8    4.1  8    9.7  999.9    33.8    25.2   0.00D   4.7  100000 
121950 99999  19860310    31.4  8    28.6  7  1031.7  8  9999.9  0    3.1  8    9.0  8   11.7  999.9    33.1    29.5   0.00D   3.5  010000 
121950 99999  19860311    31.1  8    29.5  8  1032.9  8  9999.9  0    2.3  8    7.8  7   11.7  999.9    32.0    30.4  99.99    2.4  010000 
121950 99999  19860312    31.2  8    26.6  8  1031.8  8  9999.9  0    3.9  8    8.3  8   13.6  999.9    32.0*   29.7   0.00C   2.4  000000 
121950 99999  19860313    30.5  8    24.6  8  1030.9  8  9999.9  0    6.2  8    7.5  8   11.7  999.9    32.0*   28.0*  0.00D   2.4  000000 
121950 99999  19860314    27.5  7    20.2  7  1035.3  7  9999.9  0    6.2  7   11.7  7   15.5  999.9    29.1    25.5*  0.00D   2.0  000000 
121950 99999  19860315    28.0  8    20.3  8  1040.7  8  9999.9  0    5.3  8    9.5  8   17.5  999.9    33.1    22.5   0.00D   2.0  000000 
121950 99999  19860316    30.3  7    20.9  7  1041.9  7  9999.9  0    9.8  7    8.0  7   13.6  999.9    37.4    20.3   0.00D   1.6  000000 
121950 99999  19860317    32.2  8    20.2  8  1039.8  8  9999.9  0   10.4  8    4.6  8    7.8  999.9    42.8    22.6   0.00D   1.2  000000 
121950 99999  19860318    31.8  8    21.3  8  1034.0  8  9999.9  0   10.9  8    2.9  8    3.9  999.9    41.7    21.7   0.00D   1.2  000000 
121950 99999  19860319    35.2  8    24.4  8  1032.3  8  9999.9  0   11.7  8    2.9  8    5.8  999.9    47.3    23.9   0.00D   1.2  000000 
121950 99999  19860320    34.9  8    24.7  8  1031.2  8  9999.9  0    5.7  8    4.9  8    7.8  999.9    45.0    26.2   0.00D   1.2  000000 
121950 99999  19860321    34.2  8    26.3  8  1026.3  8  9999.9  0    4.3  8    8.0  8   11.7  999.9    43.3    27.1   0.00D   1.2  000000 
121950 99999  19860322    34.0  8    23.7  8  1026.0  7  9999.9  0    4.8  8    5.1  8    9.7  999.9    38.8    26.6   0.00D   1.2  000000 
121950 99999  19860323    35.7  8    29.9  8  1010.5  8  9999.9  0    3.6  7   13.4  8   23.3  999.9    41.9    29.7   0.00D   0.8  110000 
121950 99999  19860324    34.8  8    30.3  8   998.1  8  9999.9  0    6.6  8   10.2  8   13.6  999.9    38.8    31.8   0.00B   0.4  001000 
121950 99999  19860325    39.3  8    31.0  8   993.5  8  9999.9  0    7.3  8   12.6  8   21.4  999.9    46.0    32.9   0.00H   0.4  011000 
121950 99999  19860326    38.7  8    29.3  8  1006.6  8  9999.9  0   10.9  8    7.3  8   17.5  999.9    47.5    31.8   0.02D 999.9  010000 
121950 99999  19860327    41.6  8    29.0  8  1015.0  8  9999.9  0    9.3  8    9.2  8   17.5  999.9    50.0    29.8   0.00D 999.9  000000 
121950 99999  19860328    47.3  8    34.8  8  1012.7  8  9999.9  0    8.5  8   11.2  8   13.6  999.9    55.4    39.2   0.00H 999.9  010000 
121950 99999  19860329    42.1  8    36.4  8  1014.7  7  9999.9  0    5.3  8    5.3  8    9.7  999.9    46.8    38.8* 99.99  999.9  010000 
121950 99999  19860330    42.7  8    36.9  8  1010.3  8  9999.9  0    4.3  8    6.3  8   11.7  999.9    51.4    35.4   0.00H 999.9  010000 
121950 99999  19860331    43.7  8    36.3  8  1002.7  8  9999.9  0    5.3  8    9.2  8   13.6  999.9    49.1    37.4   0.12D 999.9  010000 
121950 99999  19870216    31.9  9    31.4  8  1010.1  9  9999.9  0    2.1  9    8.4  9    9.7  999.9    32.2*   31.6*  0.02E  13.4  011000 
121950 99999  19870217    32.5 11    32.1  8  1008.4 11  9999.9  0    1.1 11    5.8 11    7.8  999.9    32.9    32.0   0.00E  13.4  110000 
121950 99999  19870218    31.3  9    28.9  8  1013.2  9  9999.9  0    4.4  9    5.0  9    7.8  999.9    32.0    30.4*  0.00D  13.0  000000 
121950 99999  19870219    31.4  8    29.7  8  1015.7  8  9999.9  0    3.7  8    2.7  8    3.9  999.9    32.4*   30.0   0.08F  13.8  111000 
121950 99999  19870220    26.3  8    24.5  8  1022.0  8  9999.9  0    4.8  8    5.8  8    9.7  999.9    30.6*   22.1*  0.00D  13.8  100000 
121950 99999  19870221    28.4 10    26.5  8  1016.1 10  9999.9  0    2.7 10    1.7 10    3.9  999.9    30.2    22.3   0.00D  13.8  000000 
121950 99999  19870222    31.1  7    28.5  7  1003.4  7  9999.9  0    4.6  7   12.8  7   15.5  999.9    34.2    28.6   0.00H  13.8  001000 
121950 99999  19870223    21.1  7    16.2  7  1008.0  7  9999.9  0    7.7  7   10.8  7   13.6  999.9    25.5*   16.9*  0.04F  14.2  001000 
121950 99999  19870224    18.2  7    15.7  7  1018.6  7  9999.9  0    6.9  7    6.7  7    9.7  999.9    26.6    10.8   0.01E   9.1  001000 
121950 99999  19870225    19.2  9    15.8  8  1018.3  9  9999.9  0    6.4  9    8.0  9   11.7  999.9    26.8*    8.6*  0.01E  14.2  001000 
121950 99999  19870226     8.2  8     0.0  8  1031.2  8  9999.9  0   11.7  8    6.6  8   11.7  999.9    23.4    -1.1*  0.00C  14.2  000000 
121950 99999  19870227    12.5  7    -0.6  7  1026.0  7  9999.9  0    8.3  7    5.6  7   11.7  999.9    25.7    -4.7   0.00C  14.2  000000 
121950 99999  19870228    14.1  9     6.2  8  1015.1  9  9999.9  0    8.6  9    6.3  9   13.6  999.9    22.5     6.1   0.00D  14.2  000000 
121950 99999  19870301     9.2 10     3.9  8  1023.5 10  9999.9  0    8.6 10    7.0 10   11.7  999.9    13.1     3.2*  0.02E  14.2  001000 
121950 99999  19870302    -2.2  8    -7.0  8  1020.0  8  9999.9  0    9.3  8    5.8  8    9.7  999.9     4.1   -11.6   0.00E  15.4  001000 
121950 99999  19870303    -1.4  8    -6.7  8  1019.7  8  9999.9  0    5.7  8    4.4  8    5.8  999.9     4.3*   -8.3   0.00E  15.4  001000 
121950 99999  19870304     1.3  9    -5.6  8  1019.6  9  9999.9  0    5.8  9    2.6  9    3.9  999.9    11.5    -8.7   0.01C  15.7  000000 
121950 99999  19870305     5.7  8     1.6  8  1028.5  8  9999.9  0    4.3  8    2.4  8    5.8  999.9    15.4    -3.6*  0.01E  16.1  001000 
121950 99999  19870306     4.5 10     0.0  8  1032.3 10  9999.9  0    5.1 10    6.2 10   17.5  999.9    12.6*   -6.9   0.00D  16.1  000000 
121950 99999  19870307    20.5  7    16.4  7  1028.7  7  9999.9  0    4.1  7    9.2  7   11.7  999.9    25.5    10.8   0.01F  16.5  001000 
121950 99999  19870308    19.7  9    15.0  7  1033.8  9  9999.9  0    5.8  9    8.0  9    9.7  999.9    24.1*   11.8   0.00E  16.5  001000 
121950 99999  19870309    20.8 10    12.6  8  1035.3 10  9999.9  0   11.2 10    8.5 10   11.7  999.9    29.5    12.2*  0.00D 999.9  000000 
121950 99999  19870310    19.4  9     9.1  9  1037.2  9  9999.9  0   12.4  9    6.0  9    7.8  999.9    27.3    11.1   0.00D  16.5  000000 
121950 99999  19870311    13.8  9     2.2  8  1039.9  9  9999.9  0   12.4  9    4.7  9    5.8  999.9    24.1    -0.6   0.00D  16.5  000000 
121950 99999  19870312    16.9  9     4.5  8  1036.0  9  9999.9  0   10.4  9    7.8  9   11.7  999.9    25.9     4.6   0.00D  16.5  000000 
121950 99999  19870313    18.6  8     7.6  8  1032.8  8  9999.9  0   11.7  8    5.3  8    7.8  999.9    29.1     6.8   0.00D  16.5  000000 
121950 99999  19870314    18.7  8     6.7  8  1031.3  8  9999.9  0   12.4  8    3.4  8    5.8  999.9    31.3     5.9   0.00D  16.1  000000 
121950 99999  19870315    18.6  8     7.6  8  1021.8  8  9999.9  0   12.4  8    2.2  8    7.8  999.9    32.4     3.6   0.00D  16.1  000000 
121950 99999  19870316    25.4  9    11.2  8  1010.7  9  9999.9  0   11.7  9    6.0  9   13.6  999.9    33.8     7.5   0.00D  16.1  000000 
121950 99999  19870317    24.1  8    16.0  8  1011.5  8  9999.9  0    4.2  8    5.1  8    7.8  999.9    34.2    12.2   0.00D  16.1  000000 
121950 99999  19870318    28.3  7    22.3  7  1009.0  7  9999.9  0    3.6  7    8.6  7   15.5  999.9    34.0    21.6   0.00C  16.1  000000 
121950 99999  19870319    31.2  9    26.2  8  1000.6  9  9999.9  0    3.5  9    9.7  9   15.5  999.9    35.6    27.0   0.04E  16.1  001000 
121950 99999  19870320    29.9  8    27.5  8  1003.6  8  9999.9  0    2.5  8    5.3  8    9.7  999.9    35.6    22.1   0.00D  16.1  000000 
121950 99999  19870321    31.2  9    27.1  8  1008.7  9  9999.9  0    8.0  9    6.7  9   11.7  999.9    33.4    27.3*  0.16E  17.3  001000 
121950 99999  19870322    30.9  9    25.2  8  1022.1  9  9999.9  0    3.4  9    3.2  9    3.9  999.9    40.1*   15.4   0.00D  17.3  100000 
121950 99999  19870323    34.0  8    28.8  8  1021.6  8  9999.9  0    5.2  8    6.1  8    9.7  999.9    40.1    27.5   0.00E  16.5  000000 
121950 99999  19870324    32.5 10    28.0  8  1018.1 10  9999.9  0    4.3 10    7.4 10    9.7  999.9    35.1    28.4   0.00D  16.1  000000 
121950 99999  19870325    31.8  8    27.8  8  1014.8  8  9999.9  0    3.4  8    5.3  8    7.8  999.9    34.5    30.2   0.00D  15.7  001000 
121950 99999  19870326    33.2  8    29.1  8  1014.0  8  9999.9  0    4.3  8    7.5  8   11.7  999.9    38.8    26.8   0.00E  15.4  010000 
121950 99999  19870327    34.9  7    32.2  7  1013.1  7  9999.9  0    4.6  7    6.4  7    9.7  999.9    41.0    33.1*  0.16C  15.0  000000 
121950 99999  19870328    41.9  7    39.9  7   998.4  7  9999.9  0    2.8  7   10.0  7   11.7  999.9    45.5    34.5   0.13F  12.6  010000 
121950 99999  19870329    39.2  8    36.6  8  1001.0  8  9999.9  0    6.6  8    6.3  8    7.8  999.9    44.2    33.1*  0.02E   7.9  000000 
121950 99999  19870330    34.3  9    29.8  9  1018.0  9  9999.9  0   12.4  9    3.9  8    7.8  999.9    42.3    29.5   0.00D   3.5  000000 
121950 99999  19870331    35.1  8    31.3  8  1026.6  8  9999.9  0    7.0  8    4.6  8    7.8  999.9    41.7    28.6   0.00E   1.6  010000 
121950 99999  19880216    28.5  8    25.9  8  1029.5  8  9999.9  0    3.9  8    7.3  8    9.7  999.9    29.7    26.6*  0.00D   1.2  000000 
121950 99999  19880217    30.1  8    26.6  8  1011.4  8  9999.9  0    2.4  8    8.3  8   27.2  999.9    36.3    17.2*  0.00D   1.2  000000 
121950 99999  19880218    30.9  8    28.8  7  1007.9  8  9999.9  0    2.3  8    5.1  8    7.8  999.9    34.2    27.1*  0.02F   1.6  111000 
121950 99999  19880219    22.4  8    18.3  8  1010.8  8  9999.9  0    4.8  8    5.8  8    9.7  999.9    25.9*   17.4*  0.08F   1.6  001000 
121950 99999  19880220    14.3  8     9.4  7  1023.7  8  9999.9  0    7.3  8    6.1  8    9.7  999.9    17.1*    8.8*  0.02F   2.4  001000 
121950 99999  19880221    17.2  8    13.5  8  1026.9  8  9999.9  0    6.4  8    5.1  8   11.7  999.9    26.6     1.6   0.00F   2.4  001000 
121950 99999  19880222    25.5  7    23.5  7  1014.5  7  9999.9  0    2.4  7    5.0  7   11.7  999.9    27.9    23.0   0.08E   3.1  001000 
121950 99999  19880223    29.0  8    28.0  8  1009.8  8  9999.9  0    1.4  8    5.3  8   11.7  999.9    31.3    25.2   0.04E   3.5  101000 
121950 99999  19880224    28.2  8    26.6  8  1008.7  8  9999.9  0    2.1  8   10.4  8   11.7  999.9    30.2*   26.2*  0.24F   5.1  001000 
121950 99999  19880225    26.1  8    22.0  8  1014.4  8  9999.9  0    6.2  8    9.0  8   11.7  999.9    32.0    22.1   0.00E   6.3  001000 
121950 99999  19880226    28.7  8    25.9  8  1020.3  7  9999.9  0    6.2  8   10.0  8   13.6  999.9    33.4    22.8   0.00E   6.3  001000 
121950 99999  19880227    31.3  8    24.7  8  1020.8  8  9999.9  0    6.2  8    4.1  8    7.8  999.9    37.8    21.7*  0.00D   6.3  000000 
121950 99999  19880228    23.7  9    20.8  8  1001.3  9  9999.9  0    4.1  9    8.2  9   11.7  999.9    27.3    17.6   0.00D   5.5  001000 
121950 99999  19880229    29.0  6    24.5  6   987.6  6  9999.9  0    3.7  6    5.5  6    5.8  999.9    31.8    23.9   0.16F   6.7  001000 
121950 99999  19880301    30.0  8    25.6  8   989.5  8  9999.9  0    4.8  8    5.3  8    7.8  999.9    34.3    27.0   0.02E   7.5  001000 
121950 99999  19880302    28.7  7    25.8  7   999.4  7  9999.9  0    3.0  7    1.4  7    3.9  999.9    32.4    24.8   0.01F   7.5  001000 
121950 99999  19880303    23.4  9    20.8  8  1009.4  9  9999.9  0    3.5  9    3.0  9    5.8  999.9    28.4*    8.6*  0.00D   7.5  100000 
121950 99999  19880304    17.6  8    12.3  8  1009.3  8  9999.9  0    3.8  8    2.7  8    5.8  999.9    31.8     3.6   0.00D   7.5  100000 
121950 99999  19880305    28.8  8    21.7  8  1007.7  8  9999.9  0    5.7  8    5.6  8    9.7  999.9    36.1    18.1   0.00D   7.1  000000 
121950 99999  19880306    31.6  8    28.9  8  1007.5  8  9999.9  0    3.2  8    2.9  8    3.9  999.9    34.2    28.4   0.02F   7.1  001000 
121950 99999  19880307    30.4  8    26.3  8  1006.0  8  9999.9  0    3.9  8    3.9  8    3.9  999.9    34.7    28.4   0.00D   7.1  000000 
121950 99999  19880308    30.0  8    24.9  8  1010.7  8  9999.9  0    4.3  8    5.6  8    7.8  999.9    33.8    28.0*  0.06F   7.5  001000 
121950 99999  19880309    28.9  9    25.8  8  1020.4  9  9999.9  0    5.7  9    4.3  9    5.8  999.9    31.6    25.3   0.02F   7.9  001000 
121950 99999  19880310    26.8  8    21.0  8  1023.8  8  9999.9  0    6.2  8    4.9  8    7.8  999.9    32.4    18.5   0.00E   7.9  001000 
121950 99999  19880311    26.9 10    22.6  8  1010.8  9  9999.9  0    3.8 10    7.4 10    9.7  999.9    30.0*   22.1   0.08E   7.1  001000 
121950 99999  19880312    27.5  8    25.4  8   997.6  8  9999.9  0    2.0  8    5.1  8    9.7  999.9    32.0    18.5   0.12F   7.9  101000 
121950 99999  19880313    24.7  8    20.2  8   997.9  8  9999.9  0    8.7  8   10.2  8   13.6  999.9    29.5    17.8*  0.09F  11.0  001000 
121950 99999  19880314    18.5  8    14.6  8  1000.1  8  9999.9  0    4.0  8    2.4  8    7.8  999.9    29.7     6.8   0.00D  11.0  100000 
121950 99999  19880315    20.5  9    15.1  8  1007.1  9  9999.9  0    8.7  9    4.3  9    9.7  999.9    29.7     5.7   0.00E  11.0  101000 
121950 99999  19880316    30.9  7    29.6  7   993.2  7  9999.9  0    2.9  7    6.9  7   11.7  999.9    37.0    21.4*  0.16E 999.9  111000 
121950 99999  19880317    34.0  8    32.8  8   989.7  8  9999.9  0    1.6  8    6.1  8   13.6  999.9    36.3    32.0   0.08E  11.0  110000 
121950 99999  19880318    28.4  8    24.1  8   996.7  8  9999.9  0    3.2  8   20.2  8   23.3  999.9    31.3*   26.2*  0.08F  11.8  001000 
121950 99999  19880319    25.9  8    22.1  8  1015.1  8  9999.9  0    4.3  8    9.5  8   15.5  999.9    28.4    23.2   0.05F  12.6  001000 
121950 99999  19880320    26.3  8    21.0  8  1019.6  8  9999.9  0    7.3  8    2.4  8    3.9  999.9    31.8*   21.0   0.01F  12.6  001000 
121950 99999  19880321    25.5  7    21.4  7  1018.3  7  9999.9  0    4.0  7    4.4  7    5.8  999.9    32.5    16.7   0.00C  11.8  100000 
121950 99999  19880322    29.0  8    25.1  8  1014.0  8  9999.9  0    4.2  8    9.5  8   13.6  999.9    32.0    24.3   0.05F  11.0  001000 
121950 99999  19880323    25.3  8    23.0  8  1016.4  8  9999.9  0    2.1  8    2.4  8    5.8  999.9    33.1    10.0   0.01E  11.0  101000 
121950 99999  19880324    33.2  8    32.4  8  1012.4  8  9999.9  0    0.9  8    1.5  8    3.9  999.9    35.6    31.5   0.08E  10.2  101000 
121950 99999  19880325    34.1  6    32.8  6  1005.8  6  9999.9  0    1.2  6    4.9  6    7.8  999.9    37.8    31.6   0.12E  10.6  101000 
121950 99999  19880326    34.5  9    34.2  8  1004.8  8  9999.9  0    0.6  9    2.4  9    5.8  999.9    36.3    32.9   0.12F   7.9  110000 
121950 99999  19880327    34.3  7    33.6  7  1006.5  7  9999.9  0    1.2  7    4.2  7    5.8  999.9    34.9*   33.4*  0.16E 999.9  111000 
121950 99999  19880328    33.8  9    32.7  8  1015.0  9  9999.9  0    1.7  9    4.1  9    7.8  999.9    35.6    31.3*  0.00D   5.5  100000 
121950 99999  19880329    34.4  8    31.2  8  1021.1  8  9999.9  0    6.8  8    2.4  8    3.9  999.9    39.0*   29.8*  0.00D   4.7  000000 
121950 99999  19880330    35.3 10    30.3  9  1019.6 10  9999.9  0    6.1 10    3.7 10    5.8  999.9    45.1    23.9   0.00D   3.9  100000 
121950 99999  19880331    42.0  8    36.6  8  1018.6  8  9999.9  0    5.7  8    7.3  8   13.6  999.9    51.8    30.7   0.00D   2.4  000000 

































































































































































































































































































































































































































































































































































































































































































































































































































































































































































