121950 99999  19860516    54.4  8    45.7  8  1016.2  8  9999.9  0    9.0  8    4.4  8    7.8  999.9    62.6    43.7*  0.12C 999.9  010000 
121950 99999  19860517    51.7  8    36.0  8  1022.5  8  9999.9  0    6.2  8    4.6  8    9.7  999.9    63.5    36.7   0.00D 999.9  000000 
121950 99999  19860518    51.3  8    36.7  8  1025.3  8  9999.9  0    9.3  8    2.2  8    5.8  999.9    61.7    34.9   0.00D 999.9  010000 
121950 99999  19860519    56.2  8    49.2  8  1020.6  8  9999.9  0    5.9  8    7.8  8   21.4  999.9    68.5    46.6*  0.02B 999.9  010000 
121950 99999  19860520    53.6  8    43.7  8  1021.8  8  9999.9  0    9.3  8    6.3  8   11.7  999.9    64.4    41.7   0.00D 999.9  000000 
121950 99999  19860521    56.2  8    41.1  8  1019.5  8  9999.9  0   10.4  8    1.9  8    3.9  999.9    71.6    36.1   0.00B 999.9  000000 
121950 99999  19860522    54.3  9    46.9  9  1017.9  9  9999.9  0    8.1  9    5.0  9    9.7  999.9    63.5    44.6   0.20G 999.9  010000 
121950 99999  19860523    51.6  5    41.3  5  1025.8  5  9999.9  0   11.2  5    2.3  5    3.9  999.9    67.1    36.7   0.00G 999.9  000000 
121950 99999  19860524    64.1  8    44.4  8  1018.4  8  9999.9  0    8.5  8    8.5  8   15.5  999.9    77.0    44.6   0.00I 999.9  000000 
121950 99999  19860525    53.7  8    45.7  8  1019.0  8  9999.9  0    7.8  8   16.3  8   25.3  999.9    61.3*   45.7*  0.16E 999.9  010000 
121950 99999  19860526    60.6  9    48.7  8  1022.1  9  9999.9  0   11.0  9    9.5  9   13.6  999.9    70.7    44.2   0.00I 999.9  000000 
121950 99999  19860527    67.0  7    53.5  7  1016.5  7  9999.9  0    6.2  7    6.4  7    9.7  999.9    77.4    53.6   0.00I 999.9  000000 
121950 99999  19860528    61.9  8    52.3  8  1013.7  8  9999.9  0    7.3  8    5.8  8   11.7  999.9    77.7    51.6  99.99  999.9  010000 
121950 99999  19860529    48.7  8    46.2  8  1016.3  8  9999.9  0    7.0  8    4.6  8    5.8  999.9    52.7    46.0   0.47E 999.9  010000 
121950 99999  19860530    48.5  8    45.3  8  1015.8  8  9999.9  0    5.3  8    8.0  8   13.6  999.9    51.1    46.2*  0.00A 999.9  010000 
121950 99999  19860531    48.4  7    47.1  7  1014.4  7  9999.9  0    4.6  7    5.0  7    9.7  999.9    50.9    44.8  99.99  999.9  010000 
121950 99999  19860601    51.9  8    49.0  8  1015.7  8  9999.9  0    4.3  8    2.2  8    5.8  999.9    57.4    49.3  99.99  999.9  010000 
121950 99999  19860602    51.8  8    50.3  8  1012.8  8  9999.9  0    3.4  8    6.3  8    7.8  999.9    56.5    47.8   0.01G 999.9  010000 
121950 99999  19860603    52.6  8    46.5  8  1013.8  8  9999.9  0    4.8  8    6.3  8    7.8  999.9    60.3    46.4   0.00G 999.9  000000 
121950 99999  19860604    57.2  8    46.8  8  1007.6  8  9999.9  0    5.3  8    6.8  8   11.7  999.9    66.9    44.1   0.00I 999.9  000000 
121950 99999  19860605    61.1  8    49.9  8  1004.4  8  9999.9  0    6.2  8    7.3  8   15.5  999.9    72.5    50.0   0.04E 999.9  000010 
121950 99999  19860606    54.0  8    45.9  8  1004.7  8  9999.9  0    8.1  8    4.4  8   11.7  999.9    60.3*   49.8   0.01E 999.9  010000 
121950 99999  19860607    51.8  8    47.1  8  1009.2  8  9999.9  0    8.1  8    4.4  8    5.8  999.9    59.9    47.7* 99.99  999.9  010000 
121950 99999  19860608    56.1  8    47.8  8  1015.6  8  9999.9  0    7.8  8    6.3  8   11.7  999.9    67.5    44.4   0.31E 999.9  010010 
121950 99999  19860609    53.5  8    43.9  8  1024.6  8  9999.9  0   12.4  8    4.6  8    7.8  999.9    62.6    42.4   0.00D 999.9  000000 
121950 99999  19860610    58.2  8    47.2  8  1025.7  8  9999.9  0   10.1  8    3.2  8    5.8  999.9    68.0    43.2   0.00D 999.9  000000 
121950 99999  19860611    66.0  8    59.4  8  1017.4  8  9999.9  0    5.3  8    4.4  8    7.8  999.9    79.5    55.9   0.79E 999.9  010010 
121950 99999  19860612    69.4  8    63.6  8  1015.4  8  9999.9  0    6.5  8    3.6  8    7.8  999.9    83.1    59.7   0.04E 999.9  010010 
121950 99999  19860613    65.8  7    60.6  7  1021.5  7  9999.9  0    9.8  7    5.0  7    7.8  999.9    74.3    58.1*  0.00H 999.9  010010 
121950 99999  19860614    61.9  8    50.2  8  1025.5  8  9999.9  0   10.1  8    6.8  8   13.6  999.9    70.7    51.8   0.00D 999.9  000000 
121950 99999  19860615    62.4  8    48.6  8  1026.4  8  9999.9  0   10.9  8    4.1  8    5.8  999.9    71.2    48.6   0.00D 999.9  000000 
121950 99999  19870516    50.4  8    44.8  8  1013.2  8  9999.9  0    4.8  8    7.3  8   13.6  999.9    57.6    39.0   0.08E 999.9  010000 
121950 99999  19870517    49.5  8    47.1  8  1012.1  8  9999.9  0    5.3  8    8.0  8   11.7  999.9    54.5    41.2*  0.20F 999.9  010000 
121950 99999  19870518    52.6  8    46.0  8  1017.5  8  9999.9  0    5.7  8    4.6  8    9.7  999.9    63.3    38.3   0.02C 999.9  000000 
121950 99999  19870519    54.7  9    51.6  8  1012.6  9  9999.9  0    4.0  9    3.0  9    5.8  999.9    58.8    50.7   0.12F 999.9  010000 
121950 99999  19870520    51.2  5    45.1  5  1011.4  5  9999.9  0    6.2  5    5.4  5   11.7  999.9    57.6    49.1*  0.00D 999.9  000000 
121950 99999  19870521    53.3  7    45.1  7  1009.4  7  9999.9  0    8.9  7    8.6  7   11.7  999.9    59.0    46.0   0.00D 999.9  000000 
121950 99999  19870522    51.0  8    47.7  8  1010.0  8  9999.9  0    3.9  8   10.0  8   13.6  999.9    58.8    43.2   0.00D 999.9  000000 
121950 99999  19870523    52.9  7    47.0  7  1008.4  7  9999.9  0    5.1  7   10.0  7   15.5  999.9    61.5    46.6   0.00E 999.9  010000 
121950 99999  19870524    51.8  8    41.6  8  1010.3  8  9999.9  0   10.9  8    8.7  8   13.6  999.9    62.2    41.0   0.00D 999.9  000000 
121950 99999  19870525    47.4  7    35.9  7  1017.9  7  9999.9  0   12.4  7    9.7  7   15.5  999.9    54.1    38.3   0.00D 999.9  000000 
121950 99999  19870526    51.5  9    38.7  9  1016.3  9  9999.9  0   12.4  9    9.7  9   15.5  999.9    64.8    39.2   0.00D 999.9  000000 
121950 99999  19870527    51.3  8    40.5  8  1015.0  8  9999.9  0   11.7  8    4.4  8    7.8  999.9    60.8    40.1   0.00D 999.9  000000 
121950 99999  19870528    54.8  8    46.0  8  1012.7  8  9999.9  0    8.5  8    5.6  8    7.8  999.9    66.7    42.3   0.08E 999.9  010010 
121950 99999  19870529    48.5  9    46.2  8  1014.1  9  9999.9  0    2.3  9    5.8  9    9.7  999.9    52.5*   43.7*  0.08E 999.9  110000 
121950 99999  19870530    44.1  8    41.9  8  1018.5  8  9999.9  0    2.5  8    4.1  8    9.7  999.9    45.7    41.0   0.00E 999.9  010000 
121950 99999  19870531    46.2  8    43.0  7  1018.3  8  9999.9  0    5.6  8    5.1  8    7.8  999.9    48.0    42.6   0.08E 999.9  010000 
121950 99999  19870601    45.2  8    42.8  8  1016.3  7  9999.9  0    3.9  8    8.0  8    9.7  999.9    48.2    41.7*  0.02E 999.9  010000 
121950 99999  19870602    46.5  8    43.6  8  1012.1  8  9999.9  0    2.7  8    3.4  8    5.8  999.9    54.3    35.1   0.04E 999.9  110000 
121950 99999  19870603    48.8  7    44.0  7  1010.1  7  9999.9  0    5.2  7    4.2  7    7.8  999.9    59.4    39.2   0.12E 999.9  110000 
121950 99999  19870604    53.2  8    46.0  8  1007.9  8  9999.9  0    5.8  8    2.2  8    5.8  999.9    61.3*   31.8   0.00D 999.9  100000 
121950 99999  19870605    57.4 10    53.4  8  1006.2 10  9999.9  0    3.2 10    4.3 10    9.7  999.9    63.9*   46.0*  0.24E 999.9  010000 
121950 99999  19870606    56.1  8    53.6  8  1009.4  8  9999.9  0    2.5  8    6.1  8    9.7  999.9    60.4    50.0*  0.47E 999.9  010000 
121950 99999  19870607    58.7  8    53.9  8  1012.8  8  9999.9  0    3.2  8    4.9  8   11.7  999.9    70.9    44.2   0.16E 999.9  110010 
121950 99999  19870608    65.6  7    60.7  6  1005.1  7  9999.9  0    4.0  7    3.9  7    5.8  999.9    71.6    57.7*  0.09B 999.9  010000 
121950 99999  19870609    59.6  9    52.3  8  1008.9  9  9999.9  0    5.9  9    5.4  9    7.8  999.9    66.2    52.5   0.59F 999.9  010010 
121950 99999  19870610    59.4  9    53.8  8  1012.0  9  9999.9  0    5.0  9    3.0  9    9.7  999.9    65.7    54.1   0.08C 999.9  010000 
121950 99999  19870611    59.5  8    51.2  8  1019.0  7  9999.9  0    7.3  8    3.9  8    5.8  999.9    68.9    49.8   0.00D 999.9  000000 
121950 99999  19870612    62.3  8    53.0  8  1020.0  7  9999.9  0    6.2  8    6.8  8   11.7  999.9    75.6    48.0   0.12E 999.9  010010 
121950 99999  19870613    56.3  9    53.2  8  1016.7  9  9999.9  0    5.0  9    5.0  9   11.7  999.9    61.0    51.6*  0.08E 999.9  000000 
121950 99999  19870614    60.6  8    57.4  8  1012.6  8  9999.9  0    3.9  8    4.1  8    7.8  999.9    72.7    46.2   0.39E 999.9  010010 
121950 99999  19870615    63.2  7    59.0  6  1010.6  7  9999.9  0    4.1  7    3.1  7    5.8  999.9    71.1*   58.3   0.01E 999.9  000000 
121950 99999  19880516    59.9  8    43.7  8  1016.2  8  9999.9  0   12.4  8    3.6  8    7.8  999.9    72.0    44.1   0.00D 999.9  000000 
121950 99999  19880517    59.4  7    47.1  7  1009.9  7  9999.9  0   10.7  7    5.3  7   11.7  999.9    72.1*   41.7   0.00C 999.9  010000 
121950 99999  19880518    57.8  8    50.6  8  1007.0  8  9999.9  0    6.1  8    3.9  8    7.8  999.9    71.1    46.4*  0.00D 999.9  000000 
121950 99999  19880519    54.6  8    42.6  8  1015.6  8  9999.9  0   11.7  8    5.8  8    7.8  999.9    60.6    39.2   0.00D 999.9  000000 
121950 99999  19880520    57.7  8    50.7  8  1017.2  8  9999.9  0    7.9  8    4.6  8    5.8  999.9    67.3    48.9   0.51E 999.9  010010 
121950 99999  19880521    54.1  8    51.7  8  1018.8  8  9999.9  0    3.0  8    6.1  8    9.7  999.9    59.4    45.5*  0.43F 999.9  010000 
121950 99999  19880522    48.0  8    46.5  8  1021.3  8  9999.9  0    4.2  8    5.3  8    9.7  999.9    50.0    45.5   0.83F 999.9  010000 
121950 99999  19880523    52.2  7    50.7  7  1021.2  7  9999.9  0    2.1  7    5.3  7    5.8  999.9    56.7    45.7   0.00D 999.9  100000 
121950 99999  19880524    57.2  8    53.6  8  1021.1  8  9999.9  0    3.6  8    4.6  8    7.8  999.9    66.6    50.7   0.00D 999.9  100000 
121950 99999  19880525    59.4  8    53.7  8  1021.9  8  9999.9  0    4.1  8    4.9  8    9.7  999.9    68.4    50.7   0.00C 999.9  100000 
121950 99999  19880526    60.5  7    52.5  7  1022.5  7  9999.9  0    7.1  7    4.2  7    5.8  999.9    70.7    50.4   0.00D 999.9  000000 
121950 99999  19880527    62.8 10    49.6 10  1019.5 10  9999.9  0   11.2 10    4.5 10    9.7  999.9    73.4    48.9   0.00D 999.9  000000 
121950 99999  19880528    64.5  8    53.7  8  1017.5  8  9999.9  0   10.1  8    4.1  8    7.8  999.9    77.4    48.6   0.00D 999.9  000000 
121950 99999  19880529    66.5  8    54.5  8  1015.4  8  9999.9  0    9.3  8    5.8  8    9.7  999.9    76.1    49.8   0.00D 999.9  000000 
121950 99999  19880530    66.4  8    59.3  8  1010.3  8  9999.9  0    9.2  8    6.8  8   13.6  999.9    78.1    56.7   0.02E 999.9  010010 
121950 99999  19880531    62.6  8    56.2  8  1007.7  8  9999.9  0    4.8  8    7.0  8   11.7  999.9    77.2    54.5*  0.00E 999.9  010000 
121950 99999  19880601    59.1  9    50.7  9  1009.0  9  9999.9  0    8.1  9    4.7  9    9.7  999.9    65.8    46.8   0.00E 999.9  000000 
121950 99999  19880602    57.1  8    49.1  8  1007.7  6  9999.9  0    7.9  8    5.3  8    9.7  999.9    64.4    50.7   0.00D 999.9  010000 
121950 99999  19880603    57.1  8    49.4  8  1013.3  8  9999.9  0    8.2  8    3.9  8    7.8  999.9    65.3    49.8   0.00D 999.9  000000 
121950 99999  19880604    59.8  8    50.5  8  1012.0  8  9999.9  0   12.4  8    0.5  8    1.9  999.9    73.4    41.0   0.00D 999.9  000000 
121950 99999  19880605    65.2  7    57.7  6  1010.8  7  9999.9  0    8.0  7    1.4  7    5.8  999.9    73.0*   47.1   0.00D 999.9  000000 
121950 99999  19880606    69.1  9    60.0  8  1013.4  8  9999.9  0    8.8  9    1.9  9    3.9  999.9    77.4    54.1   0.00D 999.9  000000 
121950 99999  19880607    64.5  8    61.0  8  1011.7  8  9999.9  0    9.2  8    4.4  8    7.8  999.9    77.9    57.4   5.28F 999.9  010010 
121950 99999  19880608    68.4 10    60.6  8  1011.6 10  9999.9  0    9.6 10    4.7 10    7.8  999.9    74.8    58.6   0.04E 999.9  000010 
121950 99999  19880609    69.1  9    61.1  7  1010.7  9  9999.9  0   10.4  9    3.0  9    5.8  999.9    75.6*   60.8   0.00C 999.9  000000 
121950 99999  19880610    65.4  8    61.1  8  1007.7  8  9999.9  0    8.9  8    3.4  8    5.8  999.9    75.9*   56.8   0.08E 999.9  010010 
121950 99999  19880611    56.4  8    50.0  8  1006.9  8  9999.9  0    7.6  8    9.5  8   15.5  999.9    66.9    50.0   0.02E 999.9  010000 
121950 99999  19880612    55.3  9    43.2  8  1015.1  9  9999.9  0    9.9  9    8.6  9   13.6  999.9    61.2    46.2   0.00E 999.9  000000 
121950 99999  19880613    59.0  7    44.5  7  1014.8  6  9999.9  0   12.4  7    3.6  7    5.8  999.9    67.1    46.2   0.00D 999.9  000000 
121950 99999  19880614    54.9  8    46.9  8  1006.6  8  9999.9  0   12.4  8    7.0  8   13.6  999.9    65.7    43.5   0.00D 999.9  000000 
121950 99999  19880615    54.8  8    45.9  8  1008.7  8  9999.9  0   12.4  8    8.7  8   11.7  999.9    64.0    44.4   0.00D 999.9  000000 











































































































































































































































































































































































































































































































































































































































































