0,75 0,523157894736843 -0,552 0,585714285714286 0,8 -1 -1 -1 -1 -1 -1 
0,709090909090909 0,450526315789473 -0,104 0,584126984126984 0,798412698412698 -0,976 -1 1 -1 -1 -1 
0,675454545454545 0,484210526315789 -0,128 0,564285714285714 0,778571428571429 -0,968 -1 1 -1 -1 -1 
0,707272727272727 0,531578947368421 -0,376 0,505555555555556 0,71984126984127 -0,984 -1 1 -1 -1 -1 
0,711818181818182 0,539999999999999 -0,144 0,571428571428571 0,785714285714286 -0,952 -1 1 -1 -1 -1 
0,675454545454545 0,484210526315789 -0,128 0,564285714285714 0,778571428571429 -0,968 -1 1 -1 -1 -1 
0,707272727272727 0,531578947368421 -0,376 0,505555555555556 0,71984126984127 -0,984 -1 1 -1 -1 -1 
0,711818181818182 0,539999999999999 -0,144 0,571428571428571 0,785714285714286 -0,952 -1 1 -1 -1 -1 
0,750909090909091 0,525263157894737 -0,472 0,53968253968254 0,753968253968254 -0,992 -1 1 -1 -1 -1 
0,754545454545455 0,502105263157895 -0,424 0,603968253968254 0,818253968253968 -1 -1 -1 -1 -1 -1 
0,686363636363636 0,702105263157895 -0,864 0,523015873015873 0,737301587301587 -1 1 -1 -1 -1 -1 
0,734545454545455 0,635789473684211 -0,808 0,467460317460317 0,681746031746032 -1 1 -1 -1 -1 -1 
0,711818181818182 0,592631578947368 -0,768 0,546031746031746 0,76031746031746 -1 -1 -1 -1 -1 -1 
0,692727272727273 0,604210526315789 -0,912 0,482539682539682 0,696825396825397 -1 -1 -1 -1 -1 -1 
0,706363636363636 0,588421052631579 -0,824 0,503174603174603 0,717460317460317 -1 -1 -1 -1 -1 -1 
0,752727272727273 0,568421052631579 -0,448 0,581746031746032 0,796031746031746 -1 -1 -1 -1 -1 -1 
0,725454545454545 0,572631578947368 -0,392 0,562698412698413 0,776984126984127 -1 -1 -1 -1 -1 -1 
0,708181818181818 0,513684210526315 -0,4 0,548412698412698 0,762698412698413 -0,984 1 1 -1 -1 -1 
0,673636363636364 0,536842105263158 -0,0640000000000001 0,521428571428571 0,735714285714286 -1 -1 -1 -1 -1 -1 
0,718181818181818 0,521052631578947 -0,2 0,564285714285714 0,778571428571429 -1 -1 -1 -1 -1 -1 
0,633636363636364 0,724210526315789 -0,688 0,437301587301587 0,651587301587301 -1 1 -1 -1 -1 -1 
0,660909090909091 0,647368421052632 -0,632 0,468253968253968 0,682539682539683 -1 -1 -1 -1 -1 -1 
0,693636363636364 0,618947368421052 -0,888 0,484126984126984 0,698412698412698 -1 1 -1 -1 -1 -1 
0,715454545454545 0,631578947368421 -0,848 0,511111111111111 0,725396825396825 -1 1 -1 -1 -1 -1 
0,704545454545455 0,6 -0,808 0,492857142857143 0,707142857142857 -1 1 -1 -1 -1 -1 
0,725454545454545 0,474736842105263 -0,0479999999999999 0,531746031746032 0,746031746031746 -1 -1 -1 -1 -1 -1 
0,770909090909091 0,5 -0,44 0,607142857142857 0,821428571428571 -1 -1 -1 -1 -1 -1 
0,767272727272727 0,445263157894736 -0,536 0,56031746031746 0,774603174603175 -1 -1 -1 -1 -1 -1 
0,771818181818182 0,371578947368421 -0,288 0,626984126984127 0,841269841269841 -1 -1 1 -1 -1 -1 
0,733636363636364 0,445263157894736 -0,536 0,528571428571429 0,742857142857143 -1 -1 -1 -1 -1 -1 
0,724545454545455 0,638947368421053 -0,624 0,512698412698413 0,726984126984127 -1 -1 -1 -1 -1 -1 
0,723636363636364 0,64421052631579 -0,568 0,535714285714286 0,75 -1 -1 -1 -1 -1 -1 
0,710909090909091 0,65578947368421 -0,744 0,498412698412698 0,712698412698413 -1 -1 -1 -1 -1 -1 
0,664545454545454 0,656842105263159 -0,632 0,467460317460317 0,681746031746032 -1 -1 -1 -1 -1 -1 
0,664545454545454 0,615789473684211 -0,536 0,473015873015873 0,687301587301587 -1 -1 -1 -1 -1 -1 
0,737272727272727 0,571578947368421 -0,672 0,492857142857143 0,707142857142857 -1 -1 -1 -1 -1 -1 
0,767272727272727 0,488421052631579 -0,472 0,565873015873016 0,78015873015873 -1 1 1 -1 -1 -1 
0,690909090909091 0,558947368421053 -0,672 0,51984126984127 0,734126984126984 -1 -1 -1 -1 -1 -1 
0,682727272727273 0,556842105263158 -0,56 0,496825396825397 0,711111111111111 -1 -1 -1 -1 -1 -1 
0,713636363636364 0,489473684210526 -0,376 0,531746031746032 0,746031746031746 -1 -1 1 -1 -1 -1 
0,726363636363636 0,562105263157895 -0,864 0,494444444444444 0,708730158730159 -1 1 -1 -1 -1 -1 
0,77 0,518947368421052 -0,776 0,581746031746032 0,796031746031746 -1 -1 -1 -1 -1 -1 
0,733636363636364 0,48 -0,552 0,58968253968254 0,803968253968254 -1 1 -1 -1 -1 -1 
0,653636363636364 0,494736842105263 0,184 0,546825396825397 0,761111111111111 -0,992 -1 1 -1 -1 -1 
0,682727272727273 0,511578947368421 -0,0640000000000001 0,524603174603175 0,738888888888889 -1 -1 1 -1 -1 -1 
0,643636363636364 0,395789473684211 -0,168 0,468253968253968 0,682539682539683 -0,936 -1 1 -1 -1 -1 
0,646363636363636 0,545263157894736 -0,496 0,475396825396825 0,68968253968254 -1 -1 -1 -1 -1 -1 
0,694545454545455 0,632631578947367 -0,808 0,523015873015873 0,737301587301587 -1 1 -1 -1 -1 -1 
0,67 0,629473684210526 -0,712 0,467460317460317 0,681746031746032 -1 -1 -1 -1 -1 -1 
0,719090909090909 0,612631578947369 -0,864 0,537301587301587 0,751587301587302 -1 -1 -1 -1 -1 -1 
0,757272727272727 0,595789473684211 -0,464 0,596031746031746 0,81031746031746 -1 1 1 -1 -1 -1 
0,724545454545455 0,607368421052632 -0,496 0,541269841269841 0,755555555555556 -1 -1 1 -1 -1 -1 
0,649090909090909 0,643157894736841 -0,824 0,482539682539682 0,696825396825397 -1 -1 -1 -1 -1 -1 
0,650909090909091 0,665263157894737 -0,8 0,5 0,714285714285714 -1 -1 -1 -1 -1 -1 
0,642727272727273 0,669473684210525 -0,824 0,451587301587302 0,665873015873016 -1 1 -1 -1 -1 -1 
0,681818181818182 0,58 -0,8 0,526984126984127 0,741269841269841 -1 -1 -1 -1 -1 -1 
0,694545454545455 0,624210526315789 -0,576 0,517460317460318 0,731746031746032 -0,992 -1 1 -1 -1 -1 
0,735454545454545 0,492631578947368 -0,2 0,553174603174603 0,767460317460318 -0,844 -1 1 -1 -1 -1 
0,762727272727273 0,443157894736842 -0,128 0,614285714285714 0,828571428571429 -0,968 -1 -1 -1 -1 -1 
0,716363636363636 0,446315789473684 -0,504 0,557142857142857 0,771428571428571 -1 -1 1 -1 -1 -1 
0,637272727272727 0,588421052631579 -0,648 0,435714285714286 0,65 -1 -1 -1 -1 -1 -1 
0,655454545454545 0,603157894736842 -0,904 0,438888888888889 0,653174603174603 -1 1 -1 -1 -1 -1 
0,649090909090909 0,556842105263158 -0,776 0,448412698412698 0,662698412698413 -1 1 -1 -1 -1 -1 
0,656363636363636 0,521052631578947 -0,648 0,475396825396825 0,68968253968254 -1 -1 -1 -1 -1 -1 
0,697272727272727 0,510526315789474 -0,44 0,51984126984127 0,734126984126984 -1 -1 1 -1 -1 -1 
0,64 0,505263157894737 -0,536 0,485714285714286 0,7 -1 -1 -1 -1 -1 -1 
0,729090909090909 0,46421052631579 -0,688 0,553968253968254 0,768253968253968 -1 1 1 -1 -1 -1 
0,738181818181818 0,471578947368421 -0,648 0,56031746031746 0,774603174603175 -1 1 -1 -1 -1 -1 
0,765454545454546 0,395789473684211 -0,304 0,51984126984127 0,734126984126984 -0,952 -1 1 -1 -1 -1 
0,741818181818182 0,308421052631578 -0,0640000000000001 0,605555555555556 0,81984126984127 -0,984 -1 1 -1 -1 -1 
0,729090909090909 0,46421052631579 -0,688 0,553968253968254 0,768253968253968 -1 1 1 -1 -1 -1 
0,738181818181818 0,471578947368421 -0,648 0,56031746031746 0,774603174603175 -1 1 -1 -1 -1 -1 
0,765454545454546 0,395789473684211 -0,304 0,51984126984127 0,734126984126984 -0,952 -1 1 -1 -1 -1 
0,741818181818182 0,308421052631578 -0,0640000000000001 0,605555555555556 0,81984126984127 -0,984 -1 1 -1 -1 -1 
0,702727272727273 0,22 -0,00800000000000001 0,551587301587302 0,765873015873016 -0,812 -1 1 -1 -1 -1 
0,67 0,625263157894738 -0,784 0,457142857142857 0,671428571428571 -1 -1 -1 -1 -1 -1 
0,718181818181818 0,585263157894737 -0,824 0,531746031746032 0,746031746031746 -1 -1 -1 -1 -1 -1 
0,720909090909091 0,521052631578947 -0,648 0,512698412698413 0,726984126984127 -1 1 -1 -1 -1 -1 
0,762727272727273 0,449473684210527 -0,808 0,568253968253968 0,782539682539683 -1 1 -1 -1 -1 -1 
0,762727272727273 0,442105263157895 -0,752 0,557142857142857 0,771428571428571 -1 1 -1 -1 -1 -1 
0,602727272727273 0,654736842105264 -0,672 0,425396825396825 0,63968253968254 -0,92 -1 -1 -1 -1 -1 
0,573636363636364 0,729473684210526 -0,36 0,41031746031746 0,624603174603175 -1 -1 -1 -1 -1 -1 
0,613636363636364 0,666315789473684 -0,304 0,424603174603175 0,638888888888889 -1 -1 -1 -1 -1 -1 
0,691818181818182 0,569473684210527 -0,672 0,51984126984127 0,734126984126984 -0,968 1 1 -1 -1 -1 
0,711818181818182 0,432631578947369 -0,336 0,551587301587302 0,765873015873016 -0,968 -1 1 -1 -1 -1 
0,685454545454546 0,365263157894737 -0,0640000000000001 0,535714285714286 0,75 -0,876 -1 1 -1 -1 -1 
0,673636363636364 0,393684210526316 -0,36 0,524603174603175 0,738888888888889 -0,968 -1 1 -1 -1 -1 
0,658181818181818 0,469473684210527 -0,424 0,492857142857143 0,707142857142857 -0,936 -1 1 -1 -1 -1 
0,643636363636364 0,532631578947369 -0,304 0,475396825396825 0,68968253968254 -1 1 -1 -1 -1 -1 
0,668181818181818 0,490526315789474 -0,104 0,531746031746032 0,746031746031746 -0,992 -1 -1 -1 -1 -1 
0,67 0,428421052631579 -0,104 0,5 0,714285714285714 -0,984 -1 1 -1 -1 -1 
0,606363636363636 0,550526315789473 -0,376 0,442857142857143 0,657142857142857 -0,992 -1 -1 -1 -1 -1 
0,593636363636364 0,521052631578947 -0,688 0,41031746031746 0,624603174603175 -1 -1 -1 -1 -1 -1 
0,614545454545455 0,568421052631579 -0,168 0,478571428571429 0,692857142857143 -0,968 -1 1 -1 -1 -1 
0,674545454545455 0,557894736842105 -0,352 0,473015873015873 0,687301587301587 -0,996 -1 1 -1 -1 -1 
0,696363636363636 0,542105263157895 -0,776 0,534126984126984 0,748412698412698 -0,892 1 1 -1 -1 -1 
0,703636363636364 0,521052631578947 -0,512 0,546031746031746 0,76031746031746 -0,86 -1 1 -1 -1 -1 
0,701818181818182 0,575789473684211 -0,448 0,546031746031746 0,76031746031746 -0,992 -1 1 -1 -1 -1 
0,68 0,574736842105263 -0,584 0,512698412698413 0,726984126984127 -1 1 -1 -1 -1 -1 
0,688181818181818 0,434736842105263 -0,264 0,517460317460318 0,731746031746032 -0,868 -1 1 -1 -1 -1 
0,543636363636364 0,576842105263157 -0,088 0,4 0,614285714285714 -1 -1 -1 -1 -1 -1 
0,603636363636364 0,491578947368422 -0,184 0,465873015873016 0,68015873015873 -1 -1 1 -1 -1 -1 
0,656363636363636 0,457894736842105 -0,432 0,51031746031746 0,724603174603175 -0,984 -1 -1 -1 -1 -1 
0,705454545454545 0,450526315789473 -0,48 0,515873015873016 0,73015873015873 -1 -1 1 -1 -1 -1 
0,685454545454546 0,451578947368421 0,0800000000000001 0,507142857142857 0,721428571428571 -0,904 -1 1 -1 -1 -1 
0,614545454545455 0,684210526315789 -0,584 0,476984126984127 0,691269841269841 -1 -1 -1 -1 -1 -1 
0,564545454545455 0,726315789473684 -0,752 0,405555555555556 0,61984126984127 -1 -1 -1 -1 -1 -1 
0,563636363636364 0,718947368421052 -0,752 0,392857142857143 0,607142857142857 -1 -1 -1 -1 -1 -1 
0,593636363636364 0,682105263157894 -0,816 0,4 0,614285714285714 -1 -1 -1 -1 -1 -1 
0,606363636363636 0,665263157894737 -0,928 0,407142857142857 0,621428571428571 -1 -1 -1 -1 -1 -1 
0,631818181818182 0,662105263157896 -0,848 0,432539682539683 0,646825396825397 -1 -1 -1 -1 -1 -1 
0,638181818181818 0,532631578947369 -0,376 0,448412698412698 0,662698412698413 -0,992 -1 1 -1 -1 -1 
0,678181818181818 0,46421052631579 -0,288 0,517460317460318 0,731746031746032 -1 -1 1 -1 -1 -1 
0,683636363636364 0,415789473684211 -0,24 0,534126984126984 0,748412698412698 -0,988 -1 -1 -1 -1 -1 
0,651818181818182 0,469473684210527 -0,208 0,512698412698413 0,726984126984127 -0,988 -1 1 -1 -1 -1 
0,741818181818182 0,568421052631579 -0,448 0,58015873015873 0,794444444444444 -1 -1 -1 -1 -1 -1 
0,73 0,541052631578947 -0,648 0,546031746031746 0,76031746031746 -0,928 -1 1 -1 -1 -1 
0,731818181818182 0,52 -0,768 0,534126984126984 0,748412698412698 -0,764 -1 1 -1 -1 -1 
0,715454545454545 0,526315789473684 -0,44 0,524603174603175 0,738888888888889 -1 -1 -1 -1 -1 -1 
0,593636363636364 0,576842105263157 -0,496 0,453968253968254 0,668253968253968 -1 -1 -1 -1 -1 -1 
0,713636363636364 0,637894736842104 -0,688 0,534126984126984 0,748412698412698 -0,988 -1 1 -1 -1 -1 
0,698181818181818 0,594736842105263 -0,592 0,531746031746032 0,746031746031746 -1 -1 -1 -1 -1 -1 
0,710909090909091 0,589473684210526 -0,752 0,537301587301587 0,751587301587302 -0,984 -1 1 -1 -1 -1 
0,656363636363636 0,588421052631579 -0,704 0,478571428571429 0,692857142857143 -1 -1 -1 -1 -1 -1 
0,624545454545455 0,533684210526316 -0,752 0,43968253968254 0,653968253968254 -1 -1 -1 -1 -1 -1 
0,601818181818182 0,628421052631579 -0,792 0,431746031746032 0,646031746031746 -1 1 -1 -1 -1 -1 
0,713636363636364 0,545263157894736 -0,552 0,458730158730159 0,673015873015873 -0,952 -1 1 -1 -1 -1 
0,64 0,532631578947369 -0,672 0,505555555555556 0,71984126984127 -1 -1 1 -1 -1 -1 
0,690909090909091 0,46 -0,576 0,514285714285714 0,728571428571429 -0,948 -1 1 -1 -1 -1 
0,677272727272727 0,452631578947368 -0,696 0,512698412698413 0,726984126984127 -0,976 -1 1 -1 -1 -1 
0,519090909090909 0,670526315789474 -0,392 0,412698412698413 0,626984126984127 -1 -1 -1 -1 -1 -1 
0,525454545454545 0,642105263157895 -0,224 0,426984126984127 0,641269841269841 -1 -1 1 1 -1 -1 
0,565454545454545 0,596842105263158 -0,168 0,43015873015873 0,644444444444444 -0,924 -1 1 1 -1 -1 
0,654545454545455 0,488421052631579 -0,616 0,446825396825397 0,661111111111111 -0,908 1 1 -1 -1 -1 
0,680909090909091 0,433684210526316 -0,744 0,525396825396825 0,73968253968254 -0,96 1 1 -1 -1 -1 
0,525454545454545 0,642105263157895 -0,224 0,426984126984127 0,641269841269841 -1 -1 1 1 -1 -1 
0,565454545454545 0,596842105263158 -0,168 0,43015873015873 0,644444444444444 -0,924 -1 1 1 -1 -1 
0,654545454545455 0,488421052631579 -0,616 0,446825396825397 0,661111111111111 -0,908 1 1 -1 -1 -1 
0,680909090909091 0,433684210526316 -0,744 0,525396825396825 0,73968253968254 -0,96 1 1 -1 -1 -1 
0,725454545454545 0,336842105263158 -0,504 0,542857142857143 0,757142857142857 -0,936 1 1 -1 -1 -1 
0,599090909090909 0,396842105263158 -0,464 0,444444444444444 0,658730158730159 -0,996 -1 1 -1 -1 -1 
0,674545454545455 0,332631578947369 -0,696 0,478571428571429 0,692857142857143 -0,752 1 1 -1 -1 -1 
0,645454545454546 0,442105263157895 -0,544 0,455555555555556 0,66984126984127 -0,876 -1 -1 -1 -1 -1 
0,581818181818182 0,512631578947369 -0,504 0,441269841269841 0,655555555555556 -1 -1 -1 -1 -1 -1 
0,655454545454545 0,381052631578948 -0,144 0,458730158730159 0,673015873015873 -0,904 -1 1 -1 -1 -1 
0,653636363636364 0,34 -0,296 0,481746031746032 0,696031746031746 -0,956 -1 1 -1 -1 -1 
0,65 0,343157894736842 -0,432 0,498412698412698 0,712698412698413 -0,908 -1 -1 -1 -1 -1 
0,650909090909091 0,375789473684211 -0,6 0,474603174603175 0,688888888888889 -1 -1 -1 -1 -1 -1 
0,673636363636364 0,411578947368421 -0,176 0,467460317460317 0,681746031746032 -0,952 -1 1 -1 -1 -1 
0,685454545454546 0,442105263157895 -0,024 0,528571428571429 0,742857142857143 -0,904 -1 1 -1 -1 -1 
0,650909090909091 0,375789473684211 -0,6 0,474603174603175 0,688888888888889 -1 -1 -1 -1 -1 -1 
0,673636363636364 0,411578947368421 -0,176 0,467460317460317 0,681746031746032 -0,952 -1 1 -1 -1 -1 
0,685454545454546 0,442105263157895 -0,024 0,528571428571429 0,742857142857143 -0,904 -1 1 -1 -1 -1 
0,648181818181818 0,522105263157895 -0,304 0,487301587301587 0,701587301587302 -0,988 -1 1 -1 -1 -1 
0,633636363636364 0,561052631578947 -0,28 0,475396825396825 0,68968253968254 -0,992 -1 1 -1 -1 -1 
0,515454545454546 0,654736842105264 -0,208 0,403174603174603 0,617460317460317 -1 -1 -1 -1 -1 -1 
0,575454545454545 0,549473684210527 -0,0720000000000001 0,451587301587302 0,665873015873016 -1 -1 -1 -1 -1 -1 
0,669090909090909 0,470526315789474 -0,184 0,51984126984127 0,734126984126984 -1 -1 1 -1 -1 -1 
0,661818181818182 0,377894736842105 -0,104 0,511111111111111 0,725396825396825 -0,968 -1 1 -1 -1 -1 
0,650909090909091 0,38 -0,264 0,481746031746032 0,696031746031746 -0,96 -1 1 -1 -1 -1 
0,67 0,403157894736842 0,032 0,518253968253968 0,732539682539682 -0,888 -1 1 -1 -1 -1 
0,642727272727273 0,533684210526316 -0,584 0,496825396825397 0,711111111111111 -0,964 -1 -1 -1 -1 -1 
0,63 0,538947368421053 -0,328 0,488888888888889 0,703174603174603 -1 -1 1 -1 -1 -1 
0,672727272727273 0,558947368421053 -0,48 0,501587301587302 0,715873015873016 -0,968 -1 1 -1 -1 -1 
0,69 0,475789473684211 -0,168 0,507142857142857 0,721428571428571 -1 -1 1 -1 -1 -1 
0,703636363636364 0,43578947368421 -0,32 0,524603174603175 0,738888888888889 -1 -1 -1 -1 -1 -1 
0,728181818181818 0,433684210526316 -0,32 0,568253968253968 0,782539682539683 -0,876 -1 1 -1 -1 1 
0,621818181818182 0,526315789473684 -0,232 0,407142857142857 0,621428571428571 -0,96 -1 1 -1 -1 -1 
0,622727272727273 0,516842105263158 -0,4 0,38968253968254 0,603968253968254 -0,844 1 1 -1 -1 -1 
0,704545454545455 0,421052631578947 0,288 0,56031746031746 0,774603174603175 -0,956 -1 1 -1 -1 -1 
0,675454545454545 0,477894736842105 -0,376 0,496825396825397 0,711111111111111 -0,976 -1 1 -1 -1 -1 
0,596363636363636 0,576842105263157 -0,456 0,43968253968254 0,653968253968254 -0,968 -1 -1 -1 -1 -1 
0,543636363636364 0,643157894736841 -0,376 0,4 0,614285714285714 -1 -1 1 -1 -1 -1 
0,562727272727273 0,69578947368421 -0,608 0,387301587301587 0,601587301587302 -1 -1 -1 -1 -1 -1 
0,591818181818182 0,716842105263157 -0,6 0,438888888888889 0,653174603174603 -1 -1 -1 -1 -1 -1 
0,631818181818182 0,537894736842106 -0,552 0,475396825396825 0,68968253968254 -0,924 -1 1 -1 -1 -1 
0,640909090909091 0,529473684210526 -0,672 0,474603174603175 0,688888888888889 -0,992 1 -1 -1 -1 -1 
0,653636363636364 0,524210526315789 -0,496 0,501587301587302 0,715873015873016 -1 1 -1 -1 -1 -1 
0,654545454545455 0,577894736842105 -0,4 0,515873015873016 0,73015873015873 -0,984 -1 1 -1 -1 -1 
0,691818181818182 0,571578947368421 -0,592 0,51984126984127 0,734126984126984 -0,84 1 1 -1 -1 -1 
0,668181818181818 0,292631578947368 -0,4 0,514285714285714 0,728571428571429 -0,84 -1 1 -1 -1 -1 
0,612727272727273 0,451578947368421 -0,24 0,471428571428571 0,685714285714286 -0,984 -1 1 -1 -1 -1 
0,587272727272727 0,536842105263158 -0,584 0,432539682539683 0,646825396825397 -1 -1 -1 -1 -1 -1 
0,571818181818182 0,586315789473685 -0,432 0,435714285714286 0,65 -1 -1 -1 -1 -1 -1 
0,59 0,675789473684211 -0,536 0,437301587301587 0,651587301587301 -1 -1 -1 -1 -1 -1 
0,603636363636364 0,713684210526315 -0,488 0,462698412698413 0,676984126984127 -1 -1 -1 -1 -1 -1 
0,570909090909091 0,684210526315789 -0,632 0,412698412698413 0,626984126984127 -1 -1 -1 -1 -1 -1 
0,613636363636364 0,656842105263159 -0,6 0,448412698412698 0,662698412698413 -1 -1 -1 -1 -1 -1 
0,644545454545455 0,635789473684211 -0,512 0,494444444444444 0,708730158730159 -0,936 1 1 -1 -1 -1 
0,677272727272727 0,638947368421053 -0,608 0,485714285714286 0,7 -0,936 1 1 -1 -1 -1 
0,682727272727273 0,677894736842106 -0,784 0,491269841269841 0,705555555555556 -1 -1 -1 -1 -1 -1 
0,664545454545454 0,68842105263158 -0,576 0,5 0,714285714285714 -1 -1 -1 -1 -1 -1 
0,602727272727273 0,66 -0,496 0,458730158730159 0,673015873015873 -1 -1 -1 -1 -1 -1 
0,605454545454545 0,673684210526316 -0,648 0,43968253968254 0,653968253968254 -1 1 -1 -1 -1 -1 
0,584545454545454 0,712631578947369 -0,688 0,426984126984127 0,641269841269841 -1 -1 -1 -1 -1 -1 
0,564545454545455 0,529473684210526 -0,032 0,442857142857143 0,657142857142857 -0,988 -1 1 -1 -1 -1 
0,579090909090909 0,531578947368421 -0,088 0,442857142857143 0,657142857142857 -0,984 -1 1 -1 -1 -1 
0,588181818181818 0,526315789473684 0,128 0,446031746031746 0,66031746031746 -0,964 -1 1 -1 -1 -1 
0,541818181818182 0,647368421052632 -0,512 0,423015873015873 0,637301587301587 -1 -1 -1 -1 -1 -1 
0,61 0,601052631578948 -0,296 0,418253968253968 0,632539682539683 -0,984 1 1 -1 -1 -1 
