0,708181818181818 0,534736842105263 -0,824 0,56031746031746 0,774603174603175 -1 -1 -1 -1 -1 -1 
0,75 0,586315789473685 -0,808 0,56031746031746 0,774603174603175 -1 -1 -1 -1 -1 -1 
0,756363636363636 0,621052631578947 -0,648 0,574603174603175 0,788888888888889 -1 -1 -1 -1 -1 -1 
0,776363636363636 0,614736842105263 -0,512 0,584126984126984 0,798412698412698 -1 -1 -1 -1 -1 -1 
0,782727272727273 0,606315789473684 -0,576 0,625396825396825 0,83968253968254 -1 -1 -1 -1 -1 -1 
0,737272727272727 0,490526315789474 -0,336 0,607142857142857 0,821428571428571 -1 -1 -1 -1 -1 -1 
0,730909090909091 0,528421052631579 -0,44 0,58968253968254 0,803968253968254 -1 -1 -1 -1 -1 -1 
0,755454545454545 0,563157894736842 -0,4 0,573015873015873 0,787301587301587 -0,984 -1 -1 -1 -1 1 
0,76 0,558947368421053 -0,512 0,576984126984127 0,791269841269841 -1 -1 -1 -1 -1 -1 
0,757272727272727 0,541052631578947 -0,456 0,587301587301587 0,801587301587302 -1 -1 -1 -1 -1 -1 
0,776363636363636 0,614736842105263 -0,512 0,584126984126984 0,798412698412698 -1 -1 -1 -1 -1 -1 
0,782727272727273 0,606315789473684 -0,576 0,625396825396825 0,83968253968254 -1 -1 -1 -1 -1 -1 
0,774545454545455 0,591578947368422 -0,864 0,581746031746032 0,796031746031746 -1 -1 -1 -1 -1 -1 
0,776363636363636 0,552631578947368 -0,944 0,561111111111111 0,775396825396825 -1 -1 -1 -1 -1 -1 
0,829090909090909 0,530526315789473 -0,608 0,641269841269841 0,855555555555556 -1 -1 -1 -1 -1 1 
0,74 0,607368421052632 -0,496 0,6 0,814285714285714 -1 -1 -1 -1 -1 -1 
0,78 0,58 -0,632 0,592857142857143 0,807142857142857 -1 -1 -1 -1 -1 -1 
0,812727272727273 0,578947368421053 -0,712 0,631746031746032 0,846031746031746 -1 -1 -1 -1 -1 -1 
0,830909090909091 0,562105263157895 -0,744 0,623015873015873 0,837301587301587 -1 -1 -1 -1 -1 -1 
0,841818181818182 0,541052631578947 -0,864 0,626984126984127 0,841269841269841 -1 -1 -1 -1 -1 -1 
0,802727272727273 0,545263157894736 -0,512 0,681746031746032 0,896031746031746 -1 -1 -1 -1 -1 -1 
0,840909090909091 0,548421052631579 -0,848 0,667460317460317 0,881746031746032 -0,876 -1 -1 -1 -1 1 
0,829090909090909 0,548421052631579 -0,784 0,664285714285714 0,878571428571429 -1 -1 -1 -1 -1 -1 
0,824545454545455 0,512631578947369 -0,592 0,621428571428571 0,835714285714286 -1 -1 -1 -1 -1 -1 
0,861818181818182 0,490526315789474 -0,776 0,68968253968254 0,903968253968254 -0,992 -1 -1 -1 -1 1 
0,815454545454545 0,552631578947368 -0,672 0,603174603174603 0,817460317460317 -1 -1 -1 -1 -1 -1 
0,836363636363636 0,541052631578947 -0,848 0,667460317460317 0,881746031746032 -1 -1 -1 -1 -1 -1 
0,816363636363636 0,539999999999999 -0,768 0,646825396825397 0,861111111111111 -1 -1 -1 -1 -1 -1 
0,787272727272727 0,583157894736842 -0,184 0,648412698412698 0,862698412698413 -1 -1 -1 -1 -1 1 
0,784545454545455 0,588421052631579 -0,592 0,637301587301587 0,851587301587302 -1 -1 1 -1 -1 -1 
0,736363636363636 0,543157894736842 -0,808 0,565873015873016 0,78015873015873 -1 -1 -1 -1 -1 -1 
0,779090909090909 0,507368421052632 -0,712 0,548412698412698 0,762698412698413 -0,984 -1 1 -1 -1 1 
0,851818181818182 0,507368421052632 -0,824 0,651587301587301 0,865873015873016 -0,968 -1 -1 -1 -1 -1 
0,826363636363636 0,517894736842106 -0,648 0,621428571428571 0,835714285714286 -1 -1 1 -1 -1 -1 
0,770909090909091 0,618947368421052 -0,576 0,614285714285714 0,828571428571429 -0,936 -1 -1 -1 -1 -1 
0,861818181818182 0,490526315789474 -0,776 0,68968253968254 0,903968253968254 -0,992 -1 -1 -1 -1 1 
0,81 0,529473684210526 -0,456 0,644444444444444 0,858730158730159 -0,996 -1 -1 -1 -1 1 
0,78 0,533684210526316 -0,264 0,624603174603175 0,838888888888889 -1 -1 -1 -1 -1 -1 
0,798181818181818 0,471578947368421 -0,288 0,621428571428571 0,835714285714286 -0,86 -1 1 -1 -1 -1 
0,772727272727273 0,44 -0,184 0,596031746031746 0,81031746031746 -0,936 -1 1 -1 -1 -1 
0,785454545454546 0,515789473684211 -0,552 0,617460317460317 0,831746031746032 -0,936 -1 1 -1 -1 1 
0,779090909090909 0,573684210526316 -0,688 0,588888888888889 0,803174603174603 -1 -1 -1 -1 -1 -1 
0,783636363636364 0,530526315789473 -0,752 0,571428571428571 0,785714285714286 -1 -1 -1 -1 -1 -1 
0,766363636363636 0,569473684210527 -0,44 0,581746031746032 0,796031746031746 -1 -1 1 -1 -1 -1 
0,736363636363636 0,634736842105263 -0,88 0,532539682539683 0,746825396825397 -1 -1 -1 -1 -1 -1 
0,766363636363636 0,569473684210527 -0,44 0,581746031746032 0,796031746031746 -1 -1 1 -1 -1 -1 
0,736363636363636 0,634736842105263 -0,88 0,532539682539683 0,746825396825397 -1 -1 -1 -1 -1 -1 
0,772727272727273 0,613684210526315 -0,768 0,53015873015873 0,744444444444444 -1 -1 -1 -1 -1 -1 
0,840909090909091 0,577894736842105 -0,672 0,617460317460317 0,831746031746032 -0,796 -1 1 -1 -1 1 
0,848181818181818 0,547368421052632 -0,768 0,63968253968254 0,853968253968254 -0,952 -1 1 -1 -1 1 
0,694545454545455 0,575789473684211 -0,728 0,53015873015873 0,744444444444444 -1 -1 -1 -1 -1 -1 
0,747272727272727 0,55578947368421 -0,672 0,537301587301587 0,751587301587302 -1 -1 -1 -1 -1 -1 
0,784545454545455 0,552631578947368 -0,44 0,603968253968254 0,818253968253968 -1 -1 -1 -1 -1 -1 
0,762727272727273 0,593684210526316 -0,592 0,553174603174603 0,767460317460318 -1 -1 -1 -1 -1 -1 
0,754545454545455 0,577894736842105 -0,92 0,574603174603175 0,788888888888889 -1 -1 -1 -1 -1 -1 
0,754545454545455 0,577894736842105 -0,92 0,574603174603175 0,788888888888889 -1 -1 -1 -1 -1 -1 
0,773636363636364 0,553684210526316 -0,536 0,584126984126984 0,798412698412698 -0,86 -1 1 -1 -1 -1 
0,718181818181818 0,570526315789474 -0,456 0,526984126984127 0,741269841269841 -1 -1 -1 -1 -1 -1 
0,701818181818182 0,586315789473685 -0,608 0,524603174603175 0,738888888888889 -1 -1 -1 -1 -1 -1 
0,712727272727273 0,582105263157894 -0,536 0,548412698412698 0,762698412698413 -1 -1 -1 -1 -1 -1 
0,762727272727273 0,593684210526316 -0,592 0,553174603174603 0,767460317460318 -1 -1 -1 -1 -1 -1 
0,754545454545455 0,577894736842105 -0,92 0,574603174603175 0,788888888888889 -1 -1 -1 -1 -1 -1 
0,773636363636364 0,553684210526316 -0,536 0,584126984126984 0,798412698412698 -0,86 -1 1 -1 -1 -1 
0,718181818181818 0,570526315789474 -0,456 0,526984126984127 0,741269841269841 -1 -1 -1 -1 -1 -1 
0,701818181818182 0,586315789473685 -0,608 0,524603174603175 0,738888888888889 -1 -1 -1 -1 -1 -1 
0,729090909090909 0,610526315789474 -0,776 0,535714285714286 0,75 -1 -1 -1 -1 -1 -1 
0,737272727272727 0,570526315789474 -0,672 0,553968253968254 0,768253968253968 -0,984 -1 1 -1 -1 -1 
0,743636363636364 0,587368421052631 -0,576 0,558730158730159 0,773015873015873 -1 -1 -1 -1 -1 -1 
0,739090909090909 0,612631578947369 -0,808 0,557142857142857 0,771428571428571 -1 -1 -1 -1 -1 -1 
0,781818181818182 0,605263157894737 -0,92 0,591269841269841 0,805555555555556 -1 -1 -1 -1 -1 -1 
0,741818181818182 0,393684210526316 -0,376 0,576984126984127 0,791269841269841 -0,984 -1 1 -1 -1 -1 
0,748181818181818 0,429473684210526 -0,672 0,56984126984127 0,784126984126984 -0,888 -1 1 -1 -1 1 
0,731818181818182 0,494736842105263 -0,632 0,548412698412698 0,762698412698413 -1 -1 -1 -1 -1 1 
0,731818181818182 0,529473684210526 -0,672 0,515873015873016 0,73015873015873 -1 -1 -1 -1 -1 -1 
0,807272727272727 0,490526315789474 -0,688 0,658730158730159 0,873015873015873 -1 -1 -1 -1 -1 -1 
0,728181818181818 0,471578947368421 -0,864 0,542857142857143 0,757142857142857 -1 -1 -1 -1 -1 -1 
0,737272727272727 0,512631578947369 -0,44 0,603174603174603 0,817460317460317 -1 -1 -1 -1 -1 -1 
0,789090909090909 0,551578947368421 -0,584 0,588888888888889 0,803174603174603 -1 -1 -1 -1 -1 -1 
0,780909090909091 0,536842105263158 -0,632 0,585714285714286 0,8 -1 -1 1 -1 -1 -1 
0,724545454545455 0,545263157894736 -0,632 0,541269841269841 0,755555555555556 -1 -1 -1 -1 -1 -1 
0,724545454545455 0,545263157894736 -0,632 0,541269841269841 0,755555555555556 -1 -1 -1 -1 -1 -1 
0,789090909090909 0,492631578947368 -0,8 0,612698412698413 0,826984126984127 -1 -1 -1 -1 -1 -1 
0,770909090909091 0,503157894736842 -0,648 0,623015873015873 0,837301587301587 -0,968 -1 -1 -1 -1 -1 
0,786363636363636 0,550526315789473 -0,848 0,614285714285714 0,828571428571429 -1 -1 -1 -1 -1 -1 
0,816363636363636 0,553684210526316 -0,808 0,6 0,814285714285714 -0,984 -1 1 -1 -1 -1 
0,821818181818182 0,506315789473685 -0,608 0,642857142857143 0,857142857142857 -0,748 -1 1 -1 -1 1 
0,761818181818182 0,548421052631579 -0,848 0,585714285714286 0,8 -1 -1 -1 -1 -1 -1 
0,781818181818182 0,537894736842106 -0,904 0,582539682539683 0,796825396825397 -1 -1 -1 -1 -1 -1 
0,812727272727273 0,513684210526315 -0,768 0,605555555555556 0,81984126984127 -0,984 -1 1 -1 -1 1 
0,825454545454545 0,474736842105263 -0,472 0,655555555555556 0,86984126984127 -0,796 -1 1 -1 -1 1 
0,805454545454545 0,508421052631578 -0,464 0,646825396825397 0,861111111111111 -0,936 -1 1 -1 -1 -1 
0,800909090909091 0,524210526315789 -0,472 0,635714285714286 0,85 -0,86 -1 1 -1 -1 -1 
0,803636363636364 0,546315789473684 -0,664 0,646031746031746 0,86031746031746 -0,968 -1 1 -1 -1 -1 
0,801818181818182 0,566315789473684 -0,688 0,608730158730159 0,823015873015873 -1 -1 -1 -1 -1 1 
0,811818181818182 0,527368421052632 -0,688 0,631746031746032 0,846031746031746 -0,512 -1 1 -1 -1 1 
0,815454545454545 0,542105263157895 -0,576 0,642857142857143 0,857142857142857 -1 -1 -1 -1 -1 1 
0,810909090909091 0,539999999999999 -0,824 0,635714285714286 0,85 -1 1 -1 -1 -1 1 
0,81 0,545263157894736 -0,784 0,635714285714286 0,85 -0,92 -1 1 -1 -1 1 
0,815454545454545 0,575789473684211 -0,768 0,642857142857143 0,857142857142857 -0,888 -1 -1 1 -1 1 
0,795454545454545 0,601052631578948 -0,752 0,621428571428571 0,835714285714286 -0,984 -1 -1 -1 -1 1 
0,717272727272727 0,471578947368421 -0,264 0,568253968253968 0,782539682539683 -0,992 -1 1 -1 -1 -1 
0,738181818181818 0,518947368421052 -0,768 0,564285714285714 0,778571428571429 -1 -1 1 -1 -1 -1 
0,73 0,54421052631579 -0,904 0,576984126984127 0,791269841269841 -1 -1 -1 -1 -1 -1 
0,797272727272727 0,533684210526316 -0,888 0,568253968253968 0,782539682539683 -0,952 -1 1 -1 -1 -1 
0,823636363636364 0,498947368421052 -0,72 0,646031746031746 0,86031746031746 -0,828 -1 1 -1 -1 1 
0,79 0,543157894736842 -0,728 0,576984126984127 0,791269841269841 -1 -1 -1 -1 -1 -1 
0,861818181818182 0,537894736842106 -0,472 0,7 0,914285714285714 -1 -1 -1 -1 -1 -1 
0,793636363636364 0,56421052631579 -0,744 0,635714285714286 0,85 -1 -1 -1 -1 -1 -1 
0,823636363636364 0,525263157894737 -0,56 0,6 0,814285714285714 -0,984 -1 1 -1 -1 -1 
0,756363636363636 0,565263157894737 -0,536 0,56984126984127 0,784126984126984 -1 -1 -1 -1 -1 -1 
0,820909090909091 0,430526315789473 -0,712 0,648412698412698 0,862698412698413 -0,988 1 1 -1 -1 -1 
0,819090909090909 0,438947368421053 -0,352 0,632539682539683 0,846825396825397 -0,748 -1 1 -1 -1 1 
0,784545454545455 0,502105263157895 -0,312 0,592857142857143 0,807142857142857 -0,936 -1 1 -1 -1 -1 
0,735454545454545 0,588421052631579 -0,536 0,571428571428571 0,785714285714286 -0,856 -1 1 -1 -1 -1 
0,720909090909091 0,573684210526316 -0,568 0,53015873015873 0,744444444444444 -0,956 1 1 -1 -1 -1 
0,79 0,517894736842106 -0,664 0,571428571428571 0,785714285714286 -1 -1 -1 -1 -1 -1 
0,831818181818182 0,505263157894737 -0,696 0,626984126984127 0,841269841269841 -1 1 -1 -1 -1 -1 
0,857272727272727 0,515789473684211 -0,944 0,653174603174603 0,867460317460317 -1 -1 -1 -1 -1 -1 
0,863636363636364 0,484210526315789 -0,536 0,7 0,914285714285714 -1 -1 -1 -1 -1 -1 
0,846363636363636 0,523157894736843 -0,584 0,662698412698413 0,876984126984127 -0,82 -1 1 -1 -1 1 
0,812727272727273 0,537894736842106 -0,688 0,628571428571429 0,842857142857143 -1 -1 -1 -1 -1 -1 
0,78 0,514736842105263 -0,728 0,61984126984127 0,834126984126984 -1 -1 -1 -1 -1 -1 
0,829090909090909 0,458947368421053 -0,776 0,592857142857143 0,807142857142857 -0,876 -1 -1 -1 -1 1 
0,786363636363636 0,467368421052631 -0,632 0,61031746031746 0,824603174603175 -0,984 -1 -1 -1 -1 -1 
0,756363636363636 0,508421052631578 -0,736 0,546825396825397 0,761111111111111 -1 -1 -1 -1 -1 -1 
0,648181818181818 0,575789473684211 -0,24 0,496825396825397 0,711111111111111 -0,932 -1 1 -1 -1 -1 
0,607272727272727 0,645263157894736 -0,368 0,482539682539682 0,696825396825397 -1 -1 -1 -1 -1 -1 
0,663636363636364 0,633684210526316 -0,776 0,485714285714286 0,7 -1 -1 -1 -1 -1 -1 
0,75 0,531578947368421 -0,632 0,512698412698413 0,726984126984127 -1 -1 -1 -1 -1 -1 
0,806363636363636 0,495789473684211 -0,648 0,653968253968254 0,868253968253968 -1 -1 -1 -1 -1 -1 
0,807272727272727 0,510526315789474 -0,576 0,648412698412698 0,862698412698413 -1 -1 1 -1 -1 1 
0,776363636363636 0,494736842105263 -0,768 0,603174603174603 0,817460317460317 -0,968 -1 1 -1 -1 -1 
0,765454545454546 0,46421052631579 -0,616 0,631746031746032 0,846031746031746 -0,968 -1 1 -1 -1 -1 
0,735454545454545 0,471578947368421 -0,392 0,585714285714286 0,8 -0,976 -1 1 -1 -1 -1 
0,693636363636364 0,481052631578948 -0,344 0,571428571428571 0,785714285714286 -0,976 -1 1 -1 -1 -1 
0,730909090909091 0,44421052631579 -0,664 0,562698412698413 0,776984126984127 -1 -1 -1 -1 -1 -1 
0,723636363636364 0,421052631578947 -0,648 0,555555555555556 0,76984126984127 -0,904 -1 1 -1 -1 -1 
0,705454545454545 0,395789473684211 -0,72 0,48968253968254 0,703968253968254 -1 -1 -1 -1 -1 -1 
0,783636363636364 0,389473684210526 -0,504 0,634126984126984 0,848412698412699 -1 -1 -1 -1 -1 -1 
0,794545454545455 0,381052631578948 -0,432 0,61031746031746 0,824603174603175 -0,828 -1 1 -1 -1 1 
0,675454545454545 0,398947368421052 -0,536 0,492857142857143 0,707142857142857 -0,98 -1 -1 -1 -1 -1 
0,736363636363636 0,36 -0,2 0,596825396825397 0,811111111111111 -1 -1 1 -1 -1 -1 
0,787272727272727 0,461052631578947 -0,664 0,548412698412698 0,762698412698413 -1 -1 1 -1 -1 1 
0,806363636363636 0,424210526315789 -0,592 0,628571428571429 0,842857142857143 -0,968 -1 1 -1 -1 1 
0,786363636363636 0,424210526315789 0,2 0,603174603174603 0,817460317460317 -1 -1 1 -1 -1 -1 
0,798181818181818 0,417894736842106 -0,424 0,623015873015873 0,837301587301587 -1 -1 -1 -1 -1 -1 
0,812727272727273 0,421052631578947 -0,624 0,623015873015873 0,837301587301587 -0,968 -1 1 -1 -1 -1 
0,795454545454545 0,458947368421053 -0,28 0,612698412698413 0,826984126984127 -0,984 -1 1 1 -1 -1 
0,778181818181818 0,470526315789474 -0,6 0,594444444444444 0,808730158730159 -1 -1 -1 -1 -1 -1 
0,804545454545455 0,447368421052632 -0,704 0,576984126984127 0,791269841269841 -0,652 1 1 -1 -1 1 
0,759090909090909 0,388421052631579 -0,448 0,564285714285714 0,778571428571429 -0,988 -1 -1 -1 -1 1 
0,727272727272727 0,366315789473684 -0,496 0,525396825396825 0,73968253968254 -1 1 -1 -1 -1 -1 
0,76 0,45578947368421 -0,44 0,508730158730159 0,723015873015873 -0,904 1 1 -1 -1 -1 
0,756363636363636 0,52 -0,168 0,594444444444444 0,808730158730159 -0,952 -1 1 -1 -1 -1 
0,745454545454545 0,523157894736843 -0,264 0,56984126984127 0,784126984126984 -0,988 -1 1 -1 -1 1 
0,752727272727273 0,487368421052631 -0,536 0,603968253968254 0,818253968253968 -0,968 -1 1 -1 -1 -1 
0,788181818181818 0,461052631578947 -0,608 0,621428571428571 0,835714285714286 -0,976 -1 1 -1 -1 -1 
0,795454545454545 0,489473684210526 -0,584 0,608730158730159 0,823015873015873 -0,976 -1 1 -1 -1 -1 
0,840909090909091 0,43578947368421 -0,496 0,667460317460317 0,881746031746032 -0,48 -1 1 -1 -1 1 
0,773636363636364 0,518947368421052 -0,504 0,573015873015873 0,787301587301587 -0,92 -1 1 -1 -1 -1 
0,736363636363636 0,385263157894737 0,112 0,581746031746032 0,796031746031746 -0,992 -1 1 -1 -1 -1 
0,731818181818182 0,378947368421053 0,0640000000000001 0,573015873015873 0,787301587301587 -0,812 -1 1 -1 -1 -1 
0,691818181818182 0,445263157894736 0,0720000000000001 0,565873015873016 0,78015873015873 -0,928 -1 1 -1 -1 -1 
0,69 0,506315789473685 -0,488 0,548412698412698 0,762698412698413 -1 -1 -1 -1 -1 -1 
0,742727272727273 0,45578947368421 -0,096 0,605555555555556 0,81984126984127 -0,98 -1 1 -1 -1 -1 
0,72 0,595789473684211 -0,664 0,505555555555556 0,71984126984127 -1 -1 -1 -1 -1 -1 
0,804545454545455 0,558947368421053 -0,52 0,608730158730159 0,823015873015873 -0,876 -1 1 1 -1 1 
0,812727272727273 0,581052631578948 -0,504 0,638888888888889 0,853174603174603 -0,74 1 -1 -1 -1 -1 
0,809090909090909 0,557894736842105 -0,632 0,585714285714286 0,8 -1 -1 1 -1 -1 -1 
0,844545454545455 0,558947368421053 -0,56 0,668253968253968 0,882539682539683 -1 -1 -1 -1 -1 -1 
0,65 0,549473684210527 -0,456 0,534126984126984 0,748412698412698 -1 -1 -1 -1 -1 -1 
0,686363636363636 0,545263157894736 -0,672 0,553968253968254 0,768253968253968 -1 -1 -1 -1 -1 -1 
0,790909090909091 0,533684210526316 -0,672 0,592857142857143 0,807142857142857 -0,888 -1 1 -1 -1 1 
0,809090909090909 0,542105263157895 -0,712 0,626984126984127 0,841269841269841 -0,992 -1 1 -1 -1 -1 
0,796363636363636 0,551578947368421 -0,592 0,605555555555556 0,81984126984127 -1 1 -1 -1 -1 -1 
0,735454545454545 0,48 -0,608 0,524603174603175 0,738888888888889 -1 1 -1 -1 -1 -1 
0,76 0,496842105263158 -0,44 0,588888888888889 0,803174603174603 -0,976 1 1 -1 -1 -1 
0,761818181818182 0,526315789473684 -0,376 0,581746031746032 0,796031746031746 -0,976 -1 -1 -1 -1 -1 
0,802727272727273 0,547368421052632 -0,376 0,618253968253968 0,832539682539683 -1 -1 -1 -1 -1 -1 
0,842727272727273 0,546315789473684 -0,672 0,6 0,814285714285714 -1 -1 1 -1 -1 -1 
0,819090909090909 0,546315789473684 -0,336 0,625396825396825 0,83968253968254 -0,884 -1 -1 -1 -1 -1 
0,778181818181818 0,561052631578947 -0,264 0,624603174603175 0,838888888888889 -1 -1 -1 -1 -1 -1 
0,829090909090909 0,53578947368421 -0,424 0,632539682539683 0,846825396825397 -1 -1 -1 -1 -1 -1 
0,873636363636364 0,528421052631579 -0,536 0,66984126984127 0,884126984126984 -0,984 -1 1 -1 -1 -1 
0,879090909090909 0,560000000000001 -0,512 0,685714285714286 0,9 -1 1 -1 -1 -1 1 
0,771818181818182 0,534736842105263 -0,552 0,612698412698413 0,826984126984127 -1 -1 -1 -1 -1 -1 
0,753636363636364 0,493684210526316 -0,36 0,584126984126984 0,798412698412698 -1 -1 1 -1 -1 -1 
0,694545454545455 0,482105263157894 -0,168 0,548412698412698 0,762698412698413 -0,904 -1 1 -1 -1 -1 
0,692727272727273 0,501052631578948 -0,4 0,523015873015873 0,737301587301587 -0,952 -1 1 -1 -1 -1 
0,684545454545455 0,533684210526316 -0,36 0,538888888888889 0,753174603174603 -1 -1 1 -1 -1 -1 
0,739090909090909 0,54421052631579 -0,512 0,681746031746032 0,896031746031746 -1 -1 -1 -1 -1 -1 
0,740909090909091 0,541052631578947 -0,536 0,634126984126984 0,848412698412699 -1 -1 -1 -1 -1 -1 
0,790909090909091 0,560000000000001 -0,672 0,648412698412698 0,862698412698413 -0,904 -1 -1 -1 -1 1 
0,82 0,588421052631579 -0,632 0,655555555555556 0,86984126984127 -1 -1 -1 -1 -1 1 
0,832727272727273 0,605263157894737 -0,672 0,675396825396825 0,88968253968254 -1 -1 -1 -1 -1 1 
0,788181818181818 0,575789473684211 -0,472 0,621428571428571 0,835714285714286 -0,94 -1 1 -1 -1 1 
0,833636363636364 0,524210526315789 -0,536 0,673015873015873 0,887301587301587 -0,896 -1 -1 -1 -1 -1 
0,812727272727273 0,539999999999999 -0,496 0,632539682539683 0,846825396825397 -1 -1 -1 -1 -1 -1 
0,768181818181818 0,545263157894736 -0,632 0,641269841269841 0,855555555555556 -1 -1 -1 -1 -1 -1 
0,829090909090909 0,537894736842106 -0,336 0,696825396825397 0,911111111111111 -1 -1 -1 -1 -1 -1 
