121950 99999  19860921    53.4  8    51.0  8  1012.9  8  9999.9  0    7.3  8   11.7  8   15.5  999.9    59.0    49.1   0.00G 999.9  010000 
121950 99999  19860922    50.4  8    46.1  7  1007.8  8  9999.9  0    6.2  8   15.8  7   25.3  999.9    56.5    44.4*  0.00G 999.9  010000 
121950 99999  19860923    47.5  8    41.1  8  1012.5  8  9999.9  0    7.8  8    6.9  7   17.5  999.9    56.3    40.1   0.00A 999.9  000000 
121950 99999  19860924    44.5  8    40.3  8  1014.3  8  9999.9  0   10.9  8    5.1  8    7.8  999.9    51.4    39.6*  0.04C 999.9  010000 
121950 99999  19860925    40.8  8    34.1  8  1016.9  8  9999.9  0   10.9  8    6.1  8   15.5  999.9    52.5    32.0   0.01E 999.9  010000 
121950 99999  19860926    38.1  8    30.8  8  1017.2  8  9999.9  0   11.7  8    5.3  8    9.7  999.9    48.6    29.8*  0.00H 999.9  010000 
121950 99999  19860927    36.5  8    27.3  8  1026.6  8  9999.9  0   12.4  8    4.2  7    7.8  999.9    49.8    24.3   0.00D 999.9  000000 
121950 99999  19860928    40.0  7    28.3  7  1034.8  6  9999.9  0   12.4  7    4.7  7    7.8  999.9    47.3    25.5   0.00D 999.9  000000 
121950 99999  19860929    48.2  7    43.7  7  1019.1  6  9999.9  0    5.0  7   13.9  7   19.4  999.9    54.7    40.3   0.04G 999.9  010000 
121950 99999  19860930    48.4  7    40.1  7  1024.1  7  9999.9  0   11.5  7   10.3  7   15.5  999.9    55.0    43.5   0.00G 999.9  000000 
121950 99999  19861001    51.4  8    48.1  8  1023.5  8  9999.9  0    3.7  8    8.5  8   15.5  999.9    55.9    45.0   0.00H 999.9  010000 
121950 99999  19861002    53.8  8    48.4  8  1017.6  8  9999.9  0    5.8  8    9.2  8   11.7  999.9    66.6    46.2   0.00H 999.9  110000 
121950 99999  19861003    48.2  8    43.4  8  1013.3  8  9999.9  0    5.7  8   12.4  8   15.5  999.9    52.0    41.7*  0.00D 999.9  000000 
121950 99999  19861004    42.9  7    38.0  7  1014.0  7  9999.9  0   10.7  7   18.3  7   31.1  999.9    51.1    37.0   0.08B 999.9  010000 
121950 99999  19861005    41.1  8    33.7  8  1024.8  8  9999.9  0   12.4  8    7.5  7   11.7  999.9    50.0    34.3   0.00D 999.9  000000 
121950 99999  19861006    37.7  8    30.4  8  1025.4  8  9999.9  0   10.1  8    3.6  8    7.8  999.9    48.2    24.8   0.00D 999.9  000000 
121950 99999  19861007    47.8  7    44.9  7  1014.6  7  9999.9  0    7.7  6    8.3  7    9.7  999.9    52.9    41.2   0.00H 999.9  010000 
121950 99999  19861008    47.9  8    44.3  8  1013.3  8  9999.9  0    6.6  8    9.0  8   15.5  999.9    54.0    39.6* 99.99  999.9  010000 
121950 99999  19861009    40.3  8    34.0  8  1020.6  8  9999.9  0   12.4  8    5.8  8    9.7  999.9    47.5    29.1   0.00D 999.9  000000 
121950 99999  19861010    46.6  8    45.1  7  1018.4  7  9999.9  0    5.0  8    6.1  8    7.8  999.9    51.4*   39.9   0.00H 999.9  010000 
121950 99999  19861011    51.5  8    47.4  8  1018.1  8  9999.9  0    2.5  8    9.7  8   15.5  999.9    61.7    47.5   0.00D 999.9  100000 
121950 99999  19861012    46.1  8    40.9  8  1030.8  8  9999.9  0   10.9  8    6.3  8   13.6  999.9    51.8    35.4*  0.00D 999.9  000000 
121950 99999  19861013    41.1  9    37.0  8  1036.7  9  9999.9  0    3.7  9    2.8  9    5.8  999.9    57.4    29.8   0.00D 999.9  000000 
121950 99999  19861014    46.2 10    34.9  8  1032.1 10  9999.9  0    4.7 10    6.8 10   17.5  999.9    60.3    35.6   0.00D 999.9  000000 
121950 99999  19861015    47.1  8    34.8  8  1029.0  8  9999.9  0    4.3  8    4.1  8    5.8  999.9    59.9    30.9   0.00D 999.9  000000 
121950 99999  19861016    46.3  8    34.2  8  1027.8  7  9999.9  0    3.4  8    3.6  8    7.8  999.9    61.3    33.8   0.00D 999.9  000000 
121950 99999  19861017    42.5  9    38.9  8  1024.8  9  9999.9  0    3.0  9    3.9  9    5.8  999.9    51.8    32.5   0.00B 999.9  100000 
121950 99999  19861018    42.9  9    39.5  8  1024.6  9  9999.9  0    5.8  9    3.2  9    5.8  999.9    46.6    39.6   0.00D 999.9  000000 
121950 99999  19861019    46.0  9    40.5  8  1012.3  9  9999.9  0    3.2  9    9.3  9   13.6  999.9    58.5*   36.3   0.00D 999.9  000000 
121950 99999  19861020    41.3  8    39.2  8  1003.2  8  9999.9  0    2.9  8    5.6  8    7.8  999.9    44.8    39.0   0.00H 999.9  010000 
121950 99999  19861021    41.4  8    39.4  7   988.0  8  9999.9  0    8.2  8   14.8  8   25.3  999.9    45.7    37.4   0.12G 999.9  010000 
121950 99999  19861022    42.7  7    41.6  7   994.8  7  9999.9  0    4.1  7   11.1  7   21.4  999.9    45.3    37.6   0.00G 999.9  010000 
121950 99999  19861023    46.3  8    43.5  8   992.8  8  9999.9  0    7.9  8    7.5  8    9.7  999.9    49.5    42.8* 99.99  999.9  010000 
121950 99999  19861024    39.9 10    37.4  8  1007.9 10  9999.9  0    8.7 10    9.5 10   13.6  999.9    43.2    37.4   0.04G 999.9  010000 
121950 99999  19861025    38.2  9    34.6  8  1016.0  9  9999.9  0    4.8  9    5.2  9    7.8  999.9    47.3    32.5   0.00G 999.9  000000 
121950 99999  19861026    40.3  9    32.9  8  1020.7  9  9999.9  0    6.9  9    7.1  9    9.7  999.9    52.2*   32.9   0.00D 999.9  000000 
121950 99999  19861027    38.7  8    34.9  8  1029.2  7  9999.9  0    4.1  7    5.8  8    9.7  999.9    44.6    33.1   0.00D 999.9  000000 
121950 99999  19861028    38.6  8    36.2  8  1030.5  8  9999.9  0    2.3  8    3.6  8    5.8  999.9    45.7    32.9   0.00D 999.9  000000 
121950 99999  19861029    37.8 10    35.6  8  1021.8  9  9999.9  0    1.6 10    7.2 10   11.7  999.9    46.8    28.8   0.00D 999.9  110000 
121950 99999  19861030    40.7  9    37.3  8  1022.7  9  9999.9  0    7.1  9    3.9  9    5.8  999.9    49.1    31.6*  0.00H 999.9  010000 
121950 99999  19861031    38.9  7    36.0  7  1017.7  7  9999.9  0    3.3  7    6.4  7    9.7  999.9    45.0    29.8   0.00C 999.9  000000 
121950 99999  19870921    46.5  8    41.5  8  1018.6  8  9999.9  0    8.5  8    8.5  8   13.6  999.9    54.1    39.2   0.00D 999.9  000000 
121950 99999  19870922    48.3  7    40.7  7  1021.3  7  9999.9  0    6.8  7    5.3  7    9.7  999.9    58.3    31.3*  0.00D 999.9  100000 
121950 99999  19870923    57.1  8    55.0  8  1011.3  8  9999.9  0    3.1  8    3.9  8    7.8  999.9    64.4    49.6   0.00E 999.9  010000 
121950 99999  19870924    58.1  8    56.3  8  1001.0  8  9999.9  0    2.3  8    9.5  8   17.5  999.9    65.7    50.9*  0.87F 999.9  010010 
121950 99999  19870925    51.6  8    49.2  8  1003.1  8  9999.9  0    5.1  8    9.7  8   11.7  999.9    57.7    46.9*  0.05F 999.9  010000 
121950 99999  19870926    49.2  8    44.7  8  1006.5  8  9999.9  0    8.1  8    7.5  8   13.6  999.9    58.3    42.8   0.02C 999.9  000000 
121950 99999  19870927    45.5  8    41.5  8  1006.2  8  9999.9  0    4.2  8    8.0  8   15.5  999.9    56.8    35.6   0.04E 999.9  100000 
121950 99999  19870928    44.2  8    40.8  8  1009.3  8  9999.9  0    8.9  8   11.2  8   15.5  999.9    50.2    41.0*  0.12F 999.9  010000 
121950 99999  19870929    45.3  8    41.3  8  1017.8  8  9999.9  0    9.3  8    6.8  8   11.7  999.9    52.2    40.3   0.02E 999.9  010000 
121950 99999  19870930    45.1  8    41.9  8  1027.7  8  9999.9  0    8.1  8    4.9  8    5.8  999.9    50.9    40.1   0.00D 999.9  000000 
121950 99999  19871001    43.3  9    37.4  8  1034.5  9  9999.9  0    8.6  9    5.0  9    7.8  999.9    50.2    37.8*  0.00D 999.9  000000 
121950 99999  19871002    42.5  8    38.7  7  1040.3  8  9999.9  0    6.2  8    0.5  8    1.9  999.9    54.1    32.0   0.00D 999.9  000000 
121950 99999  19871003    41.9  8    39.5  8  1040.5  8  9999.9  0    3.6  8    1.5  8    5.8  999.9    52.3    32.5   0.00D 999.9  100000 
121950 99999  19871004    40.0  8    38.4  8  1035.4  8  9999.9  0    1.3  8    1.2  8    3.9  999.9    51.4    34.9*  0.00G 999.9  100000 
121950 99999  19871005    44.9  9    36.7  8  1028.4  9  9999.9  0    6.3  9    3.7  9    7.8  999.9    57.2    28.9   0.00D 999.9  100000 
121950 99999  19871006    51.6  8    41.5  8  1016.0  8  9999.9  0    6.5  8    8.7  8   13.6  999.9    62.6    40.6   0.00D 999.9  000000 
121950 99999  19871007    53.8  7    46.1  7  1012.2  7  9999.9  0    6.2  7    7.8  7   11.7  999.9    58.1    47.1*  0.02E 999.9  000000 
121950 99999  19871008    51.9  8    47.3  8  1012.0  8  9999.9  0    3.7  8    7.0  8   15.5  999.9    62.4    41.4   0.00D 999.9  100000 
121950 99999  19871009    50.0  8    45.0  8  1016.7  8  9999.9  0    8.1  8    6.8  8   13.6  999.9    58.3    37.2*  0.08E 999.9  010000 
121950 99999  19871010    43.8  8    42.0  8  1027.0  8  9999.9  0    3.4  8    4.1  8    9.7  999.9    52.9*   31.8   0.00D 999.9  100000 
121950 99999  19871011    53.8  8    46.2  8  1020.0  8  9999.9  0    5.7  8   10.3  7   13.6  999.9    61.9    47.1   0.00D 999.9  000000 
121950 99999  19871012    50.0  8    37.5  8  1016.3  6  9999.9  0    7.0  8   13.6  8   21.4  999.9    59.0    42.8   0.00D 999.9  000000 
121950 99999  19871013    45.9  9    39.4  8  1015.4  9  9999.9  0    6.2  9   13.2  9   17.5  999.9    51.8    40.1   0.00D 999.9  000000 
121950 99999  19871014    44.8  9    43.8  8  1016.8  9  9999.9  0    1.4  9    6.0  9    9.7  999.9    48.9    43.3*  0.10F 999.9  110000 
121950 99999  19871015    50.0  8    49.0  8  1017.6  8  9999.9  0    2.2  8    6.6  8   11.7  999.9    52.5    45.1   0.00F 999.9  110000 
121950 99999  19871016    53.9  8    49.5  8  1018.7  8  9999.9  0    6.2  8   11.4  8   15.5  999.9    60.8    49.6   0.00D 999.9  000000 
121950 99999  19871017    51.4  8    47.6  8  1024.4  8  9999.9  0    3.4  8    8.7  8   11.7  999.9    58.8    47.1   0.00D 999.9  000000 
121950 99999  19871018    46.2  8    43.6  8  1025.3  8  9999.9  0    4.0  8    2.9  8    5.8  999.9    53.8    41.7   0.00D 999.9  100000 
121950 99999  19871019    42.3  8    39.3  8  1029.1  8  9999.9  0    4.8  8    3.6  8    7.8  999.9    51.1    33.6   0.00D 999.9  000000 
121950 99999  19871020    40.7  8    37.1  8  1033.5  8  9999.9  0    3.9  8    3.9  8    5.8  999.9    52.3    32.0   0.00D 999.9  000000 
121950 99999  19871021    41.3  7    36.4  7  1032.8  6  9999.9  0    2.5  7    6.4  7    9.7  999.9    48.6    36.3   0.00D 999.9  000000 
121950 99999  19871022    40.6  8    32.8  8  1030.0  8  9999.9  0    4.8  8    4.6  8    7.8  999.9    52.2    30.0   0.00D 999.9  000000 
121950 99999  19871023    43.7  9    37.5  9  1027.4  9  9999.9  0    3.7  9    5.0  9    5.8  999.9    50.0    34.5   0.00D 999.9  000000 
121950 99999  19871024    43.7  8    40.9  8  1025.4  8  9999.9  0    4.1  8    6.1  8    7.8  999.9    45.5*   40.3   0.16E 999.9  110000 
121950 99999  19871025    46.1  8    44.5  8  1025.7  8  9999.9  0    2.8  8    4.9  8    7.8  999.9    50.7    39.2*  0.16E 999.9  110000 
121950 99999  19871026    43.1  8    40.6  8  1033.0  8  9999.9  0    4.8  8    3.9  8    5.8  999.9    50.7    37.9   0.00D 999.9  000000 
121950 99999  19871027    37.7  8    34.3  8  1042.7  7  9999.9  0    3.8  8    3.6  8    5.8  999.9    43.0    27.7*  0.00D 999.9  100000 
121950 99999  19871028    29.5  8    24.4  8  1044.0  8  9999.9  0    7.0  8    8.5  8   11.7  999.9    37.4    21.2   0.00D 999.9  000000 
121950 99999  19871029    32.9  8    21.9  8  1041.5  8  9999.9  0   12.4  8    7.3  8    9.7  999.9    43.0*   23.9   0.00D 999.9  000000 
121950 99999  19871030    28.9  6    23.1  6  1038.0  6  9999.9  0   12.4  6    3.6  6    3.9  999.9    42.3    20.3   0.00C 999.9  000000 
121950 99999  19871031    30.4  7    23.2  7  1032.3  7  9999.9  0    9.8  7    2.2  7    9.7  999.9    45.3    23.0   0.00D 999.9  000000 
121950 99999  19880921    53.8  7    52.2  7  1015.5  7  9999.9  0    3.0  7    6.7  7    9.7  999.9    55.4*   51.6   0.02E 999.9  010000 
121950 99999  19880922    54.2  9    52.2  8  1018.8  9  9999.9  0    3.3  9    3.9  9    3.9  999.9    58.3    51.8   0.04E 999.9  000000 
121950 99999  19880923    55.6  8    52.5  8  1014.7  8  9999.9  0    4.1  8    5.6  8    7.8  999.9    60.6    51.8   0.00D 999.9  000000 
121950 99999  19880924    55.0  8    48.0  8  1007.8  8  9999.9  0    6.7  8   11.2  8   23.3  999.9    61.2    51.6*  0.06F 999.9  010000 
121950 99999  19880925    51.3  8    44.3  8  1011.0  8  9999.9  0   12.4  8   10.9  8   15.5  999.9    57.4    49.1*  0.08F 999.9  010000 
121950 99999  19880926    51.2  7    47.8  7  1015.5  7  9999.9  0    8.2  7    7.8  7   11.7  999.9    57.9*   41.7   0.04E 999.9  010000 
121950 99999  19880927    55.2  8    48.3  8  1016.3  8  9999.9  0    7.1  8   10.7  8   23.3  999.9    59.7    50.0*  0.12E 999.9  010000 
121950 99999  19880928    59.8  8    52.6  8  1014.9  8  9999.9  0    6.4  8    6.6  8    9.7  999.9    68.9    46.0   0.02E 999.9  010000 
121950 99999  19880929    59.7  7    53.0  7  1012.7  7  9999.9  0    6.0  7    7.2  7   11.7  999.9    66.9    54.1   0.00D 999.9  000000 
121950 99999  19880930    50.5  7    48.0  7  1023.3  7  9999.9  0    3.6  7    3.9  7    3.9  999.9    55.9    47.7*  0.12F 999.9  010000 
121950 99999  19881001    47.5  8    44.9  8  1032.1  8  9999.9  0    4.1  8    5.1  8    7.8  999.9    55.4    42.6*  0.00E 999.9  100000 
121950 99999  19881002    47.0  9    42.2  8  1036.4  9  9999.9  0    9.0  9    1.1  9    3.9  999.9    56.5    39.9*  0.00D 999.9  000000 
121950 99999  19881003    43.0  7    38.4  7  1036.1  7  9999.9  0    7.1  7    0.8  7    3.9  999.9    57.4    32.9   0.00D 999.9  000000 
121950 99999  19881004    48.2  8    41.1  8  1030.0  8  9999.9  0    5.4  8    3.4  8    7.8  999.9    61.0    34.0   0.00D 999.9  100000 
121950 99999  19881005    49.1  8    38.7  8  1022.6  8  9999.9  0    6.2  8    4.9  8    9.7  999.9    63.3    35.4   0.00C 999.9  000000 
121950 99999  19881006    50.8  8    44.2  8  1009.8  8  9999.9  0    3.9  8    6.8  8    9.7  999.9    60.3    40.6   0.00D 999.9  000000 
121950 99999  19881007    49.6  9    45.7  8   997.7  9  9999.9  0    4.5  9    8.5  8   11.7  999.9    54.0    45.0*  0.04E 999.9  010000 
121950 99999  19881008    47.6  7    41.5  7   996.9  6  9999.9  0    8.9  7    8.9  7   15.5  999.9    54.0    41.0   0.00D 999.9  010000 
121950 99999  19881009    50.7  7    43.0  7  1007.5  7  9999.9  0    9.3  7   13.0  7   13.6  999.9    54.5    45.0   0.04E 999.9  000000 
121950 99999  19881010    54.3  8    49.0  8  1009.8  8  9999.9  0    5.9  8    9.2  8   13.6  999.9    63.5    49.5   0.12E 999.9  010000 
121950 99999  19881011    45.6  9    40.6  9  1021.3  9  9999.9  0    6.4  9    3.7  9    7.8  999.9    55.8    37.4   0.00C 999.9  100000 
121950 99999  19881012    44.7  7    41.6  7  1027.2  7  9999.9  0    5.3  7    3.9  7    7.8  999.9    55.6    35.8   0.00D 999.9  100000 
121950 99999  19881013    48.6  8    44.9  8  1026.4  8  9999.9  0    4.7  8    8.7  8    9.7  999.9    55.4    43.9   0.00D 999.9  000000 
121950 99999  19881014    50.3  8    43.0  8  1028.5  8  9999.9  0    6.4  8    9.2  8   15.5  999.9    61.7    42.4   0.00D 999.9  000000 
121950 99999  19881015    49.7  8    42.7  8  1027.8  7  9999.9  0    5.7  8    3.6  7    7.8  999.9    61.5    38.3   0.00D 999.9  000000 
121950 99999  19881016    49.0  8    45.1  8  1029.4  8  9999.9  0    5.6  8    2.7  8    5.8  999.9    56.8    39.9   0.00D 999.9  000000 
121950 99999  19881017    46.8  9    43.1  9  1030.4  8  9999.9  0    5.3  8    5.3  8    7.8  999.9    54.0    41.0   0.00D 999.9  000000 
121950 99999  19881018    43.2  8    36.3  8  1027.7  8  9999.9  0    6.5  8    6.3  8    9.7  999.9    50.9    35.8   0.00D 999.9  000000 
121950 99999  19881019    39.6  8    36.6  8  1029.0  8  9999.9  0    4.5  8    4.4  8    5.8  999.9    48.6    33.4   0.00D 999.9  100000 
121950 99999  19881020    38.1  8    34.3  8  1032.7  8  9999.9  0    5.4  8    3.9  7    7.8  999.9    45.7    31.8*  0.00D 999.9  000000 
121950 99999  19881021    34.9  8    31.1  8  1034.2  8  9999.9  0    4.0  8    1.9  8    3.9  999.9    47.5    26.1   0.00C 999.9  100000 
121950 99999  19881022    33.7  8    27.2  8  1027.2  8  9999.9  0    5.3  8    2.4  8    5.8  999.9    48.4    23.7   0.00D 999.9  000000 
121950 99999  19881023    33.7  8    31.6  8  1015.9  8  9999.9  0    2.7  8    5.3  8   11.7  999.9    43.7*   20.7   0.00D 999.9  100000 
121950 99999  19881024    35.5  7    29.7  7  1013.2  7  9999.9  0    9.5  7    6.9  7   11.7  999.9    45.5*   26.2*  0.12F 999.9  010000 
121950 99999  19881025    29.1  8    21.6  8  1026.5  8  9999.9  0   12.4  8    3.4  8    7.8  999.9    36.3    23.7*  0.00D 999.9  000000 
121950 99999  19881026    26.9  8    20.4  8  1033.6  8  9999.9  0   11.3  8    4.1  8    9.7  999.9    35.8    16.5   0.00D 999.9  000000 
121950 99999  19881027    35.7  8    19.4  8  1019.6  7  9999.9  0    7.4  8   12.6  8   15.5  999.9    43.5*   25.3   0.00D 999.9  000000 
121950 99999  19881028    44.8  8    33.2  8  1015.2  8  9999.9  0    6.2  8    9.0  8   13.6  999.9    50.4    40.1   0.00D 999.9  000000 
121950 99999  19881029    38.0  7    29.6  7  1013.7  7  9999.9  0   10.2  7   12.5  7   17.5  999.9    44.8*   29.3*  0.00B 999.9  000000 
121950 99999  19881030    28.3  8    23.9  8  1018.9  8  9999.9  0   10.5  8   10.4  8   15.5  999.9    32.7    23.0*  0.01E   0.4  001000 
121950 99999  19881031    27.1  8    22.0  8  1018.7  8  9999.9  0    7.9  8    4.1  8    5.8  999.9    33.8    19.4   0.00D 999.9  000000 





























































































































































































































































































































































































































































































































































































































































































































































































































































































