0,327777777777778 0,0944444444444444 0
0,330555555555556 0,116666666666667 0
0,333333333333333 0,0666666666666667 0
0,336111111111111 0,0888888888888889 0
0,338888888888889 0,0722222222222222 0
0,338888888888889 0,0833333333333333 0
0,341666666666667 0,0944444444444444 0
0,341666666666667 0,105555555555556 0
0,344444444444444 0,0777777777777778 0
0,35 0,0833333333333333 0
0,352777777777778 0,105555555555556 0
0,355555555555556 0,0666666666666667 0
0,358333333333333 0,0888888888888889 0
0,361111111111111 0,0666666666666667 0
0,361111111111111 0,0833333333333333 0
0,361111111111111 0,0944444444444444 0
0,363888888888889 0,0888888888888889 0
0,363888888888889 0,105555555555556 0
0,363888888888889 0,116666666666667 0
0,366666666666667 0,0722222222222222 0
0,366666666666667 0,0777777777777778 0
0,366666666666667 0,0944444444444444 0
0,369444444444444 0,0944444444444444 0
0,369444444444444 0,1 0
0,369444444444444 0,116666666666667 0
0,372222222222222 0,0777777777777778 0
0,375 0,1 0
0,377777777777778 0,0777777777777778 0
0,380555555555556 0,1 0
0,383333333333333 0,0722222222222222 0
0,383333333333333 0,0833333333333333 0
0,386111111111111 0,0944444444444444 0
0,386111111111111 0,105555555555556 0
0,388888888888889 0,0666666666666667 0
0,391666666666667 0,0888888888888889 0
0,394444444444444 0,0944444444444444 0
0,397222222222222 0,116666666666667 0
0,383333333333333 0,0888888888888889 0
0,383333333333333 0,0888888888888889 0
0,377777777777778 0,0833333333333333 0
0,338888888888889 0,0666666666666667 0
0,383333333333333 0,0888888888888889 0
0,344444444444444 0,0722222222222222 0
0,383333333333333 0,0888888888888889 0
0,383333333333333 0,0888888888888889 0
0,338888888888889 0,0666666666666667 0
0,344444444444444 0,0722222222222222 0
0,377777777777778 0,0833333333333333 0
0,377777777777778 0,0833333333333333 0
0,344444444444444 0,0722222222222222 0
0,344444444444444 0,0722222222222222 0
0,338888888888889 0,0666666666666667 0
0,377777777777778 0,0833333333333333 0
0,338888888888889 0,0666666666666667 0
0,338888888888889 0,0666666666666667 0
0,377777777777778 0,0833333333333333 0
0,377777777777778 0,0833333333333333 0
0,383333333333333 0,0888888888888889 0
0,383333333333333 0,0888888888888889 0
0,344444444444444 0,0722222222222222 0
0,344444444444444 0,0722222222222222 0
0,383333333333333 0,0888888888888889 0
0,366666666666667 0,0833333333333333 0
0,35 0,0666666666666667 0
0,355555555555556 0,0722222222222222 0
0,35 0,0666666666666667 0
0,35 0,0666666666666667 0
0,366666666666667 0,0833333333333333 0
0,35 0,0666666666666667 0
0,366666666666667 0,0833333333333333 0
0,372222222222222 0,0888888888888889 0
0,35 0,0666666666666667 0
0,372222222222222 0,0888888888888889 0
0,35 0,0666666666666667 0
0,355555555555556 0,0722222222222222 0
0,372222222222222 0,0888888888888889 0
0,372222222222222 0,0888888888888889 0
0,355555555555556 0,0722222222222222 0
0,366666666666667 0,0833333333333333 0
0,366666666666667 0,0833333333333333 0
0,372222222222222 0,0888888888888889 0
0,35 0,0666666666666667 0
0,372222222222222 0,0888888888888889 0
0,35 0,0666666666666667 0
0,366666666666667 0,0833333333333333 0
0,35 0,0666666666666667 0
0,35 0,0666666666666667 0
0,372222222222222 0,0888888888888889 0
0,372222222222222 0,0888888888888889 0
0,366666666666667 0,0833333333333333 0
0,372222222222222 0,0888888888888889 0
0,35 0,0666666666666667 0
0,355555555555556 0,0722222222222222 0
0,338888888888889 0,0666666666666667 0
0,338888888888889 0,0666666666666667 0
0,338888888888889 0,0666666666666667 0
0,338888888888889 0,0666666666666667 0
0,344444444444444 0,0722222222222222 0
0,344444444444444 0,0722222222222222 0
0,377777777777778 0,0833333333333333 0
